0 0 0
25 0 0
50 0 0
75 0 0
100 0 0
125 0 0
150 0 0
175 0 0
200 0 0
225 0 0
250 0 0
275 0 0
300 0 0
325 0 0
350 0 0
375 0 0
400 0 0
425 0 0
450 0 0
475 0 0
500 0 0
525 0 0
550 0 0
575 0 0
600 0 0
625 0 0
650 0 0
675 0 0
700 0 0
725 0 0
750 0 0
775 0 0
800 0 0
825 0 0
850 0 0
875 0 0
900 0 0
925 0 0
950 0 0
975 0 0
1000 0 0
1025 0 0
1050 0 0
1075 0 0
1100 0 0
1125 0 0
1150 0 0
1175 0 0
1200 0 0
1225 0 0
1250 0 0
1275 0 0
1300 0 0
1325 0 0
1350 0 0
1375 0 0
1400 0 0
1425 0 0
1450 0 0
1475 0 0
1500 0 0
1525 0 0
1550 0 0
1575 0 0
1600 0 0
1625 0 0
1650 0 0
1675 0 0
1700 0 0
1725 0 0
1750 0 0
1775 0 0
1800 0 0
1825 0 0
1850 0 0
1875 0 0
1900 0 0
1925 0 0
1950 0 0
1975 0 0
2000 0 0
2025 0 0
2050 0 0
2075 0 0
2100 0 0
2125 0 0
2150 0 0
2175 0 0
2200 0 0
2225 0 0
2250 0 0
2275 0 0
2300 0 0
2325 0 0
2350 0 0
2375 0 0
2400 0 0
2425 0 0
2450 0 0
2475 0 0
2500 0 0
2525 0 0
2550 0 0
2575 0 0
2600 0 0
2625 0 0
2650 0 0
2675 0 0
2700 0 0
2725 0 0
2750 0 0
2775 0 0
2800 0 0
2825 0 0
2850 0 0
2875 0 0
2900 0 0
2925 0 0
2950 0 0
2975 0 0
0 25 0
25 25 2.63671e-95
50 25 3.83559e-91
75 25 4.33695e-87
100 25 3.79917e-83
125 25 2.56969e-79
150 25 1.3374e-75
175 25 5.33723e-72
200 25 1.62746e-68
225 25 3.7785e-65
250 25 6.6563e-62
275 25 8.86715e-59
300 25 8.90374e-56
325 25 6.71884e-53
350 25 3.79995e-50
375 25 1.60703e-47
400 25 5.07283e-45
425 25 1.19384e-42
450 25 2.09368e-40
475 25 2.73726e-38
500 25 2.67143e-36
525 25 1.95085e-34
550 25 1.06971e-32
575 25 4.42443e-31
600 25 1.38822e-29
625 25 3.32633e-28
650 25 6.13287e-27
675 25 8.77302e-26
700 25 9.82299e-25
725 25 8.68771e-24
750 25 6.1253e-23
775 25 3.47415e-22
800 25 1.59905e-21
825 25 6.02202e-21
850 25 1.86972e-20
875 25 4.81846e-20
900 25 1.0368e-19
925 25 1.87185e-19
950 25 2.84655e-19
975 25 3.65644e-19
1000 25 3.97395e-19
1025 25 3.65644e-19
1050 25 2.84655e-19
1075 25 1.87185e-19
1100 25 1.0368e-19
1125 25 4.81846e-20
1150 25 1.86972e-20
1175 25 6.02202e-21
1200 25 1.59905e-21
1225 25 3.47415e-22
1250 25 6.1253e-23
1275 25 8.68771e-24
1300 25 9.82299e-25
1325 25 8.77302e-26
1350 25 6.13287e-27
1375 25 3.32633e-28
1400 25 1.38822e-29
1425 25 4.42443e-31
1450 25 1.06971e-32
1475 25 1.95085e-34
1500 25 2.67143e-36
1525 25 2.73726e-38
1550 25 2.09368e-40
1575 25 1.19384e-42
1600 25 5.07283e-45
1625 25 1.60703e-47
1650 25 3.79995e-50
1675 25 6.71884e-53
1700 25 8.90374e-56
1725 25 8.86715e-59
1750 25 6.6563e-62
1775 25 3.7785e-65
1800 25 1.62746e-68
1825 25 5.33723e-72
1850 25 1.3374e-75
1875 25 2.56969e-79
1900 25 3.79917e-83
1925 25 4.33695e-87
1950 25 3.83559e-91
1975 25 2.63671e-95
2000 25 1.41338e-99
2025 25 5.92611e-104
2050 25 1.94933e-108
2075 25 5.04487e-113
2100 25 1.03006e-117
2125 25 1.66369e-122
2150 25 2.13094e-127
2175 25 2.16977e-132
2200 25 1.76035e-137
2225 25 1.14047e-142
2250 25 5.91259e-148
2275 25 2.45781e-153
2300 25 8.20768e-159
2325 25 2.20586e-164
2350 25 4.77927e-170
2375 25 8.36144e-176
2400 25 1.18305e-181
2425 25 1.35571e-187
2450 25 1.25999e-193
2475 25 9.50992e-200
2500 25 5.83621e-206
2525 25 2.91567e-212
2550 25 1.18707e-218
2575 25 3.94276e-225
2600 25 1.06938e-231
2625 25 2.37069e-238
2650 25 4.29928e-245
2675 25 6.38247e-252
2700 25 7.75304e-259
2725 25 7.66158e-266
2750 25 6.01526e-273
2775 25 3.53695e-280
2800 25 1.41164e-287
2825 25 3.39097e-295
2850 25 4.3292e-303
2875 25 2.58724e-311
2900 25 6.31614e-320
2925 25 0
2950 25 0
2975 25 0
0 50 0
25 50 3.83559e-91
50 50 4.91546e-87
75 50 4.89216e-83
100 50 3.76861e-79
125 50 2.23929e-75
150 50 1.02273e-71
175 50 3.57755e-68
200 50 9.55056e-65
225 50 1.93884e-61
250 50 2.98265e-58
275 50 3.46525e-55
300 50 3.03066e-52
325 50 1.98941e-49
350 50 9.77581e-47
375 50 3.58818e-44
400 50 9.82161e-42
425 50 2.00292e-39
450 50 3.04264e-37
475 50 3.44571e-35
500 50 2.91427e-33
525 50 1.84616e-31
550 50 8.7957e-30
575 50 3.16825e-28
600 50 8.68345e-27
625 50 1.8244e-25
650 50 2.96296e-24
675 50 3.75348e-23
700 50 3.74449e-22
725 50 2.97071e-21
750 50 1.89282e-20
775 50 9.77987e-20
800 50 4.13568e-19
825 50 1.44385e-18
850 50 4.19485e-18
875 50 1.02144e-17
900 50 2.09744e-17
925 50 3.65066e-17
950 50 5.40777e-17
975 50 6.83748e-17
1000 50 7.39214e-17
1025 50 6.83748e-17
1050 50 5.40777e-17
1075 50 3.65066e-17
1100 50 2.09744e-17
1125 50 1.02144e-17
1150 50 4.19485e-18
1175 50 1.44385e-18
1200 50 4.13568e-19
1225 50 9.77987e-20
1250 50 1.89282e-20
1275 50 2.97071e-21
1300 50 3.74449e-22
1325 50 3.75348e-23
1350 50 2.96296e-24
1375 50 1.8244e-25
1400 50 8.68345e-27
1425 50 3.16825e-28
1450 50 8.7957e-30
1475 50 1.84616e-31
1500 50 2.91427e-33
1525 50 3.44571e-35
1550 50 3.04264e-37
1575 50 2.00292e-39
1600 50 9.82161e-42
1625 50 3.58818e-44
1650 50 9.77581e-47
1675 50 1.98941e-49
1700 50 3.03066e-52
1725 50 3.46525e-55
1750 50 2.98265e-58
1775 50 1.93884e-61
1800 50 9.55056e-65
1825 50 3.57755e-68
1850 50 1.02273e-71
1875 50 2.23929e-75
1900 50 3.76861e-79
1925 50 4.89216e-83
1950 50 4.91546e-87
1975 50 3.83559e-91
2000 50 2.33197e-95
2025 50 1.10817e-99
2050 50 4.12869e-104
2075 50 1.20952e-108
2100 50 2.79401e-113
2125 50 5.10315e-118
2150 50 7.38862e-123
2175 50 8.50118e-128
2200 50 7.79131e-133
2225 50 5.70079e-138
2250 50 3.33723e-143
2275 50 1.56621e-148
2300 50 5.9043e-154
2325 50 1.79121e-159
2350 50 4.3807e-165
2375 50 8.65134e-171
2400 50 1.38182e-176
2425 50 1.7877e-182
2450 50 1.87599e-188
2475 50 1.59897e-194
2500 50 1.10835e-200
2525 50 6.25537e-207
2550 50 2.87783e-213
2575 50 1.08037e-219
2600 50 3.31294e-226
2625 50 8.30609e-233
2650 50 1.70415e-239
2675 50 2.86355e-246
2700 50 3.94329e-253
2725 50 4.44807e-260
2750 50 4.08569e-267
2775 50 2.98386e-274
2800 50 1.63295e-281
2825 50 6.06903e-289
2850 50 1.35856e-296
2875 50 1.61777e-304
2900 50 9.02736e-313
2925 50 2.32705e-321
2950 50 0
2975 50 0
0 75 0
25 75 4.33695e-87
50 75 4.89216e-83
75 75 4.28148e-79
100 75 2.89714e-75
125 75 1.51041e-71
150 75 6.04517e-68
175 75 1.85068e-64
200 75 4.31797e-61
225 75 7.65024e-58
250 75 1.02559e-54
275 75 1.03679e-51
300 75 7.87804e-49
325 75 4.48624e-46
350 75 1.90972e-43
375 75 6.06426e-41
400 75 1.43441e-38
425 75 2.52551e-36
450 75 3.31031e-34
475 75 3.23403e-32
500 75 2.36028e-30
525 75 1.29134e-28
550 75 5.32149e-27
575 75 1.66164e-25
600 75 3.95977e-24
625 75 7.26125e-23
650 75 1.03404e-21
675 75 1.15486e-20
700 75 1.02205e-19
725 75 7.2434e-19
750 75 4.15441e-18
775 75 1.94819e-17
800 75 7.54335e-17
825 75 2.43383e-16
850 75 6.59848e-16
875 75 1.5145e-15
900 75 2.96189e-15
925 75 4.9622e-15
950 75 7.15193e-15
975 75 8.89487e-15
1000 75 9.56364e-15
1025 75 8.89487e-15
1050 75 7.15193e-15
1075 75 4.9622e-15
1100 75 2.96189e-15
1125 75 1.5145e-15
1150 75 6.59848e-16
1175 75 2.43383e-16
1200 75 7.54335e-17
1225 75 1.94819e-17
1250 75 4.15441e-18
1275 75 7.2434e-19
1300 75 1.02205e-19
1325 75 1.15486e-20
1350 75 1.03404e-21
1375 75 7.26125e-23
1400 75 3.95977e-24
1425 75 1.66164e-25
1450 75 5.32149e-27
1475 75 1.29134e-28
1500 75 2.36028e-30
1525 75 3.23403e-32
1550 75 3.31031e-34
1575 75 2.52551e-36
1600 75 1.43441e-38
1625 75 6.06426e-41
1650 75 1.90972e-43
1675 75 4.48624e-46
1700 75 7.87804e-49
1725 75 1.03679e-51
1750 75 1.02559e-54
1775 75 7.65024e-58
1800 75 4.31797e-61
1825 75 1.85068e-64
1850 75 6.04517e-68
1875 75 1.51041e-71
1900 75 2.89714e-75
1925 75 4.28148e-79
1950 75 4.89216e-83
1975 75 4.33695e-87
2000 75 2.99293e-91
2025 75 1.61304e-95
2050 75 6.81065e-100
2075 75 2.2596e-104
2100 75 5.90785e-109
2125 75 1.22064e-113
2150 75 1.99827e-118
2175 75 2.59855e-123
2200 75 2.69074e-128
2225 75 2.2237e-133
2250 75 1.46994e-138
2275 75 7.78849e-144
2300 75 3.31435e-149
2325 75 1.1349e-154
2350 75 3.13265e-160
2375 75 6.98232e-166
2400 75 1.25871e-171
2425 75 1.83802e-177
2450 75 2.17726e-183
2475 75 2.09506e-189
2500 75 1.63974e-195
2525 75 1.04514e-201
2550 75 5.43129e-208
2575 75 2.30373e-214
2600 75 7.98373e-221
2625 75 2.26281e-227
2650 75 5.24993e-234
2675 75 9.97913e-241
2700 75 1.55528e-247
2725 75 1.98866e-254
2750 75 2.08507e-261
2775 75 1.78184e-268
2800 75 1.21156e-275
2825 75 6.17613e-283
2850 75 2.13918e-290
2875 75 4.46561e-298
2900 75 4.96342e-306
2925 75 2.5879e-314
2950 75 2.2233e-322
2975 75 0
0 100 0
25 100 3.79917e-83
50 100 3.76861e-79
75 100 2.89714e-75
100 100 1.71995e-71
125 100 7.85692e-68
150 100 2.75154e-64
175 100 7.35985e-61
200 100 1.49799e-57
225 100 2.31147e-54
250 100 2.69424e-51
275 100 2.36399e-48
300 100 1.55634e-45
325 100 7.66548e-43
350 100 2.81749e-40
375 100 7.71293e-38
400 100 1.57053e-35
425 100 2.3776e-33
450 100 2.67735e-31
475 100 2.24611e-29
500 100 1.40777e-27
525 100 6.61874e-26
550 100 2.34706e-24
575 100 6.31982e-23
600 100 1.30254e-21
625 100 2.07364e-20
650 100 2.57567e-19
675 100 2.52297e-18
700 100 1.97081e-17
725 100 1.24166e-16
750 100 6.38073e-16
775 100 2.7039e-15
800 100 9.5473e-15
825 100 2.83626e-14
850 100 7.15194e-14
875 100 1.54286e-13
900 100 2.86684e-13
925 100 4.61428e-13
950 100 6.46183e-13
975 100 7.89855e-13
1000 100 8.44341e-13
1025 100 7.89855e-13
1050 100 6.46183e-13
1075 100 4.61428e-13
1100 100 2.86684e-13
1125 100 1.54286e-13
1150 100 7.15194e-14
1175 100 2.83626e-14
1200 100 9.5473e-15
1225 100 2.7039e-15
1250 100 6.38073e-16
1275 100 1.24166e-16
1300 100 1.97081e-17
1325 100 2.52297e-18
1350 100 2.57567e-19
1375 100 2.07364e-20
1400 100 1.30254e-21
1425 100 6.31982e-23
1450 100 2.34706e-24
1475 100 6.61874e-26
1500 100 1.40777e-27
1525 100 2.24611e-29
1550 100 2.67735e-31
1575 100 2.3776e-33
1600 100 1.57053e-35
1625 100 7.71293e-38
1650 100 2.81749e-40
1675 100 7.66548e-43
1700 100 1.55634e-45
1725 100 2.36399e-48
1750 100 2.69424e-51
1775 100 2.31147e-54
1800 100 1.49799e-57
1825 100 7.35985e-61
1850 100 2.75154e-64
1875 100 7.85692e-68
1900 100 1.71995e-71
1925 100 2.89714e-75
1950 100 3.76861e-79
1975 100 3.79917e-83
2000 100 2.9784e-87
2025 100 1.82183e-91
2050 100 8.72284e-96
2075 100 3.27925e-100
2100 100 9.70841e-105
2125 100 2.26993e-109
2150 100 4.2029e-114
2175 100 6.17861e-119
2200 100 7.22959e-124
2225 100 6.74912e-129
2250 100 5.03815e-134
2275 100 3.01382e-139
2300 100 1.44768e-144
2325 100 5.59475e-150
2350 100 1.74277e-155
2375 100 4.38338e-161
2400 100 8.91681e-167
2425 100 1.46934e-172
2450 100 1.96423e-178
2475 100 2.13321e-184
2500 100 1.88461e-190
2525 100 1.35613e-196
2550 100 7.95777e-203
2575 100 3.81219e-209
2600 100 1.49249e-215
2625 100 4.78004e-222
2650 100 1.25355e-228
2675 100 2.69415e-235
2700 100 4.7493e-242
2725 100 6.87216e-249
2750 100 8.16692e-256
2775 100 7.96665e-263
2800 100 6.33967e-270
2825 100 4.01674e-277
2850 100 1.90882e-284
2875 100 6.16591e-292
2900 100 1.20117e-299
2925 100 1.24699e-307
2950 100 6.07915e-316
2975 100 2.96439e-323
0 125 0
25 125 2.56969e-79
50 125 2.23929e-75
75 125 1.51041e-71
100 125 7.85692e-68
125 125 3.14027e-64
150 125 9.60712e-61
175 125 2.24113e-57
200 125 3.97119e-54
225 125 5.32487e-51
250 125 5.38301e-48
275 125 4.08824e-45
300 125 2.32495e-42
325 125 9.87157e-40
350 125 3.12161e-37
375 125 7.33803e-35
400 125 1.28085e-32
425 125 1.65969e-30
450 125 1.59781e-28
475 125 1.14515e-26
500 125 6.13032e-25
525 125 2.46284e-23
550 125 7.47129e-22
575 125 1.72443e-20
600 125 3.05516e-19
625 125 4.19676e-18
650 125 4.51898e-17
675 125 3.85891e-16
700 125 2.64491e-15
725 125 1.47286e-14
750 125 6.74433e-14
775 125 2.56917e-13
800 125 8.23234e-13
825 125 2.24176e-12
850 125 5.23659e-12
875 125 1.05806e-11
900 125 1.86247e-11
925 125 2.87322e-11
950 125 3.90289e-11
975 125 4.6839e-11
1000 125 4.97641e-11
1025 125 4.6839e-11
1050 125 3.90289e-11
1075 125 2.87322e-11
1100 125 1.86247e-11
1125 125 1.05806e-11
1150 125 5.23659e-12
1175 125 2.24176e-12
1200 125 8.23234e-13
1225 125 2.56917e-13
1250 125 6.74433e-14
1275 125 1.47286e-14
1300 125 2.64491e-15
1325 125 3.85891e-16
1350 125 4.51898e-17
1375 125 4.19676e-18
1400 125 3.05516e-19
1425 125 1.72443e-20
1450 125 7.47129e-22
1475 125 2.46284e-23
1500 125 6.13032e-25
1525 125 1.14515e-26
1550 125 1.59781e-28
1575 125 1.65969e-30
1600 125 1.28085e-32
1625 125 7.33803e-35
1650 125 3.12161e-37
1675 125 9.87157e-40
1700 125 2.32495e-42
1725 125 4.08824e-45
1750 125 5.38301e-48
1775 125 5.32487e-51
1800 125 3.97119e-54
1825 125 2.24113e-57
1850 125 9.60712e-61
1875 125 3.14027e-64
1900 125 7.85692e-68
1925 125 1.51041e-71
1950 125 2.23929e-75
1975 125 2.56969e-79
2000 125 2.29056e-83
2025 125 1.59139e-87
2050 125 8.6462e-92
2075 125 3.68523e-96
2100 125 1.23601e-100
2125 125 3.27166e-105
2150 125 6.85359e-110
2175 125 1.13929e-114
2200 125 1.50669e-119
2225 125 1.58907e-124
2250 125 1.33967e-129
2275 125 9.04796e-135
2300 125 4.90577e-140
2325 125 2.1396e-145
2350 125 7.52056e-151
2375 125 2.13421e-156
2400 125 4.89816e-162
2425 125 9.10621e-168
2450 125 1.37345e-173
2475 125 1.68302e-179
2500 125 1.67785e-185
2525 125 1.36261e-191
2550 125 9.02542e-198
2575 125 4.88139e-204
2600 125 2.15809e-210
2625 125 7.80702e-217
2650 125 2.31319e-223
2675 125 5.61868e-230
2700 125 1.11976e-236
2725 125 1.83242e-243
2750 125 2.46406e-250
2775 125 2.72416e-257
2800 125 2.47456e-264
2825 125 1.8353e-271
2850 125 1.08443e-278
2875 125 4.80769e-286
2900 125 1.44935e-293
2925 125 2.63657e-301
2950 125 2.55818e-309
2975 125 1.16683e-317
0 150 0
25 150 1.3374e-75
50 150 1.02273e-71
75 150 6.04517e-68
100 150 2.75154e-64
125 150 9.60712e-61
150 150 2.56307e-57
175 150 5.20431e-54
200 150 8.01093e-51
225 150 9.31158e-48
250 150 8.14209e-45
275 150 5.33642e-42
300 150 2.61285e-39
325 150 9.52898e-37
350 150 2.58215e-34
375 150 5.18971e-32
400 150 7.72865e-30
425 150 8.52836e-28
450 150 6.98116e-26
475 150 4.24966e-24
500 150 1.93121e-22
525 150 6.58713e-21
550 150 1.6981e-19
575 150 3.33648e-18
600 150 5.04576e-17
625 150 5.93815e-16
650 150 5.50358e-15
675 150 4.06803e-14
700 150 2.42944e-13
725 150 1.18764e-12
750 150 4.814e-12
775 150 1.63819e-11
800 150 4.73558e-11
825 150 1.17564e-10
850 150 2.53152e-10
875 150 4.77015e-10
900 150 7.92562e-10
925 150 1.16852e-09
950 150 1.53639e-09
975 150 1.80798e-09
1000 150 1.90833e-09
1025 150 1.80798e-09
1050 150 1.53639e-09
1075 150 1.16852e-09
1100 150 7.92562e-10
1125 150 4.77015e-10
1150 150 2.53152e-10
1175 150 1.17564e-10
1200 150 4.73558e-11
1225 150 1.63819e-11
1250 150 4.814e-12
1275 150 1.18764e-12
1300 150 2.42944e-13
1325 150 4.06803e-14
1350 150 5.50358e-15
1375 150 5.93815e-16
1400 150 5.04576e-17
1425 150 3.33648e-18
1450 150 1.6981e-19
1475 150 6.58713e-21
1500 150 1.93121e-22
1525 150 4.24966e-24
1550 150 6.98116e-26
1575 150 8.52836e-28
1600 150 7.72865e-30
1625 150 5.18971e-32
1650 150 2.58215e-34
1675 150 9.52898e-37
1700 150 2.61285e-39
1725 150 5.33642e-42
1750 150 8.14209e-45
1775 150 9.31158e-48
1800 150 8.01093e-51
1825 150 5.20431e-54
1850 150 2.56307e-57
1875 150 9.60712e-61
1900 150 2.75154e-64
1925 150 6.04517e-68
1950 150 1.02273e-71
1975 150 1.3374e-75
2000 150 1.35675e-79
2025 150 1.07154e-83
2050 150 6.61091e-88
2075 150 3.1966e-92
2100 150 1.21522e-96
2125 150 3.64308e-101
2150 150 8.6374e-106
2175 150 1.62403e-110
2200 150 2.42795e-115
2225 150 2.89341e-120
2250 150 2.7551e-125
2275 150 2.10092e-130
2300 150 1.28576e-135
2325 150 6.3282e-141
2350 150 2.50964e-146
2375 150 8.03441e-152
2400 150 2.08002e-157
2425 150 4.36186e-163
2450 150 7.42071e-169
2475 150 1.02573e-174
2500 150 1.15357e-180
2525 150 1.05695e-186
2550 150 7.89962e-193
2575 150 4.82181e-199
2600 150 2.40631e-205
2625 150 9.82839e-212
2650 150 3.28876e-218
2675 150 9.02408e-225
2700 150 2.03222e-231
2725 150 3.75915e-238
2750 150 5.71598e-245
2775 150 7.14951e-252
2800 150 7.35973e-259
2825 150 6.23087e-266
2850 150 4.31062e-273
2875 150 2.37715e-280
2900 150 9.83896e-288
2925 150 2.76995e-295
2950 150 4.70832e-303
2975 150 4.2722e-311
0 175 0
25 175 5.33723e-72
50 175 3.57755e-68
75 175 1.85068e-64
100 175 7.35985e-61
125 175 2.24113e-57
150 175 5.20431e-54
175 175 9.17873e-51
200 175 1.22446e-47
225 175 1.23055e-44
250 175 9.27976e-42
275 175 5.23171e-39
300 175 2.19751e-36
325 175 6.85638e-34
350 175 1.58516e-31
375 175 2.71088e-29
400 175 3.42644e-27
425 175 3.20164e-25
450 175 2.21484e-23
475 175 1.13767e-21
500 175 4.3584e-20
525 175 1.25293e-18
550 175 2.72381e-17
575 175 4.51995e-16
600 175 5.78738e-15
625 175 5.78689e-14
650 175 4.57788e-13
675 175 2.9045e-12
700 175 1.49882e-11
725 175 6.37959e-11
750 175 2.27089e-10
775 175 6.85069e-10
800 175 1.77366e-09
825 175 3.98732e-09
850 175 7.86647e-09
875 175 1.37491e-08
900 175 2.14638e-08
925 175 3.01326e-08
950 175 3.82461e-08
975 175 4.40597e-08
1000 175 4.61757e-08
1025 175 4.40597e-08
1050 175 3.82461e-08
1075 175 3.01326e-08
1100 175 2.14638e-08
1125 175 1.37491e-08
1150 175 7.86647e-09
1175 175 3.98732e-09
1200 175 1.77366e-09
1225 175 6.85069e-10
1250 175 2.27089e-10
1275 175 6.37959e-11
1300 175 1.49882e-11
1325 175 2.9045e-12
1350 175 4.57788e-13
1375 175 5.78689e-14
1400 175 5.78738e-15
1425 175 4.51995e-16
1450 175 2.72381e-17
1475 175 1.25293e-18
1500 175 4.3584e-20
1525 175 1.13767e-21
1550 175 2.21484e-23
1575 175 3.20164e-25
1600 175 3.42644e-27
1625 175 2.71088e-29
1650 175 1.58516e-31
1675 175 6.85638e-34
1700 175 2.19751e-36
1725 175 5.23171e-39
1750 175 9.27976e-42
1775 175 1.23055e-44
1800 175 1.22446e-47
1825 175 9.17873e-51
1850 175 5.20431e-54
1875 175 2.24113e-57
1900 175 7.35985e-61
1925 175 1.85068e-64
1950 175 3.57755e-68
1975 175 5.33723e-72
2000 175 6.1683e-76
2025 175 5.54268e-80
2050 175 3.88605e-84
2075 175 2.13306e-88
2100 175 9.19633e-93
2125 175 3.12388e-97
2150 175 8.38557e-102
2175 175 1.78387e-106
2200 175 3.01553e-111
2225 175 4.06119e-116
2250 175 4.36813e-121
2275 175 3.76103e-126
2300 175 2.59806e-131
2325 175 1.4429e-136
2350 175 6.4556e-142
2375 175 2.33117e-147
2400 175 6.80657e-153
2425 175 1.60968e-158
2450 175 3.08818e-164
2475 175 4.81377e-170
2500 175 6.10533e-176
2525 175 6.30909e-182
2550 175 5.31883e-188
2575 175 3.66254e-194
2600 175 2.06236e-200
2625 175 9.50661e-207
2650 175 3.59094e-213
2675 175 1.11256e-219
2700 175 2.82985e-226
2725 175 5.91407e-233
2750 175 1.01633e-239
2775 175 1.43724e-246
2800 175 1.67362e-253
2825 175 1.60553e-260
2850 175 1.26791e-267
2875 175 8.18857e-275
2900 175 4.21766e-282
2925 175 1.63085e-289
2950 175 4.29033e-297
2975 175 6.81811e-305
0 200 0
25 200 1.62746e-68
50 200 9.55056e-65
75 200 4.31797e-61
100 200 1.49799e-57
125 200 3.97119e-54
150 200 8.01093e-51
175 200 1.22446e-47
200 200 1.41208e-44
225 200 1.22349e-41
250 200 7.93218e-39
275 200 3.8332e-36
300 200 1.37585e-33
325 200 3.6566e-31
350 200 7.17806e-29
375 200 1.03901e-26
400 200 1.10817e-24
425 200 8.71268e-23
450 200 5.05883e-21
475 200 2.17652e-19
500 200 6.97407e-18
525 200 1.67566e-16
550 200 3.0451e-15
575 200 4.2287e-14
600 200 4.54093e-13
625 200 3.82047e-12
650 200 2.5542e-11
675 200 1.37714e-10
700 200 6.07927e-10
725 200 2.23067e-09
750 200 6.90516e-09
775 200 1.82924e-08
800 200 4.20339e-08
825 200 8.48445e-08
850 200 1.52169e-07
875 200 2.44988e-07
900 200 3.5722e-07
925 200 4.75242e-07
950 200 5.80263e-07
975 200 6.52992e-07
1000 200 6.79013e-07
1025 200 6.52992e-07
1050 200 5.80263e-07
1075 200 4.75242e-07
1100 200 3.5722e-07
1125 200 2.44988e-07
1150 200 1.52169e-07
1175 200 8.48445e-08
1200 200 4.20339e-08
1225 200 1.82924e-08
1250 200 6.90516e-09
1275 200 2.23067e-09
1300 200 6.07927e-10
1325 200 1.37714e-10
1350 200 2.5542e-11
1375 200 3.82047e-12
1400 200 4.54093e-13
1425 200 4.2287e-14
1450 200 3.0451e-15
1475 200 1.67566e-16
1500 200 6.97407e-18
1525 200 2.17652e-19
1550 200 5.05883e-21
1575 200 8.71268e-23
1600 200 1.10817e-24
1625 200 1.03901e-26
1650 200 7.17806e-29
1675 200 3.6566e-31
1700 200 1.37585e-33
1725 200 3.8332e-36
1750 200 7.93218e-39
1775 200 1.22349e-41
1800 200 1.41208e-44
1825 200 1.22446e-47
1850 200 8.01093e-51
1875 200 3.97119e-54
1900 200 1.49799e-57
1925 200 4.31797e-61
1950 200 9.55056e-65
1975 200 1.62746e-68
2000 200 2.145e-72
2025 200 2.19495e-76
2050 200 1.75021e-80
2075 200 1.09129e-84
2100 200 5.3388e-89
2125 200 2.05585e-93
2150 200 6.2506e-98
2175 200 1.5049e-102
2200 200 2.87713e-107
2225 200 4.37963e-112
2250 200 5.32154e-117
2275 200 5.17376e-122
2300 200 4.03399e-127
2325 200 2.52793e-132
2350 200 1.27583e-137
2375 200 5.19589e-143
2400 200 1.7107e-148
2425 200 4.56136e-154
2450 200 9.86598e-160
2475 200 1.73377e-165
2500 200 2.47909e-171
2525 200 2.88835e-177
2550 200 2.7456e-183
2575 200 2.13205e-189
2600 200 1.35407e-195
2625 200 7.04118e-202
2650 200 3.00099e-208
2675 200 1.04936e-214
2700 200 3.01316e-221
2725 200 7.11102e-228
2750 200 1.3804e-234
2775 200 2.20582e-241
2800 200 2.90355e-248
2825 200 3.15039e-255
2850 200 2.81877e-262
2875 200 2.07808e-269
2900 200 1.25384e-276
2925 200 6.03616e-284
2950 200 2.18188e-291
2975 200 5.36677e-299
0 225 0
25 225 3.7785e-65
50 225 1.93884e-61
75 225 7.65024e-58
100 225 2.31147e-54
125 225 5.32487e-51
150 225 9.31158e-48
175 225 1.23055e-44
200 225 1.22349e-41
225 225 9.11201e-39
250 225 5.06162e-36
275 225 2.08867e-33
300 225 6.379e-31
325 225 1.43729e-28
350 225 2.38306e-26
375 225 2.90261e-24
400 225 2.59553e-22
425 225 1.70499e-20
450 225 8.2453e-19
475 225 2.94671e-17
500 225 7.82667e-16
525 225 1.55676e-14
550 225 2.34098e-13
575 225 2.6917e-12
600 225 2.39732e-11
625 225 1.67768e-10
650 225 9.36753e-10
675 225 4.24051e-09
700 225 1.58186e-08
725 225 4.94257e-08
750 225 1.31435e-07
775 225 3.02095e-07
800 225 6.08982e-07
825 225 1.09152e-06
850 225 1.76142e-06
875 225 2.58809e-06
900 225 3.49659e-06
925 225 4.37962e-06
950 225 5.11925e-06
975 225 5.61084e-06
1000 225 5.78311e-06
1025 225 5.61084e-06
1050 225 5.11925e-06
1075 225 4.37962e-06
1100 225 3.49659e-06
1125 225 2.58809e-06
1150 225 1.76142e-06
1175 225 1.09152e-06
1200 225 6.08982e-07
1225 225 3.02095e-07
1250 225 1.31435e-07
1275 225 4.94257e-08
1300 225 1.58186e-08
1325 225 4.24051e-09
1350 225 9.36753e-10
1375 225 1.67768e-10
1400 225 2.39732e-11
1425 225 2.6917e-12
1450 225 2.34098e-13
1475 225 1.55676e-14
1500 225 7.82667e-16
1525 225 2.94671e-17
1550 225 8.2453e-19
1575 225 1.70499e-20
1600 225 2.59553e-22
1625 225 2.90261e-24
1650 225 2.38306e-26
1675 225 1.43729e-28
1700 225 6.379e-31
1725 225 2.08867e-33
1750 225 5.06162e-36
1775 225 9.11201e-39
1800 225 1.22349e-41
1825 225 1.23055e-44
1850 225 9.31158e-48
1875 225 5.32487e-51
1900 225 2.31147e-54
1925 225 7.65024e-58
1950 225 1.93884e-61
1975 225 3.7785e-65
2000 225 5.6856e-69
2025 225 6.63172e-73
2050 225 6.01887e-77
2075 225 4.26603e-81
2100 225 2.36955e-85
2125 225 1.03488e-89
2150 225 3.56517e-94
2175 225 9.71741e-99
2200 225 2.10163e-103
2225 225 3.61652e-108
2250 225 4.96467e-113
2275 225 5.45044e-118
2300 225 4.79666e-123
2325 225 3.39144e-128
2350 225 1.93057e-133
2375 225 8.8658e-139
2400 225 3.29085e-144
2425 225 9.89095e-150
2450 225 2.41129e-155
2475 225 4.77574e-161
2500 225 7.6962e-167
2525 225 1.0106e-172
2550 225 1.08279e-178
2575 225 9.47814e-185
2600 225 6.78645e-191
2625 225 3.97922e-197
2650 225 1.91273e-203
2675 225 7.54477e-210
2700 225 2.44448e-216
2725 225 6.5112e-223
2750 225 1.42702e-229
2775 225 2.57531e-236
2800 225 3.8298e-243
2825 225 4.69637e-250
2850 225 4.75177e-257
2875 225 3.96851e-264
2900 225 2.73335e-271
2925 225 1.54188e-278
2950 225 6.94253e-286
2975 225 2.34734e-293
0 250 0
25 250 6.6563e-62
50 250 2.98265e-58
75 250 1.02559e-54
100 250 2.69424e-51
125 250 5.38301e-48
150 250 8.14209e-45
175 250 9.27976e-42
200 250 7.93218e-39
225 250 5.06162e-36
250 250 2.40034e-33
275 250 8.42348e-31
300 250 2.17897e-28
325 250 4.14082e-26
350 250 5.76548e-24
375 250 5.87136e-22
400 250 4.37051e-20
425 250 2.37991e-18
450 250 9.50331e-17
475 250 2.79467e-15
500 250 6.09049e-14
525 250 9.91908e-13
550 250 1.21988e-11
575 250 1.147e-10
600 250 8.36246e-10
625 250 4.80136e-09
650 250 2.20724e-08
675 250 8.26581e-08
700 250 2.56628e-07
725 250 6.72255e-07
750 250 1.51173e-06
775 250 2.96744e-06
800 250 5.16647e-06
825 250 8.099e-06
850 250 1.15914e-05
875 250 1.53389e-05
900 250 1.89782e-05
925 250 2.21643e-05
950 250 2.46222e-05
975 250 2.61654e-05
1000 250 2.66907e-05
1025 250 2.61654e-05
1050 250 2.46222e-05
1075 250 2.21643e-05
1100 250 1.89782e-05
1125 250 1.53389e-05
1150 250 1.15914e-05
1175 250 8.099e-06
1200 250 5.16647e-06
1225 250 2.96744e-06
1250 250 1.51173e-06
1275 250 6.72255e-07
1300 250 2.56628e-07
1325 250 8.26581e-08
1350 250 2.20724e-08
1375 250 4.80136e-09
1400 250 8.36246e-10
1425 250 1.147e-10
1450 250 1.21988e-11
1475 250 9.91908e-13
1500 250 6.09049e-14
1525 250 2.79467e-15
1550 250 9.50331e-17
1575 250 2.37991e-18
1600 250 4.37051e-20
1625 250 5.87136e-22
1650 250 5.76548e-24
1675 250 4.14082e-26
1700 250 2.17897e-28
1725 250 8.42348e-31
1750 250 2.40034e-33
1775 250 5.06162e-36
1800 250 7.93218e-39
1825 250 9.27976e-42
1850 250 8.14209e-45
1875 250 5.38301e-48
1900 250 2.69424e-51
1925 250 1.02559e-54
1950 250 2.98265e-58
1975 250 6.6563e-62
2000 250 1.14476e-65
2025 250 1.52346e-69
2050 250 1.57508e-73
2075 250 1.26989e-77
2100 250 8.01313e-82
2125 250 3.97109e-86
2150 250 1.55068e-90
2175 250 4.78636e-95
2200 250 1.17127e-99
2225 250 2.27884e-104
2250 250 3.53465e-109
2275 250 4.38198e-114
2300 250 4.35253e-119
2325 250 3.47187e-124
2350 250 2.22887e-129
2375 250 1.154e-134
2400 250 4.82811e-140
2425 250 1.63534e-145
2450 250 4.49223e-151
2475 250 1.00244e-156
2500 250 1.82003e-162
2525 250 2.69258e-168
2550 250 3.25038e-174
2575 250 3.2059e-180
2600 250 2.58676e-186
2625 250 1.70947e-192
2650 250 9.26283e-199
2675 250 4.11959e-205
2700 250 1.50527e-211
2725 250 4.52296e-218
2750 250 1.11854e-224
2775 250 2.27847e-231
2800 250 3.82586e-238
2825 250 5.29919e-245
2850 250 6.05851e-252
2875 250 5.72075e-259
2900 250 4.463e-266
2925 250 2.87393e-273
2950 250 1.51674e-280
2975 250 6.39152e-288
0 275 0
25 275 8.86715e-59
50 275 3.46525e-55
75 275 1.03679e-51
100 275 2.36399e-48
125 275 4.08824e-45
150 275 5.33642e-42
175 275 5.23171e-39
200 275 3.8332e-36
225 275 2.08867e-33
250 275 8.42348e-31
275 275 2.50295e-28
300 275 5.45687e-26
325 275 8.69761e-24
350 275 1.0106e-21
375 275 8.54417e-20
400 275 5.25289e-18
425 275 2.35046e-16
450 275 7.67518e-15
475 275 1.83756e-13
500 275 3.2478e-12
525 275 4.27656e-11
550 275 4.24316e-10
575 275 3.21519e-09
600 275 1.88917e-08
625 275 8.75288e-08
650 275 3.25527e-07
675 275 9.89975e-07
700 275 2.50873e-06
725 275 5.39841e-06
750 275 1.00494e-05
775 275 1.648e-05
800 275 2.42272e-05
825 275 3.24665e-05
850 275 4.02905e-05
875 275 4.69875e-05
900 275 5.21907e-05
925 275 5.58684e-05
950 275 5.82086e-05
975 275 5.9472e-05
1000 275 5.98672e-05
1025 275 5.9472e-05
1050 275 5.82086e-05
1075 275 5.58684e-05
1100 275 5.21907e-05
1125 275 4.69875e-05
1150 275 4.02905e-05
1175 275 3.24665e-05
1200 275 2.42272e-05
1225 275 1.648e-05
1250 275 1.00494e-05
1275 275 5.39841e-06
1300 275 2.50873e-06
1325 275 9.89975e-07
1350 275 3.25527e-07
1375 275 8.75288e-08
1400 275 1.88917e-08
1425 275 3.21519e-09
1450 275 4.24316e-10
1475 275 4.27656e-11
1500 275 3.2478e-12
1525 275 1.83756e-13
1550 275 7.67518e-15
1575 275 2.35046e-16
1600 275 5.25289e-18
1625 275 8.54417e-20
1650 275 1.0106e-21
1675 275 8.69761e-24
1700 275 5.45687e-26
1725 275 2.50295e-28
1750 275 8.42348e-31
1775 275 2.08867e-33
1800 275 3.8332e-36
1825 275 5.23171e-39
1850 275 5.33642e-42
1875 275 4.08824e-45
1900 275 2.36399e-48
1925 275 1.03679e-51
1950 275 3.46525e-55
1975 275 8.86715e-59
2000 275 1.74493e-62
2025 275 2.65204e-66
2050 275 3.12596e-70
2075 275 2.86882e-74
2100 275 2.05767e-78
2125 275 1.15761e-82
2150 275 5.12573e-87
2175 275 1.79213e-91
2200 275 4.96309e-96
2225 275 1.0919e-100
2250 275 1.91369e-105
2275 275 2.67902e-110
2300 275 3.0032e-115
2325 275 2.7023e-120
2350 275 1.95617e-125
2375 275 1.14164e-130
2400 275 5.38244e-136
2425 275 2.05396e-141
2450 275 6.35553e-147
2475 275 1.59736e-152
2500 275 3.26625e-158
2525 275 5.44193e-164
2550 275 7.39842e-170
2575 275 8.21862e-176
2600 275 7.46945e-182
2625 275 5.56074e-188
2650 275 3.39487e-194
2675 275 1.70147e-200
2700 275 7.00767e-207
2725 275 2.37398e-213
2750 275 6.62092e-220
2775 275 1.52144e-226
2800 275 2.88286e-233
2825 275 4.5075e-240
2850 275 5.81947e-247
2875 275 6.20778e-254
2900 275 5.4744e-261
2925 275 3.99233e-268
2950 275 2.40525e-275
2975 275 1.1884e-282
0 300 0
25 300 8.90374e-56
50 300 3.03066e-52
75 300 7.87804e-49
100 300 1.55634e-45
125 300 2.32495e-42
150 300 2.61285e-39
175 300 2.19751e-36
200 300 1.37585e-33
225 300 6.379e-31
250 300 2.17897e-28
275 300 5.45687e-26
300 300 9.97419e-24
325 300 1.32541e-21
350 300 1.27644e-19
375 300 8.89066e-18
400 300 4.47538e-16
425 300 1.62961e-14
450 300 4.30455e-13
475 300 8.28983e-12
500 300 1.1726e-10
525 300 1.23029e-09
550 300 9.69255e-09
575 300 5.81708e-08
600 300 2.70336e-07
625 300 9.90347e-07
650 300 2.91459e-06
675 300 7.02728e-06
700 300 1.41596e-05
725 300 2.43214e-05
750 300 3.63158e-05
775 300 4.80486e-05
800 300 5.73888e-05
825 300 6.30091e-05
850 300 6.47305e-05
875 300 6.33232e-05
900 300 6.00325e-05
925 300 5.61323e-05
950 300 5.26563e-05
975 300 5.031e-05
1000 300 4.94864e-05
1025 300 5.031e-05
1050 300 5.26563e-05
1075 300 5.61323e-05
1100 300 6.00325e-05
1125 300 6.33232e-05
1150 300 6.47305e-05
1175 300 6.30091e-05
1200 300 5.73888e-05
1225 300 4.80486e-05
1250 300 3.63158e-05
1275 300 2.43214e-05
1300 300 1.41596e-05
1325 300 7.02728e-06
1350 300 2.91459e-06
1375 300 9.90347e-07
1400 300 2.70336e-07
1425 300 5.81708e-08
1450 300 9.69255e-09
1475 300 1.23029e-09
1500 300 1.1726e-10
1525 300 8.28983e-12
1550 300 4.30455e-13
1575 300 1.62961e-14
1600 300 4.47538e-16
1625 300 8.89066e-18
1650 300 1.27644e-19
1675 300 1.32541e-21
1700 300 9.97419e-24
1725 300 5.45687e-26
1750 300 2.17897e-28
1775 300 6.379e-31
1800 300 1.37585e-33
1825 300 2.19751e-36
1850 300 2.61285e-39
1875 300 2.32495e-42
1900 300 1.55634e-45
1925 300 7.87804e-49
1950 300 3.03066e-52
1975 300 8.90374e-56
2000 300 2.00706e-59
2025 300 3.48703e-63
2050 300 4.6896e-67
2075 300 4.9022e-71
2100 300 3.99881e-75
2125 300 2.55495e-79
2150 300 1.28321e-83
2175 300 5.08328e-88
2200 300 1.59339e-92
2225 300 3.96424e-97
2250 300 7.85081e-102
2275 300 1.24102e-106
2300 300 1.56993e-111
2325 300 1.59329e-116
2350 300 1.30026e-121
2375 300 8.55164e-127
2400 300 4.54212e-132
2425 300 1.95217e-137
2450 300 6.80197e-143
2475 300 1.92477e-148
2500 300 4.43072e-154
2525 300 8.31006e-160
2550 300 1.27178e-165
2575 300 1.59041e-171
2600 300 1.6273e-177
2625 300 1.36404e-183
2650 300 9.37769e-190
2675 300 5.2936e-196
2700 300 2.45607e-202
2725 300 9.37537e-209
2750 300 2.94705e-215
2775 300 7.63494e-222
2800 300 1.63151e-228
2825 300 2.87783e-235
2850 300 4.19302e-242
2875 300 5.04961e-249
2900 300 5.0294e-256
2925 300 4.14508e-263
2950 300 2.82771e-270
2975 300 1.59493e-277
0 325 0
25 325 6.71884e-53
50 325 1.98941e-49
75 325 4.48624e-46
100 325 7.66548e-43
125 325 9.87157e-40
150 325 9.52898e-37
175 325 6.85638e-34
200 325 3.6566e-31
225 325 1.43729e-28
250 325 4.14082e-26
275 325 8.69761e-24
300 325 1.32541e-21
325 325 1.45899e-19
350 325 1.15609e-17
375 325 6.57863e-16
400 325 2.68577e-14
425 325 7.8731e-13
450 325 1.66199e-11
475 325 2.53982e-10
500 325 2.83181e-09
525 325 2.3278e-08
550 325 1.42914e-07
575 325 6.65388e-07
600 325 2.38993e-06
625 325 6.74634e-06
650 325 1.52604e-05
675 325 2.82135e-05
700 325 4.34732e-05
725 325 5.68813e-05
750 325 6.42888e-05
775 325 6.36871e-05
800 325 5.58764e-05
825 325 4.35445e-05
850 325 2.97654e-05
875 325 1.69103e-05
900 325 6.29321e-06
925 325 -1.65536e-06
950 325 -7.02265e-06
975 325 -1.00817e-05
1000 325 -1.10711e-05
1025 325 -1.00817e-05
1050 325 -7.02265e-06
1075 325 -1.65536e-06
1100 325 6.29321e-06
1125 325 1.69103e-05
1150 325 2.97654e-05
1175 325 4.35445e-05
1200 325 5.58764e-05
1225 325 6.36871e-05
1250 325 6.42888e-05
1275 325 5.68813e-05
1300 325 4.34732e-05
1325 325 2.82135e-05
1350 325 1.52604e-05
1375 325 6.74634e-06
1400 325 2.38993e-06
1425 325 6.65388e-07
1450 325 1.42914e-07
1475 325 2.3278e-08
1500 325 2.83181e-09
1525 325 2.53982e-10
1550 325 1.66199e-11
1575 325 7.8731e-13
1600 325 2.68577e-14
1625 325 6.57863e-16
1650 325 1.15609e-17
1675 325 1.45899e-19
1700 325 1.32541e-21
1725 325 8.69761e-24
1750 325 4.14082e-26
1775 325 1.43729e-28
1800 325 3.6566e-31
1825 325 6.85638e-34
1850 325 9.52898e-37
1875 325 9.87157e-40
1900 325 7.66548e-43
1925 325 4.48624e-46
1950 325 1.98941e-49
1975 325 6.71884e-53
2000 325 1.73676e-56
2025 325 3.45237e-60
2050 325 5.30143e-64
2075 325 6.31604e-68
2100 325 5.86217e-72
2125 325 4.25532e-76
2150 325 2.42484e-80
2175 325 1.08853e-84
2200 325 3.86241e-89
2225 325 1.08671e-93
2250 325 2.43172e-98
2275 325 4.34004e-103
2300 325 6.19475e-108
2325 325 7.08943e-113
2350 325 6.52086e-118
2375 325 4.83165e-123
2400 325 2.89015e-128
2425 325 1.39851e-133
2450 325 5.48493e-139
2475 325 1.74672e-144
2500 325 4.52453e-150
2525 325 9.54826e-156
2550 325 1.64415e-161
2575 325 2.3134e-167
2600 325 2.66344e-173
2625 325 2.51233e-179
2650 325 1.9439e-185
2675 325 1.23518e-191
2700 325 6.4521e-198
2725 325 2.77348e-204
2750 325 9.81996e-211
2775 325 2.86638e-217
2800 325 6.90328e-224
2825 325 1.3728e-230
2850 325 2.25577e-237
2875 325 3.06487e-244
2900 325 3.44529e-251
2925 325 3.20614e-258
2950 325 2.47117e-265
2975 325 1.57796e-272
0 350 0
25 350 3.79995e-50
50 350 9.77581e-47
75 350 1.90972e-43
100 350 2.81749e-40
125 350 3.12161e-37
150 350 2.58215e-34
175 350 1.58516e-31
200 350 7.17806e-29
225 350 2.38306e-26
250 350 5.76548e-24
275 350 1.0106e-21
300 350 1.27644e-19
325 350 1.15609e-17
350 350 7.47858e-16
375 350 3.4455e-14
400 350 1.12907e-12
425 350 2.63311e-11
450 350 4.38246e-10
475 350 5.23336e-09
500 350 4.52013e-08
525 350 2.85438e-07
550 350 1.33555e-06
575 350 4.70263e-06
600 350 1.26765e-05
625 350 2.6633e-05
650 350 4.43878e-05
675 350 5.96176e-05
700 350 6.52457e-05
725 350 5.81831e-05
750 350 4.10317e-05
775 350 1.97341e-05
800 350 -8.63439e-08
825 350 -1.5277e-05
850 350 -2.52235e-05
875 350 -3.08321e-05
900 350 -3.34876e-05
925 350 -3.44388e-05
950 350 -3.45847e-05
975 350 -3.44812e-05
1000 350 -3.44172e-05
1025 350 -3.44812e-05
1050 350 -3.45847e-05
1075 350 -3.44388e-05
1100 350 -3.34876e-05
1125 350 -3.08321e-05
1150 350 -2.52235e-05
1175 350 -1.5277e-05
1200 350 -8.63439e-08
1225 350 1.97341e-05
1250 350 4.10317e-05
1275 350 5.81831e-05
1300 350 6.52457e-05
1325 350 5.96176e-05
1350 350 4.43878e-05
1375 350 2.6633e-05
1400 350 1.26765e-05
1425 350 4.70263e-06
1450 350 1.33555e-06
1475 350 2.85438e-07
1500 350 4.52013e-08
1525 350 5.23336e-09
1550 350 4.38246e-10
1575 350 2.63311e-11
1600 350 1.12907e-12
1625 350 3.4455e-14
1650 350 7.47858e-16
1675 350 1.15609e-17
1700 350 1.27644e-19
1725 350 1.0106e-21
1750 350 5.76548e-24
1775 350 2.38306e-26
1800 350 7.17806e-29
1825 350 1.58516e-31
1850 350 2.58215e-34
1875 350 3.12161e-37
1900 350 2.81749e-40
1925 350 1.90972e-43
1950 350 9.77581e-47
1975 350 3.79995e-50
2000 350 1.12749e-53
2025 350 2.5664e-57
2050 350 4.50279e-61
2075 350 6.11722e-65
2100 350 6.46267e-69
2125 350 5.33128e-73
2150 350 3.44745e-77
2175 350 1.75391e-81
2200 350 7.04484e-86
2225 350 2.24142e-90
2250 350 5.66654e-95
2275 350 1.14166e-99
2300 350 1.83821e-104
2325 350 2.37158e-109
2350 350 2.45782e-114
2375 350 2.05096e-119
2400 350 1.38111e-124
2425 350 7.52105e-130
2450 350 3.31873e-135
2475 350 1.18884e-140
2500 350 3.46344e-146
2525 350 8.21958e-152
2550 350 1.5916e-157
2575 350 2.51831e-163
2600 350 3.26049e-169
2625 350 3.45882e-175
2650 350 3.01014e-181
2675 350 2.15161e-187
2700 350 1.26455e-193
2725 350 6.11723e-200
2750 350 2.43801e-206
2775 350 8.01256e-213
2800 350 2.17336e-219
2825 350 4.86919e-226
2850 350 9.01713e-233
2875 350 1.38123e-239
2900 350 1.75115e-246
2925 350 1.83864e-253
2950 350 1.59966e-260
2975 350 1.15377e-267
0 375 0
25 375 1.60703e-47
50 375 3.58818e-44
75 375 6.06426e-41
100 375 7.71293e-38
125 375 7.33803e-35
150 375 5.18971e-32
175 375 2.71088e-29
200 375 1.03901e-26
225 375 2.90261e-24
250 375 5.87136e-22
275 375 8.54417e-20
300 375 8.89066e-18
325 375 6.57863e-16
350 375 3.4455e-14
375 375 1.27287e-12
400 375 3.31066e-11
425 375 6.06307e-10
450 375 7.83765e-09
475 375 7.18808e-08
500 375 4.71419e-07
525 375 2.23448e-06
550 375 7.75419e-06
575 375 1.99877e-05
600 375 3.8833e-05
625 375 5.75708e-05
650 375 6.5447e-05
675 375 5.61211e-05
700 375 3.30578e-05
725 375 6.17925e-06
750 375 -1.5588e-05
775 375 -2.85734e-05
800 375 -3.37158e-05
825 375 -3.3852e-05
850 375 -3.16384e-05
875 375 -2.87952e-05
900 375 -2.61834e-05
925 375 -2.41279e-05
950 375 -2.26957e-05
975 375 -2.18614e-05
1000 375 -2.15882e-05
1025 375 -2.18614e-05
1050 375 -2.26957e-05
1075 375 -2.41279e-05
1100 375 -2.61834e-05
1125 375 -2.87952e-05
1150 375 -3.16384e-05
1175 375 -3.3852e-05
1200 375 -3.37158e-05
1225 375 -2.85734e-05
1250 375 -1.5588e-05
1275 375 6.17925e-06
1300 375 3.30578e-05
1325 375 5.61211e-05
1350 375 6.5447e-05
1375 375 5.75708e-05
1400 375 3.8833e-05
1425 375 1.99877e-05
1450 375 7.75419e-06
1475 375 2.23448e-06
1500 375 4.71419e-07
1525 375 7.18808e-08
1550 375 7.83765e-09
1575 375 6.06307e-10
1600 375 3.31066e-11
1625 375 1.27287e-12
1650 375 3.4455e-14
1675 375 6.57863e-16
1700 375 8.89066e-18
1725 375 8.54417e-20
1750 375 5.87136e-22
1775 375 2.90261e-24
1800 375 1.03901e-26
1825 375 2.71088e-29
1850 375 5.18971e-32
1875 375 7.33803e-35
1900 375 7.71293e-38
1925 375 6.06426e-41
1950 375 3.58818e-44
1975 375 1.60703e-47
2000 375 5.47805e-51
2025 375 1.42881e-54
2050 375 2.86581e-58
2075 375 4.44135e-62
2100 375 5.34241e-66
2125 375 5.00929e-70
2150 375 3.67612e-74
2175 375 2.11956e-78
2200 375 9.63648e-83
2225 375 3.46656e-87
2250 375 9.89905e-92
2275 375 2.25079e-96
2300 375 4.08679e-101
2325 375 5.94184e-106
2350 375 6.93548e-111
2375 375 6.51491e-116
2400 375 4.93649e-121
2425 375 3.02379e-126
2450 375 1.50039e-131
2475 375 6.04247e-137
2500 375 1.9787e-142
2525 375 5.27779e-148
2550 375 1.14851e-153
2575 375 2.04221e-159
2600 375 2.97147e-165
2625 375 3.54275e-171
2650 375 3.46549e-177
2675 375 2.78462e-183
2700 375 1.84008e-189
2725 375 1.00101e-195
2750 375 4.48748e-202
2775 375 1.65933e-208
2800 375 5.06538e-215
2825 375 1.27759e-221
2850 375 2.66441e-228
2875 375 4.5978e-235
2900 375 6.56936e-242
2925 375 7.77654e-249
2950 375 7.63105e-256
2975 375 6.21073e-263
0 400 0
25 400 5.07283e-45
50 400 9.82161e-42
75 400 1.43441e-38
100 400 1.57053e-35
125 400 1.28085e-32
150 400 7.72865e-30
175 400 3.42644e-27
200 400 1.10817e-24
225 400 2.59553e-22
250 400 4.37051e-20
275 400 5.25289e-18
300 400 4.47538e-16
325 400 2.68577e-14
350 400 1.12907e-12
375 400 3.31066e-11
400 400 6.75281e-10
425 400 9.57509e-09
450 400 9.45481e-08
475 400 6.53026e-07
500 400 3.17722e-06
525 400 1.09912e-05
550 400 2.73182e-05
575 400 4.92325e-05
600 400 6.44895e-05
625 400 6.01942e-05
650 400 3.59566e-05
675 400 4.59204e-06
700 400 -1.98883e-05
725 400 -3.18745e-05
750 400 -3.37189e-05
775 400 -3.03942e-05
800 400 -2.57134e-05
825 400 -2.15149e-05
850 400 -1.83076e-05
875 400 -1.60232e-05
900 400 -1.44488e-05
925 400 -1.33918e-05
950 400 -1.27173e-05
975 400 -1.23418e-05
1000 400 -1.22212e-05
1025 400 -1.23418e-05
1050 400 -1.27173e-05
1075 400 -1.33918e-05
1100 400 -1.44488e-05
1125 400 -1.60232e-05
1150 400 -1.83076e-05
1175 400 -2.15149e-05
1200 400 -2.57134e-05
1225 400 -3.03942e-05
1250 400 -3.37189e-05
1275 400 -3.18745e-05
1300 400 -1.98883e-05
1325 400 4.59204e-06
1350 400 3.59566e-05
1375 400 6.01942e-05
1400 400 6.44895e-05
1425 400 4.92325e-05
1450 400 2.73182e-05
1475 400 1.09912e-05
1500 400 3.17722e-06
1525 400 6.53026e-07
1550 400 9.45481e-08
1575 400 9.57509e-09
1600 400 6.75281e-10
1625 400 3.31066e-11
1650 400 1.12907e-12
1675 400 2.68577e-14
1700 400 4.47538e-16
1725 400 5.25289e-18
1750 400 4.37051e-20
1775 400 2.59553e-22
1800 400 1.10817e-24
1825 400 3.42644e-27
1850 400 7.72865e-30
1875 400 1.28085e-32
1900 400 1.57053e-35
1925 400 1.43441e-38
1950 400 9.82161e-42
1975 400 5.07283e-45
2000 400 1.98806e-48
2025 400 5.94491e-52
2050 400 1.36363e-55
2075 400 2.41136e-59
2100 400 3.30296e-63
2125 400 3.52021e-67
2150 400 2.93157e-71
2175 400 1.9153e-75
2200 400 9.85417e-80
2225 400 4.00685e-84
2250 400 1.29196e-88
2275 400 3.31392e-93
2300 400 6.78245e-98
2325 400 1.11075e-102
2350 400 1.45945e-107
2375 400 1.54243e-112
2400 400 1.31433e-117
2425 400 9.05025e-123
