0 0 0
25 0 0
50 0 0
75 0 0
100 0 0
125 0 0
150 0 0
175 0 0
200 0 0
225 0 0
250 0 0
275 0 0
300 0 0
325 0 0
350 0 0
375 0 0
400 0 0
425 0 0
450 0 0
475 0 0
500 0 0
525 0 0
550 0 0
575 0 0
600 0 0
625 0 0
650 0 0
675 0 0
700 0 0
725 0 0
750 0 0
775 0 0
800 0 0
825 0 0
850 0 0
875 0 0
900 0 0
925 0 0
950 0 0
975 0 0
1000 0 0
1025 0 0
1050 0 0
1075 0 0
1100 0 0
1125 0 0
1150 0 0
1175 0 0
1200 0 0
1225 0 0
1250 0 0
1275 0 0
1300 0 0
1325 0 0
1350 0 0
1375 0 0
1400 0 0
1425 0 0
1450 0 0
1475 0 0
1500 0 0
1525 0 0
1550 0 0
1575 0 0
1600 0 0
1625 0 0
1650 0 0
1675 0 0
1700 0 0
1725 0 0
1750 0 0
1775 0 0
1800 0 0
1825 0 0
1850 0 0
1875 0 0
1900 0 0
1925 0 0
1950 0 0
1975 0 0
2000 0 0
2025 0 0
2050 0 0
2075 0 0
2100 0 0
2125 0 0
2150 0 0
2175 0 0
2200 0 0
2225 0 0
2250 0 0
2275 0 0
2300 0 0
2325 0 0
2350 0 0
2375 0 0
2400 0 0
2425 0 0
2450 0 0
2475 0 0
2500 0 0
2525 0 0
2550 0 0
2575 0 0
2600 0 0
2625 0 0
2650 0 0
2675 0 0
2700 0 0
2725 0 0
2750 0 0
2775 0 0
2800 0 0
2825 0 0
2850 0 0
2875 0 0
2900 0 0
2925 0 0
2950 0 0
2975 0 0
0 25 0
25 25 -2.74216e-09
50 25 -5.5195e-09
75 25 -8.36833e-09
100 25 -1.13272e-08
125 25 -1.44383e-08
150 25 -1.77488e-08
175 25 -2.13129e-08
200 25 -2.5194e-08
225 25 -2.94678e-08
250 25 -3.42258e-08
275 25 -3.95811e-08
300 25 -4.56746e-08
325 25 -5.26851e-08
350 25 -6.08431e-08
375 25 -7.04496e-08
400 25 -8.1905e-08
425 25 -9.57513e-08
450 25 -1.12737e-07
475 25 -1.3392e-07
500 25 -1.60834e-07
525 25 -1.9577e-07
550 25 -2.42271e-07
575 25 -3.06062e-07
600 25 -3.96884e-07
625 25 -5.32462e-07
650 25 -7.48086e-07
675 25 -1.12386e-06
700 25 -1.88702e-06
725 25 -4.1247e-06
750 25 -8.66641e-06
775 25 -1.54137e-06
800 25 2.59025e-05
825 25 3.05755e-05
850 25 7.5634e-07
875 25 -1.73074e-05
900 25 -1.2512e-05
925 25 -4.40393e-06
950 25 -9.3166e-07
975 25 -1.21985e-07
1000 25 -2.28593e-09
1025 25 9.73921e-09
1050 25 1.06086e-08
1075 25 1.06777e-08
1100 25 1.07143e-08
1125 25 1.07595e-08
1150 25 1.0815e-08
1175 25 1.08811e-08
1200 25 1.09581e-08
1225 25 1.10463e-08
1250 25 1.11461e-08
1275 25 1.12578e-08
1300 25 1.1382e-08
1325 25 1.15191e-08
1350 25 1.16699e-08
1375 25 1.18349e-08
1400 25 1.20149e-08
1425 25 1.22108e-08
1450 25 1.24235e-08
1475 25 1.26541e-08
1500 25 1.29036e-08
1525 25 1.31735e-08
1550 25 1.34651e-08
1575 25 1.378e-08
1600 25 1.41201e-08
1625 25 1.44873e-08
1650 25 1.48839e-08
1675 25 1.53124e-08
1700 25 1.57755e-08
1725 25 1.62765e-08
1750 25 1.68189e-08
1775 25 1.74067e-08
1800 25 1.80445e-08
1825 25 1.87374e-08
1850 25 1.94914e-08
1875 25 2.03131e-08
1900 25 2.12103e-08
1925 25 2.21918e-08
1950 25 2.32679e-08
1975 25 2.44505e-08
2000 25 2.57534e-08
2025 25 2.71927e-08
2050 25 2.87874e-08
2075 25 3.05602e-08
2100 25 3.25375e-08
2125 25 3.47514e-08
2150 25 3.72402e-08
2175 25 4.00503e-08
2200 25 4.32385e-08
2225 25 4.68745e-08
2250 25 5.10447e-08
2275 25 5.58576e-08
2300 25 6.14501e-08
2325 25 6.79975e-08
2350 25 7.5727e-08
2375 25 8.49369e-08
2400 25 9.60251e-08
2425 25 1.09531e-07
2450 25 1.26202e-07
2475 25 1.47094e-07
2500 25 1.73738e-07
2525 25 2.08424e-07
2550 25 2.54695e-07
2575 25 3.18273e-07
2600 25 4.08899e-07
2625 25 5.44297e-07
2650 25 7.59756e-07
2675 25 1.13538e-06
2700 25 1.89841e-06
2725 25 4.13595e-06
2750 25 8.67755e-06
2775 25 1.55242e-06
2800 25 -2.58915e-05
2825 25 -3.05646e-05
2850 25 -7.45525e-07
2875 25 1.73181e-05
2900 25 1.25227e-05
2925 25 4.4146e-06
2950 25 9.42158e-07
2975 25 1.29909e-07
0 50 0
25 50 -5.5195e-09
50 50 -1.11102e-08
75 50 -1.68454e-08
100 50 -2.28033e-08
125 50 -2.90692e-08
150 50 -3.57387e-08
175 50 -4.29217e-08
200 50 -5.0747e-08
225 50 -5.93681e-08
250 50 -6.89714e-08
275 50 -7.97867e-08
300 50 -9.21017e-08
325 50 -1.06281e-07
350 50 -1.22797e-07
375 50 -1.42266e-07
400 50 -1.65511e-07
425 50 -1.93647e-07
450 50 -2.28222e-07
475 50 -2.7143e-07
500 50 -3.26466e-07
525 50 -3.98134e-07
550 50 -4.93919e-07
575 50 -6.26038e-07
600 50 -8.15567e-07
625 50 -1.10167e-06
650 50 -1.56496e-06
675 50 -2.39915e-06
700 50 -4.30264e-06
725 50 -9.43132e-06
750 50 -1.35999e-05
775 50 5.30029e-06
800 50 4.47312e-05
825 50 4.90835e-05
850 50 4.90847e-06
875 50 -2.78709e-05
900 50 -2.41387e-05
925 50 -9.98491e-06
950 50 -2.47343e-06
975 50 -3.86488e-07
1000 50 -2.45483e-08
1025 50 1.76615e-08
1050 50 2.11459e-08
1075 50 2.14004e-08
1100 50 2.14794e-08
1125 50 2.15703e-08
1150 50 2.16817e-08
1175 50 2.18145e-08
1200 50 2.19691e-08
1225 50 2.21461e-08
1250 50 2.23464e-08
1275 50 2.25707e-08
1300 50 2.282e-08
1325 50 2.30954e-08
1350 50 2.3398e-08
1375 50 2.37294e-08
1400 50 2.40909e-08
1425 50 2.44843e-08
1450 50 2.49114e-08
1475 50 2.53744e-08
1500 50 2.58755e-08
1525 50 2.64175e-08
1550 50 2.70032e-08
1575 50 2.76358e-08
1600 50 2.83189e-08
1625 50 2.90567e-08
1650 50 2.98534e-08
1675 50 3.07143e-08
1700 50 3.16449e-08
1725 50 3.26517e-08
1750 50 3.37417e-08
1775 50 3.49232e-08
1800 50 3.62052e-08
1825 50 3.75983e-08
1850 50 3.91142e-08
1875 50 4.07666e-08
1900 50 4.2571e-08
1925 50 4.45453e-08
1950 50 4.67103e-08
1975 50 4.90898e-08
2000 50 5.17119e-08
2025 50 5.46093e-08
2050 50 5.78204e-08
2075 50 6.13907e-08
2100 50 6.53743e-08
2125 50 6.98357e-08
2150 50 7.48529e-08
2175 50 8.052e-08
2200 50 8.69522e-08
2225 50 9.42912e-08
2250 50 1.02713e-07
2275 50 1.12438e-07
2300 50 1.23747e-07
2325 50 1.36996e-07
2350 50 1.52651e-07
2375 50 1.71323e-07
2400 50 1.9383e-07
2425 50 2.21283e-07
2450 50 2.55225e-07
2475 50 2.97848e-07
2500 50 3.52342e-07
2525 50 4.23508e-07
2550 50 5.18831e-07
2575 50 6.50522e-07
2600 50 8.39658e-07
2625 50 1.1254e-06
2650 50 1.58836e-06
2675 50 2.42224e-06
2700 50 4.32546e-06
2725 50 9.45389e-06
2750 50 1.36223e-05
2775 50 -5.27814e-06
2800 50 -4.47093e-05
2825 50 -4.90617e-05
2850 50 -4.88679e-06
2875 50 2.78925e-05
2900 50 2.41602e-05
2925 50 1.00063e-05
2950 50 2.4941e-06
2975 50 3.97339e-07
0 75 0
25 75 -8.36833e-09
50 75 -1.68454e-08
75 75 -2.55436e-08
100 75 -3.45821e-08
125 75 -4.40917e-08
150 75 -5.42191e-08
175 75 -6.51328e-08
200 75 -7.70308e-08
225 75 -9.01495e-08
250 75 -1.04776e-07
275 75 -1.21267e-07
300 75 -1.40066e-07
325 75 -1.61742e-07
350 75 -1.87027e-07
375 75 -2.16887e-07
400 75 -2.52613e-07
425 75 -2.95962e-07
450 75 -3.49388e-07
475 75 -4.16388e-07
500 75 -5.02103e-07
525 75 -6.14332e-07
550 75 -7.65399e-07
575 75 -9.75765e-07
600 75 -1.28162e-06
625 75 -1.75276e-06
650 75 -2.54192e-06
675 75 -4.0871e-06
700 75 -8.05849e-06
725 75 -1.49441e-05
750 75 -9.988e-06
775 75 2.063e-05
800 75 5.20232e-05
825 75 5.12357e-05
850 75 1.23506e-05
875 75 -2.7871e-05
900 75 -3.30459e-05
925 75 -1.72594e-05
950 75 -5.24686e-06
975 75 -1.0029e-06
1000 75 -1.05304e-07
1025 75 1.93144e-08
1050 75 3.13056e-08
1075 75 3.21993e-08
1100 75 3.23462e-08
1125 75 3.24844e-08
1150 75 3.26527e-08
1175 75 3.2853e-08
1200 75 3.30864e-08
1225 75 3.33536e-08
1250 75 3.36559e-08
1275 75 3.39945e-08
1300 75 3.43709e-08
1325 75 3.47867e-08
1350 75 3.52437e-08
1375 75 3.57439e-08
1400 75 3.62898e-08
1425 75 3.68838e-08
1450 75 3.75289e-08
1475 75 3.82281e-08
1500 75 3.89851e-08
1525 75 3.98038e-08
1550 75 4.06886e-08
1575 75 4.16443e-08
1600 75 4.26765e-08
1625 75 4.37913e-08
1650 75 4.49955e-08
1675 75 4.62967e-08
1700 75 4.77036e-08
1725 75 4.92257e-08
1750 75 5.08741e-08
1775 75 5.2661e-08
1800 75 5.46004e-08
1825 75 5.67081e-08
1850 75 5.90022e-08
1875 75 6.15034e-08
1900 75 6.42354e-08
1925 75 6.72254e-08
1950 75 7.0505e-08
1975 75 7.41109e-08
2000 75 7.80856e-08
2025 75 8.24792e-08
2050 75 8.73504e-08
2075 75 9.27689e-08
2100 75 9.88175e-08
2125 75 1.05595e-07
2150 75 1.13221e-07
2175 75 1.21841e-07
2200 75 1.31631e-07
2225 75 1.4281e-07
2250 75 1.5565e-07
2275 75 1.70492e-07
2300 75 1.8777e-07
2325 75 2.08038e-07
2350 75 2.32023e-07
2375 75 2.60679e-07
2400 75 2.95289e-07
2425 75 3.37607e-07
2450 75 3.90076e-07
2475 75 4.56192e-07
2500 75 5.41088e-07
2525 75 6.5256e-07
2550 75 8.02928e-07
2575 75 1.01265e-06
2600 75 1.31791e-06
2625 75 1.7885e-06
2650 75 2.57717e-06
2675 75 4.12188e-06
2700 75 8.09286e-06
2725 75 1.49781e-05
2750 75 1.00217e-05
2775 75 -2.05967e-05
2800 75 -5.19901e-05
2825 75 -5.12029e-05
2850 75 -1.2318e-05
2875 75 2.79034e-05
2900 75 3.30783e-05
2925 75 1.72915e-05
2950 75 5.27639e-06
2975 75 1.00056e-06
0 100 0
25 100 -1.13272e-08
50 100 -2.28033e-08
75 100 -3.45821e-08
100 100 -4.68272e-08
125 100 -5.9718e-08
150 100 -7.34561e-08
175 100 -8.82737e-08
200 100 -1.04444e-07
225 100 -1.22294e-07
250 100 -1.42222e-07
275 100 -1.64724e-07
300 100 -1.90419e-07
325 100 -2.20104e-07
350 100 -2.5481e-07
375 100 -2.959e-07
400 100 -3.45209e-07
425 100 -4.05252e-07
450 100 -4.79565e-07
475 100 -5.73239e-07
500 100 -6.93842e-07
525 100 -8.53031e-07
550 100 -1.06959e-06
575 100 -1.37553e-06
600 100 -1.82968e-06
625 100 -2.55245e-06
650 100 -3.8419e-06
675 100 -6.78616e-06
700 100 -1.33764e-05
725 100 -1.60384e-05
750 100 4.23237e-06
775 100 3.61238e-05
800 100 4.78719e-05
825 100 4.16175e-05
850 100 1.95994e-05
875 100 -1.80615e-05
900 100 -3.66236e-05
925 100 -2.55575e-05
950 100 -9.76404e-06
975 100 -2.29105e-06
1000 100 -3.25015e-07
1025 100 2.95917e-09
1050 100 4.0013e-08
1075 100 4.30526e-08
1100 100 4.3364e-08
1125 100 4.35552e-08
1150 100 4.37816e-08
1175 100 4.40511e-08
1200 100 4.4365e-08
1225 100 4.47245e-08
1250 100 4.51312e-08
1275 100 4.55868e-08
1300 100 4.60932e-08
1325 100 4.66526e-08
1350 100 4.72675e-08
1375 100 4.79407e-08
1400 100 4.86754e-08
1425 100 4.94749e-08
1450 100 5.03432e-08
1475 100 5.12845e-08
1500 100 5.23037e-08
1525 100 5.3406e-08
1550 100 5.45975e-08
1575 100 5.58848e-08
1600 100 5.72753e-08
1625 100 5.87772e-08
1650 100 6.03999e-08
1675 100 6.21536e-08
1700 100 6.40501e-08
1725 100 6.61024e-08
1750 100 6.83254e-08
1775 100 7.07358e-08
1800 100 7.33526e-08
1825 100 7.61972e-08
1850 100 7.92944e-08
1875 100 8.26722e-08
1900 100 8.63629e-08
1925 100 9.04037e-08
1950 100 9.48378e-08
1975 100 9.97149e-08
2000 100 1.05094e-07
2025 100 1.11042e-07
2050 100 1.17641e-07
2075 100 1.24986e-07
2100 100 1.3319e-07
2125 100 1.4239e-07
2150 100 1.5275e-07
2175 100 1.64471e-07
2200 100 1.77796e-07
2225 100 1.9303e-07
2250 100 2.10548e-07
2275 100 2.30826e-07
2300 100 2.54469e-07
2325 100 2.82258e-07
2350 100 3.1521e-07
2375 100 3.54678e-07
2400 100 4.02484e-07
2425 100 4.61137e-07
2450 100 5.34162e-07
2475 100 6.26645e-07
2500 100 7.46145e-07
2525 100 9.04316e-07
2550 100 1.11993e-06
2575 100 1.425e-06
2600 100 1.87835e-06
2625 100 2.6004e-06
2650 100 3.88917e-06
2675 100 6.83281e-06
2700 100 1.34225e-05
2725 100 1.60839e-05
2750 100 -4.18724e-06
2775 100 -3.6079e-05
2800 100 -4.78276e-05
2825 100 -4.15735e-05
2850 100 -1.95556e-05
2875 100 1.8105e-05
2900 100 3.66669e-05
2925 100 2.56002e-05
2950 100 9.79817e-06
2975 100 2.23258e-06
0 125 0
25 125 -1.44383e-08
50 125 -2.90692e-08
75 125 -4.40917e-08
100 125 -5.9718e-08
125 125 -7.61807e-08
150 125 -9.37422e-08
175 125 -1.12705e-07
200 125 -1.33427e-07
225 125 -1.56336e-07
250 125 -1.81957e-07
275 125 -2.10944e-07
300 125 -2.4412e-07
325 125 -2.82546e-07
350 125 -3.27604e-07
375 125 -3.81135e-07
400 125 -4.45628e-07
425 125 -5.24534e-07
450 125 -6.22749e-07
475 125 -7.47416e-07
500 125 -9.09322e-07
525 125 -1.12543e-06
550 125 -1.4238e-06
575 125 -1.85412e-06
600 125 -2.51299e-06
625 125 -3.61844e-06
650 125 -5.86615e-06
675 125 -1.1261e-05
700 125 -1.74953e-05
725 125 -7.11203e-06
750 125 2.36947e-05
775 125 4.27727e-05
800 125 3.66528e-05
825 125 2.84241e-05
850 125 2.30555e-05
875 125 -3.19456e-06
900 125 -3.29078e-05
925 125 -3.29125e-05
950 125 -1.6134e-05
975 125 -4.66502e-06
1000 125 -8.3351e-07
1025 125 -5.91112e-08
1050 125 4.41226e-08
1075 125 5.37661e-08
1100 125 5.45744e-08
1125 125 5.48374e-08
1150 125 5.51245e-08
1175 125 5.54653e-08
1200 125 5.58621e-08
1225 125 5.63167e-08
1250 125 5.68309e-08
1275 125 5.7407e-08
1300 125 5.80474e-08
1325 125 5.8755e-08
1350 125 5.95328e-08
1375 125 6.03844e-08
1400 125 6.13139e-08
1425 125 6.23255e-08
1450 125 6.34242e-08
1475 125 6.46156e-08
1500 125 6.59057e-08
1525 125 6.73013e-08
1550 125 6.881e-08
1575 125 7.04402e-08
1600 125 7.22015e-08
1625 125 7.41043e-08
1650 125 7.61606e-08
1675 125 7.83834e-08
1700 125 8.07879e-08
1725 125 8.33906e-08
1750 125 8.62106e-08
1775 125 8.92692e-08
1800 125 9.25908e-08
1825 125 9.6203e-08
1850 125 1.00137e-07
1875 125 1.0443e-07
1900 125 1.09122e-07
1925 125 1.14263e-07
1950 125 1.19906e-07
1975 125 1.26116e-07
2000 125 1.3297e-07
2025 125 1.40555e-07
2050 125 1.48975e-07
2075 125 1.58354e-07
2100 125 1.6884e-07
2125 125 1.80611e-07
2150 125 1.9388e-07
2175 125 2.08908e-07
2200 125 2.26018e-07
2225 125 2.45605e-07
2250 125 2.68168e-07
2275 125 2.94334e-07
2300 125 3.24908e-07
2325 125 3.60929e-07
2350 125 4.03765e-07
2375 125 4.55239e-07
2400 125 5.17829e-07
2425 125 5.94975e-07
2450 125 6.91559e-07
2475 125 8.14718e-07
2500 125 9.75227e-07
2525 125 1.19004e-06
2550 125 1.48722e-06
2575 125 1.91644e-06
2600 125 2.5743e-06
2625 125 3.67883e-06
2650 125 5.92568e-06
2675 125 1.13197e-05
2700 125 1.75534e-05
2725 125 7.16944e-06
2750 125 -2.36379e-05
2775 125 -4.27164e-05
2800 125 -3.65969e-05
2825 125 -2.83687e-05
2850 125 -2.30004e-05
2875 125 3.24939e-06
2900 125 3.29623e-05
2925 125 3.29649e-05
2950 125 1.61605e-05
2975 125 4.44945e-06
0 150 0
25 150 -1.77488e-08
50 150 -3.57387e-08
75 150 -5.42191e-08
100 150 -7.34561e-08
125 150 -9.37422e-08
150 150 -1.15408e-07
175 150 -1.38837e-07
200 150 -1.6448e-07
225 150 -1.92886e-07
250 150 -2.24725e-07
275 150 -2.60836e-07
300 150 -3.02285e-07
325 150 -3.5045e-07
350 150 -4.07141e-07
375 150 -4.74785e-07
400 150 -5.56701e-07
425 150 -6.57537e-07
450 150 -7.83976e-07
475 150 -9.45934e-07
500 150 -1.1587e-06
525 150 -1.44697e-06
550 150 -1.85316e-06
575 150 -2.45646e-06
600 150 -3.42453e-06
625 150 -5.22389e-06
650 150 -9.42509e-06
675 150 -1.65666e-05
700 150 -1.41369e-05
725 150 1.1533e-05
750 150 3.79577e-05
775 150 3.83083e-05
800 150 2.41664e-05
825 150 1.76384e-05
850 150 2.18201e-05
875 150 1.06245e-05
900 150 -2.22009e-05
925 150 -3.66477e-05
950 150 -2.37148e-05
975 150 -8.51705e-06
1000 150 -1.86961e-06
1025 150 -2.24478e-07
1050 150 3.55943e-08
1075 150 6.36533e-08
1100 150 6.59878e-08
1125 150 6.63872e-08
1150 150 6.67401e-08
1175 150 6.71548e-08
1200 150 6.76378e-08
1225 150 6.81911e-08
1250 150 6.8817e-08
1275 150 6.95182e-08
1300 150 7.02978e-08
1325 150 7.11592e-08
1350 150 7.21063e-08
1375 150 7.31433e-08
1400 150 7.42753e-08
1425 150 7.55075e-08
1450 150 7.68461e-08
1475 150 7.82977e-08
1500 150 7.98699e-08
1525 150 8.1571e-08
1550 150 8.34104e-08
1575 150 8.53984e-08
1600 150 8.75466e-08
1625 150 8.98682e-08
1650 150 9.23776e-08
1675 150 9.50911e-08
1700 150 9.80271e-08
1725 150 1.01206e-07
1750 150 1.04652e-07
1775 150 1.08391e-07
1800 150 1.12453e-07
1825 150 1.16873e-07
1850 150 1.21689e-07
1875 150 1.26946e-07
1900 150 1.32696e-07
1925 150 1.38999e-07
1950 150 1.45922e-07
1975 150 1.53548e-07
2000 150 1.61969e-07
2025 150 1.71297e-07
2050 150 1.81661e-07
2075 150 1.93218e-07
2100 150 2.06152e-07
2125 150 2.20688e-07
2150 150 2.37097e-07
2175 150 2.5571e-07
2200 150 2.76934e-07
2225 150 3.01277e-07
2250 150 3.29377e-07
2275 150 3.62043e-07
2300 150 4.00312e-07
2325 150 4.45541e-07
2350 150 4.99518e-07
2375 150 5.64653e-07
2400 150 6.44248e-07
2425 150 7.42936e-07
2450 150 8.67386e-07
2475 150 1.0275e-06
2500 150 1.23857e-06
2525 150 1.52527e-06
2550 150 1.93001e-06
2575 150 2.53196e-06
2600 150 3.4988e-06
2625 150 5.29703e-06
2650 150 9.4972e-06
2675 150 1.66378e-05
2700 150 1.42072e-05
2725 150 -1.14635e-05
2750 150 -3.78889e-05
2775 150 -3.82401e-05
2800 150 -2.40987e-05
2825 150 -1.75712e-05
2850 150 -2.17534e-05
2875 150 -1.05581e-05
2900 150 2.22666e-05
2925 150 3.6707e-05
2950 150 2.37028e-05
2975 150 7.93373e-06
0 175 0
25 175 -2.13129e-08
50 175 -4.29217e-08
75 175 -6.51328e-08
100 175 -8.82737e-08
125 175 -1.12705e-07
150 175 -1.38837e-07
175 175 -1.67143e-07
200 175 -1.9819e-07
225 175 -2.32662e-07
250 175 -2.71405e-07
275 175 -3.15482e-07
300 175 -3.66254e-07
325 175 -4.25489e-07
350 175 -4.95538e-07
375 175 -5.79576e-07
400 175 -6.82001e-07
425 175 -8.09056e-07
450 175 -9.69871e-07
475 175 -1.17829e-06
500 175 -1.45623e-06
525 175 -1.8404e-06
550 175 -2.39712e-06
575 175 -3.26018e-06
600 175 -4.76378e-06
625 175 -8.04272e-06
650 175 -1.47404e-05
675 175 -1.75503e-05
700 175 8.22257e-07
725 175 3.07783e-05
750 175 4.00814e-05
775 175 2.74391e-05
800 175 1.44217e-05
825 175 1.10429e-05
850 175 1.7682e-05
875 175 1.90609e-05
900 175 -7.5052e-06
925 175 -3.45862e-05
950 175 -3.09682e-05
975 175 -1.39956e-05
1000 175 -3.74924e-06
1025 175 -5.98047e-07
1050 175 -3.77966e-09
1075 175 7.07799e-08
1100 175 7.7518e-08
1125 175 7.82591e-08
1150 175 7.86907e-08
1175 175 7.91832e-08
1200 175 7.97561e-08
1225 175 8.04125e-08
1250 175 8.11552e-08
1275 175 8.19873e-08
1300 175 8.29125e-08
1325 175 8.39349e-08
1350 175 8.50591e-08
1375 175 8.62903e-08
1400 175 8.76344e-08
1425 175 8.90979e-08
1450 175 9.06879e-08
1475 175 9.24125e-08
1500 175 9.42808e-08
1525 175 9.63027e-08
1550 175 9.84895e-08
1575 175 1.00854e-07
1600 175 1.03409e-07
1625 175 1.06172e-07
1650 175 1.09159e-07
1675 175 1.1239e-07
1700 175 1.15887e-07
1725 175 1.19676e-07
1750 175 1.23784e-07
1775 175 1.28243e-07
1800 175 1.33091e-07
1825 175 1.38367e-07
1850 175 1.44121e-07
1875 175 1.50405e-07
1900 175 1.57284e-07
1925 175 1.64828e-07
1950 175 1.73123e-07
1975 175 1.82266e-07
2000 175 1.92373e-07
2025 175 2.03579e-07
2050 175 2.16045e-07
2075 175 2.29961e-07
2100 175 2.45557e-07
2125 175 2.63111e-07
2150 175 2.82957e-07
2175 175 3.05511e-07
2200 175 3.31281e-07
2225 175 3.60905e-07
2250 175 3.95189e-07
2275 175 4.35158e-07
2300 175 4.82141e-07
2325 175 5.37879e-07
2350 175 6.04696e-07
2375 175 6.85748e-07
2400 175 7.8541e-07
2425 175 9.09909e-07
2450 175 1.06836e-06
2475 175 1.27459e-06
2500 175 1.55051e-06
2525 175 1.93281e-06
2550 175 2.48781e-06
2575 175 3.34928e-06
2600 175 4.85141e-06
2625 175 8.12901e-06
2650 175 1.48255e-05
2675 175 1.76342e-05
2700 175 -7.39344e-07
2725 175 -3.06963e-05
2750 175 -4.00002e-05
2775 175 -2.73587e-05
2800 175 -1.43419e-05
2825 175 -1.09637e-05
2850 175 -1.76033e-05
2875 175 -1.89827e-05
2900 175 7.58179e-06
2925 175 3.46447e-05
2950 175 3.08477e-05
2975 175 1.26544e-05
0 200 0
25 200 -2.5194e-08
50 200 -5.0747e-08
75 200 -7.70308e-08
100 200 -1.04444e-07
125 200 -1.33427e-07
150 200 -1.6448e-07
175 200 -1.9819e-07
200 200 -2.35254e-07
225 200 -2.76525e-07
250 200 -3.2306e-07
275 200 -3.76201e-07
300 200 -4.37674e-07
325 200 -5.0975e-07
350 200 -5.95471e-07
375 200 -6.99001e-07
400 200 -8.26192e-07
425 200 -9.85491e-07
450 200 -1.18952e-06
475 200 -1.45795e-06
500 200 -1.82302e-06
525 200 -2.34142e-06
550 200 -3.12318e-06
575 200 -4.42243e-06
600 200 -7.05211e-06
625 200 -1.28402e-05
650 200 -1.84557e-05
675 200 -7.47093e-06
700 200 2.20499e-05
725 200 3.97726e-05
750 200 3.17906e-05
775 200 1.65133e-05
800 200 8.49155e-06
825 200 7.68862e-06
850 200 1.31348e-05
875 200 2.11799e-05
900 200 6.73984e-06
925 200 -2.62885e-05
950 200 -3.5758e-05
975 200 -2.07477e-05
1000 200 -6.79575e-06
1025 200 -1.34603e-06
1050 200 -1.10679e-07
1075 200 7.03973e-08
1100 200 8.88152e-08
1125 200 9.04947e-08
1150 200 9.10426e-08
1175 200 9.16183e-08
1200 200 9.2286e-08
1225 200 9.3051e-08
1250 200 9.39165e-08
1275 200 9.48865e-08
1300 200 9.5965e-08
1325 200 9.71571e-08
1350 200 9.84681e-08
1375 200 9.99042e-08
1400 200 1.01472e-07
1425 200 1.0318e-07
1450 200 1.05035e-07
1475 200 1.07048e-07
1500 200 1.0923e-07
1525 200 1.11591e-07
1550 200 1.14146e-07
1575 200 1.16909e-07
1600 200 1.19896e-07
1625 200 1.23127e-07
1650 200 1.26621e-07
1675 200 1.30403e-07
1700 200 1.34498e-07
1725 200 1.38936e-07
1750 200 1.43751e-07
1775 200 1.4898e-07
1800 200 1.54668e-07
1825 200 1.60864e-07
1850 200 1.67624e-07
1875 200 1.75013e-07
1900 200 1.83107e-07
1925 200 1.91993e-07
1950 200 2.01771e-07
1975 200 2.12561e-07
2000 200 2.245e-07
2025 200 2.37755e-07
2050 200 2.52518e-07
2075 200 2.69023e-07
2100 200 2.87551e-07
2125 200 3.0844e-07
2150 200 3.32104e-07
2175 200 3.59054e-07
2200 200 3.89923e-07
2225 200 4.25505e-07
2250 200 4.66811e-07
2275 200 5.15136e-07
2300 200 5.72172e-07
2325 200 6.40153e-07
2350 200 7.22092e-07
2375 200 8.22128e-07
2400 200 9.46088e-07
2425 200 1.1024e-06
2450 200 1.30367e-06
2475 200 1.56954e-06
2500 200 1.93225e-06
2525 200 2.44847e-06
2550 200 3.22822e-06
2575 200 4.52561e-06
2600 200 7.15358e-06
2625 200 1.29402e-05
2650 200 1.85541e-05
2675 200 7.56809e-06
2700 200 -2.19539e-05
2725 200 -3.96777e-05
2750 200 -3.16967e-05
2775 200 -1.64203e-05
2800 200 -8.39926e-06
2825 200 -7.59701e-06
2850 200 -1.30438e-05
2875 200 -2.10896e-05
2900 200 -6.65376e-06
2925 200 2.63268e-05
2950 200 3.53868e-05
2975 200 1.80091e-05
0 225 0
25 225 -2.94678e-08
50 225 -5.93681e-08
75 225 -9.01495e-08
100 225 -1.22294e-07
125 225 -1.56336e-07
150 225 -1.92886e-07
175 225 -2.32662e-07
200 225 -2.76525e-07
225 225 -3.25531e-07
250 225 -3.81006e-07
275 225 -4.44638e-07
300 225 -5.18629e-07
325 225 -6.05898e-07
350 225 -7.10409e-07
375 225 -8.37674e-07
400 225 -9.95564e-07
425 225 -1.1957e-06
450 225 -1.45592e-06
475 225 -1.80496e-06
500 225 -2.29224e-06
525 225 -3.01069e-06
550 225 -4.16294e-06
575 225 -6.34717e-06
600 225 -1.12097e-05
625 225 -1.79298e-05
650 225 -1.31294e-05
675 225 1.30618e-05
700 225 3.71149e-05
725 225 3.56107e-05
750 225 2.01079e-05
775 225 9.01228e-06
800 225 5.50805e-06
825 225 6.05434e-06
850 225 9.6823e-06
875 225 1.88417e-05
900 225 1.67868e-05
925 225 -1.35273e-05
950 225 -3.61018e-05
975 225 -2.77704e-05
1000 225 -1.12042e-05
1025 225 -2.69352e-06
1050 225 -3.50822e-07
1075 225 5.21094e-08
1100 225 9.8891e-08
1125 225 1.03093e-07
1150 225 1.03866e-07
1175 225 1.04534e-07
1200 225 1.05302e-07
1225 225 1.06182e-07
1250 225 1.07178e-07
1275 225 1.08294e-07
1300 225 1.09536e-07
1325 225 1.10908e-07
1350 225 1.12417e-07
1375 225 1.14071e-07
1400 225 1.15877e-07
1425 225 1.17844e-07
1450 225 1.19982e-07
1475 225 1.22302e-07
1500 225 1.24817e-07
1525 225 1.27541e-07
1550 225 1.30488e-07
1575 225 1.33677e-07
1600 225 1.37126e-07
1625 225 1.40857e-07
1650 225 1.44895e-07
1675 225 1.49267e-07
1700 225 1.54004e-07
1725 225 1.5914e-07
1750 225 1.64716e-07
1775 225 1.70776e-07
1800 225 1.77371e-07
1825 225 1.84561e-07
1850 225 1.92411e-07
1875 225 2.01e-07
1900 225 2.10417e-07
1925 225 2.20765e-07
1950 225 2.32165e-07
1975 225 2.4476e-07
2000 225 2.58715e-07
2025 225 2.74228e-07
2050 225 2.91534e-07
2075 225 3.10915e-07
2100 225 3.32711e-07
2125 225 3.57336e-07
2150 225 3.85298e-07
2175 225 4.17223e-07
2200 225 4.53896e-07
2225 225 4.96307e-07
2250 225 5.45722e-07
2275 225 6.03779e-07
2300 225 6.72632e-07
2325 225 7.55165e-07
2350 225 8.55304e-07
2375 225 9.78531e-07
2400 225 1.13269e-06
2425 225 1.32938e-06
2450 225 1.58641e-06
2475 225 1.9325e-06
2500 225 2.41706e-06
2525 225 3.13299e-06
2550 225 4.28292e-06
2575 225 6.46501e-06
2600 225 1.13256e-05
2625 225 1.80438e-05
2650 225 1.32418e-05
2675 225 -1.29509e-05
2700 225 -3.70054e-05
2725 225 -3.55024e-05
2750 225 -2.00008e-05
2775 225 -8.9061e-06
2800 225 -5.40275e-06
2825 225 -5.94981e-06
2850 225 -9.57846e-06
2875 225 -1.87391e-05
2900 225 -1.66954e-05
2925 225 1.35032e-05
2950 225 3.52204e-05
2975 225 2.27126e-05
0 250 0
25 250 -3.42258e-08
50 250 -6.89714e-08
75 250 -1.04776e-07
100 250 -1.42222e-07
125 250 -1.81957e-07
150 250 -2.24725e-07
175 250 -2.71405e-07
200 250 -3.2306e-07
225 250 -3.81006e-07
250 250 -4.46904e-07
275 250 -5.22898e-07
300 250 -6.11807e-07
325 250 -7.17426e-07
350 250 -8.44981e-07
375 250 -1.00187e-06
400 250 -1.19889e-06
425 250 -1.45242e-06
450 250 -1.78846e-06
475 250 -2.25085e-06
500 250 -2.91997e-06
525 250 -3.96368e-06
550 250 -5.84061e-06
575 250 -9.92846e-06
600 250 -1.67727e-05
625 250 -1.65041e-05
650 250 4.88225e-06
675 250 3.2589e-05
700 250 3.81406e-05
725 250 2.42414e-05
750 250 1.0791e-05
775 250 5.08189e-06
800 250 4.16717e-06
825 250 5.13943e-06
850 250 7.54656e-06
875 250 1.48098e-05
900 250 2.11341e-05
925 250 3.80358e-07
950 250 -3.106e-05
975 250 -3.3522e-05
1000 250 -1.68714e-05
1025 250 -4.89082e-06
1050 250 -8.28508e-07
1075 250 -4.53267e-09
1100 250 1.05372e-07
1125 250 1.15939e-07
1150 250 1.17229e-07
1175 250 1.18012e-07
1200 250 1.18888e-07
1225 250 1.19891e-07
1250 250 1.21026e-07
1275 250 1.22298e-07
1300 250 1.23713e-07
1325 250 1.25277e-07
1350 250 1.26999e-07
1375 250 1.28885e-07
1400 250 1.30946e-07
1425 250 1.33191e-07
1450 250 1.35632e-07
1475 250 1.38281e-07
1500 250 1.41154e-07
1525 250 1.44267e-07
1550 250 1.47636e-07
1575 250 1.51283e-07
1600 250 1.55229e-07
1625 250 1.59501e-07
1650 250 1.64126e-07
1675 250 1.69136e-07
1700 250 1.74567e-07
1725 250 1.8046e-07
1750 250 1.86862e-07
1775 250 1.93825e-07
1800 250 2.01409e-07
1825 250 2.09684e-07
1850 250 2.18727e-07
1875 250 2.28631e-07
1900 250 2.39501e-07
1925 250 2.5146e-07
1950 250 2.64652e-07
1975 250 2.79245e-07
2000 250 2.95439e-07
2025 250 3.13471e-07
2050 250 3.33623e-07
2075 250 3.56236e-07
2100 250 3.81723e-07
2125 250 4.10588e-07
2150 250 4.43452e-07
2175 250 4.81089e-07
2200 250 5.2447e-07
2225 250 5.74831e-07
2250 250 6.33766e-07
2275 250 7.03358e-07
2300 250 7.86374e-07
2325 250 8.86561e-07
2350 250 1.00911e-06
2375 250 1.16137e-06
2400 250 1.35412e-06
2425 250 1.60371e-06
2450 250 1.9361e-06
2475 250 2.39512e-06
2500 250 3.06113e-06
2525 250 4.10196e-06
2550 250 5.97624e-06
2575 250 1.00616e-05
2600 250 1.69037e-05
2625 250 1.6633e-05
2650 250 -4.75525e-06
2675 250 -3.24637e-05
2700 250 -3.80169e-05
2725 250 -2.41191e-05
2750 250 -1.067e-05
2775 250 -4.962e-06
2800 250 -4.04828e-06
2825 250 -5.02142e-06
2850 250 -7.42942e-06
2875 250 -1.46953e-05
2900 250 -2.10474e-05
2925 250 -5.51263e-07
2950 250 2.92421e-05
2975 250 2.49931e-05
0 275 0
25 275 -3.95811e-08
50 275 -7.97867e-08
75 275 -1.21267e-07
100 275 -1.64724e-07
125 275 -2.10944e-07
150 275 -2.60836e-07
175 275 -3.15482e-07
200 275 -3.76201e-07
225 275 -4.44638e-07
250 275 -5.22898e-07
275 275 -6.13721e-07
300 275 -7.20767e-07
325 275 -8.49033e-07
350 275 -1.00553e-06
375 275 -1.20041e-06
400 275 -1.44887e-06
425 275 -1.77477e-06
450 275 -2.21771e-06
475 275 -2.84873e-06
500 275 -3.81135e-06
525 275 -5.47295e-06
550 275 -8.9655e-06
575 275 -1.54731e-05
600 275 -1.81929e-05
625 275 -1.88322e-06
650 275 2.69914e-05
675 275 3.91171e-05
700 275 2.82941e-05
725 275 1.33148e-05
750 275 5.49246e-06
775 275 3.4017e-06
800 275 3.54731e-06
825 275 4.5181e-06
850 275 6.29789e-06
875 275 1.1121e-05
900 275 2.06363e-05
925 275 1.20141e-05
950 275 -2.12747e-05
975 275 -3.6334e-05
1000 275 -2.32654e-05
1025 275 -8.14132e-06
1050 275 -1.68902e-06
1075 275 -1.35756e-07
1100 275 1.03182e-07
1125 275 1.28643e-07
1150 275 1.31192e-07
1175 275 1.3214e-07
1200 275 1.33134e-07
1225 275 1.34268e-07
1250 275 1.35553e-07
1275 275 1.36993e-07
1300 275 1.38595e-07
1325 275 1.40366e-07
1350 275 1.42316e-07
1375 275 1.44453e-07
1400 275 1.46787e-07
1425 275 1.49332e-07
1450 275 1.521e-07
1475 275 1.55106e-07
1500 275 1.58366e-07
1525 275 1.61899e-07
1550 275 1.65725e-07
1575 275 1.69869e-07
1600 275 1.74355e-07
1625 275 1.79213e-07
1650 275 1.84477e-07
1675 275 1.90182e-07
1700 275 1.96371e-07
1725 275 2.03092e-07
1750 275 2.10398e-07
1775 275 2.18352e-07
1800 275 2.27022e-07
1825 275 2.36491e-07
1850 275 2.46851e-07
1875 275 2.58209e-07
1900 275 2.70691e-07
1925 275 2.84442e-07
1950 275 2.99632e-07
1975 275 3.16463e-07
2000 275 3.35172e-07
2025 275 3.56044e-07
2050 275 3.79419e-07
2075 275 4.05708e-07
2100 275 4.35415e-07
2125 275 4.69153e-07
2150 275 5.07687e-07
2175 275 5.51973e-07
2200 275 6.03223e-07
2225 275 6.6299e-07
2250 275 7.33296e-07
2275 275 8.16813e-07
2300 275 9.17138e-07
2325 275 1.03922e-06
2350 275 1.19001e-06
2375 275 1.37962e-06
2400 275 1.62323e-06
2425 275 1.94464e-06
2450 275 2.38343e-06
2475 275 3.01063e-06
2500 275 3.96971e-06
2525 275 5.62805e-06
2550 275 9.1176e-06
2575 275 1.56224e-05
2600 275 1.83397e-05
2625 275 2.02768e-06
2650 275 -2.68491e-05
2675 275 -3.89767e-05
2700 275 -2.81555e-05
2725 275 -1.31778e-05
2750 275 -5.3569e-06
2775 275 -3.26743e-06
2800 275 -3.41418e-06
2825 275 -4.38597e-06
2850 275 -6.16694e-06
2875 275 -1.09962e-05
2900 275 -2.05763e-05
2925 275 -1.24845e-05
2950 275 1.78927e-05
2975 275 2.31271e-05
0 300 0
25 300 -4.56746e-08
50 300 -9.21017e-08
75 300 -1.40066e-07
100 300 -1.90419e-07
125 300 -2.4412e-07
150 300 -3.02285e-07
175 300 -3.66254e-07
200 300 -4.37674e-07
225 300 -5.18629e-07
250 300 -6.11807e-07
275 300 -7.20767e-07
300 300 -8.5033e-07
325 300 -1.00721e-06
350 300 -1.20103e-06
375 300 -1.4461e-06
400 300 -1.76462e-06
425 300 -2.19292e-06
450 300 -2.79513e-06
475 300 -3.69735e-06
500 300 -5.20629e-06
525 300 -8.2606e-06
550 300 -1.42802e-05
575 300 -1.87942e-05
600 300 -7.0676e-06
625 300 2.11251e-05
650 300 3.86534e-05
675 300 3.18332e-05
700 300 1.62462e-05
725 300 6.44647e-06
750 300 3.16999e-06
775 300 2.75434e-06
800 300 3.19927e-06
825 300 4.05222e-06
850 300 5.48781e-06
875 300 8.55583e-06
900 300 1.74297e-05
925 300 1.92108e-05
950 300 -8.82258e-06
975 300 -3.49938e-05
1000 300 -2.9423e-05
1025 300 -1.25014e-05
1050 300 -3.10635e-06
1075 300 -3.99319e-07
1100 300 8.25196e-08
1125 300 1.40248e-07
1150 300 1.45777e-07
1175 300 1.47015e-07
1200 300 1.48142e-07
1225 300 1.49419e-07
1250 300 1.50865e-07
1275 300 1.52486e-07
1300 300 1.54291e-07
1325 300 1.56287e-07
1350 300 1.58483e-07
1375 300 1.60892e-07
1400 300 1.63525e-07
1425 300 1.66395e-07
1450 300 1.69518e-07
1475 300 1.7291e-07
1500 300 1.76592e-07
1525 300 1.80583e-07
1550 300 1.84909e-07
1575 300 1.89594e-07
1600 300 1.94671e-07
1625 300 2.00172e-07
1650 300 2.06135e-07
1675 300 2.12604e-07
1700 300 2.19627e-07
1725 300 2.27259e-07
1750 300 2.35564e-07
1775 300 2.44612e-07
1800 300 2.54487e-07
1825 300 2.65283e-07
1850 300 2.77108e-07
1875 300 2.90091e-07
1900 300 3.04378e-07
1925 300 3.20141e-07
1950 300 3.37583e-07
1975 300 3.56944e-07
2000 300 3.78508e-07
2025 300 4.02618e-07
2050 300 4.29684e-07
2075 300 4.60207e-07
2100 300 4.94797e-07
2125 300 5.34211e-07
2150 300 5.79394e-07
2175 300 6.31536e-07
2200 300 6.92161e-07
2225 300 7.63241e-07
2250 300 8.47371e-07
2275 300 9.48026e-07
2300 300 1.06996e-06
2325 300 1.21981e-06
2350 300 1.40717e-06
2375 300 1.64628e-06
2400 300 1.95929e-06
2425 300 2.38252e-06
2450 300 2.98004e-06
2475 300 3.87794e-06
2500 300 5.38288e-06
2525 300 8.43351e-06
2550 300 1.44497e-05
2575 300 1.89605e-05
2600 300 7.23113e-06
2625 300 -2.09642e-05
2650 300 -3.84949e-05
2675 300 -3.16769e-05
2700 300 -1.60919e-05
2725 300 -6.29398e-06
2750 300 -3.01912e-06
2775 300 -2.60492e-06
2800 300 -3.05113e-06
2825 300 -3.90524e-06
2850 300 -5.34269e-06
2875 300 -8.42485e-06
2900 300 -1.74395e-05
2925 300 -2.02327e-05
2950 300 3.05306e-06
2975 300 1.614e-05
0 325 0
25 325 -5.26851e-08
50 325 -1.06281e-07
75 325 -1.61742e-07
100 325 -2.20104e-07
125 325 -2.82546e-07
150 325 -3.5045e-07
175 325 -4.25489e-07
200 325 -5.0975e-07
225 325 -6.05898e-07
250 325 -7.17426e-07
275 325 -8.49033e-07
300 325 -1.00721e-06
325 325 -1.2012e-06
350 325 -1.44461e-06
375 325 -1.75839e-06
400 325 -2.17646e-06
425 325 -2.75778e-06
450 325 -3.61603e-06
475 325 -5.01694e-06
500 325 -7.75742e-06
525 325 -1.32965e-05
550 325 -1.87873e-05
575 325 -1.07979e-05
600 325 1.56181e-05
625 325 3.71045e-05
650 325 3.46127e-05
675 325 1.92934e-05
700 325 7.77677e-06
725 325 3.26965e-06
750 325 2.33168e-06
775 325 2.48098e-06
800 325 2.95566e-06
825 325 3.69029e-06
850 325 4.87965e-06
875 325 7.00315e-06
900 325 1.36081e-05
925 325 2.16316e-05
950 325 3.5615e-06
975 325 -2.92367e-05
1000 325 -3.41226e-05
1025 325 -1.77849e-05
1050 325 -5.25119e-06
1075 325 -8.77774e-07
1100 325 2.61671e-08
1125 325 1.48703e-07
1150 325 1.60918e-07
1175 325 1.62741e-07
1200 325 1.64027e-07
1225 325 1.6546e-07
1250 325 1.67082e-07
1275 325 1.68901e-07
1300 325 1.70926e-07
1325 325 1.73166e-07
1350 325 1.75633e-07
1375 325 1.78338e-07
1400 325 1.81296e-07
1425 325 1.84522e-07
1450 325 1.88033e-07
1475 325 1.9185e-07
1500 325 1.95993e-07
1525 325 2.00487e-07
1550 325 2.05361e-07
1575 325 2.10643e-07
1600 325 2.1637e-07
1625 325 2.2258e-07
1650 325 2.29317e-07
1675 325 2.3663e-07
1700 325 2.44577e-07
1725 325 2.53222e-07
1750 325 2.62637e-07
1775 325 2.72907e-07
1800 325 2.84128e-07
1825 325 2.96411e-07
1850 325 3.09884e-07
1875 325 3.24697e-07
1900 325 3.41023e-07
1925 325 3.59068e-07
1950 325 3.79074e-07
1975 325 4.01326e-07
2000 325 4.26168e-07
2025 325 4.54011e-07
2050 325 4.85355e-07
2075 325 5.2081e-07
2100 325 5.61127e-07
2125 325 6.07242e-07
2150 325 6.60334e-07
2175 325 7.219e-07
2200 325 7.93878e-07
2225 325 8.78805e-07
2250 325 9.80063e-07
2275 325 1.10226e-06
2300 325 1.25179e-06
2325 325 1.43783e-06
2350 325 1.67393e-06
2375 325 1.98097e-06
2400 325 2.39283e-06
2425 325 2.96843e-06
2450 325 3.82139e-06
2475 325 5.21743e-06
2500 325 7.95341e-06
2525 325 1.34884e-05
2550 325 1.89753e-05
2575 325 1.09824e-05
2600 325 -1.54368e-05
2625 325 -3.69262e-05
2650 325 -3.44371e-05
2675 325 -1.91202e-05
2700 325 -7.60584e-06
2725 325 -3.10075e-06
2750 325 -2.1646e-06
2775 325 -2.31552e-06
2800 325 -2.79164e-06
2825 325 -3.52764e-06
2850 325 -4.72038e-06
2875 325 -6.87532e-06
2900 325 -1.37656e-05
2925 325 -2.35836e-05
2950 325 -1.26686e-05
2975 325 4.35464e-06
0 350 0
25 350 -6.08431e-08
50 350 -1.22797e-07
75 350 -1.87027e-07
100 350 -2.5481e-07
125 350 -3.27604e-07
150 350 -4.07141e-07
175 350 -4.95538e-07
200 350 -5.95471e-07
225 350 -7.10409e-07
250 350 -8.44981e-07
275 350 -1.00553e-06
300 350 -1.20103e-06
325 350 -1.44461e-06
350 350 -1.7563e-06
375 350 -2.16825e-06
400 350 -2.73575e-06
425 350 -3.56366e-06
450 350 -4.89023e-06
475 350 -7.41301e-06
500 350 -1.25481e-05
525 350 -1.85071e-05
550 350 -1.33392e-05
575 350 1.08665e-05
600 350 3.49264e-05
625 350 3.65676e-05
650 350 2.22081e-05
675 350 9.33754e-06
700 350 3.60096e-06
725 350 2.12273e-06
750 350 2.04699e-06
775 350 2.32601e-06
800 350 2.76385e-06
825 350 3.40153e-06
850 350 4.39495e-06
875 350 6.05978e-06
900 350 1.04363e-05
925 350 2.0407e-05
950 350 1.34812e-05
975 350 -1.99052e-05
1000 350 -3.62016e-05
1025 350 -2.35161e-05
1050 350 -8.24085e-06
1075 350 -1.67593e-06
1100 350 -9.34181e-08
1125 350 1.50084e-07
1150 350 1.76363e-07
1175 350 1.79422e-07
1200 350 1.80919e-07
1225 350 1.82525e-07
1250 350 1.8434e-07
1275 350 1.86375e-07
1300 350 1.88641e-07
1325 350 1.9115e-07
1350 350 1.93912e-07
1375 350 1.96944e-07
1400 350 2.00259e-07
1425 350 2.03877e-07
1450 350 2.07816e-07
1475 350 2.121e-07
1500 350 2.16753e-07
1525 350 2.21804e-07
1550 350 2.27284e-07
1575 350 2.33228e-07
1600 350 2.39676e-07
1625 350 2.46674e-07
1650 350 2.54272e-07
1675 350 2.62528e-07
1700 350 2.71507e-07
1725 350 2.81285e-07
1750 350 2.91947e-07
1775 350 3.03591e-07
1800 350 3.16329e-07
1825 350 3.30293e-07
1850 350 3.45634e-07
1875 350 3.62528e-07
1900 350 3.81183e-07
1925 350 4.01843e-07
1950 350 4.24796e-07
1975 350 4.50389e-07
2000 350 4.79034e-07
2025 350 5.11232e-07
2050 350 5.47594e-07
2075 350 5.8887e-07
2100 350 6.35993e-07
2125 350 6.90133e-07
2150 350 7.52775e-07
2175 350 8.25831e-07
2200 350 9.118e-07
2225 350 1.014e-06
2250 350 1.13693e-06
2275 350 1.28682e-06
2300 350 1.47254e-06
2325 350 1.70714e-06
2350 350 2.01057e-06
2375 350 2.41492e-06
2400 350 2.97542e-06
2425 350 3.79689e-06
2450 350 5.11751e-06
2475 350 7.63482e-06
2500 350 1.27649e-05
2525 350 1.87192e-05
2550 350 1.35471e-05
2575 350 -1.06627e-05
2600 350 -3.47261e-05
2625 350 -3.63707e-05
2650 350 -2.20142e-05
2675 350 -9.14639e-06
2700 350 -3.41232e-06
2725 350 -1.93635e-06
2750 350 -1.86265e-06
2775 350 -2.14348e-06
2800 350 -2.58294e-06
2825 350 -3.22236e-06
2850 350 -4.22247e-06
2875 350 -5.95355e-06
2900 350 -1.08706e-05
2925 350 -2.38071e-05
2950 350 -2.68598e-05
2975 350 -1.05059e-05
0 375 0
25 375 -7.04496e-08
50 375 -1.42266e-07
75 375 -2.16887e-07
100 375 -2.959e-07
125 375 -3.81135e-07
150 375 -4.74785e-07
175 375 -5.79576e-07
200 375 -6.99001e-07
225 375 -8.37674e-07
250 375 -1.00187e-06
275 375 -1.20041e-06
300 375 -1.4461e-06
325 375 -1.75839e-06
350 375 -2.16825e-06
375 375 -2.72846e-06
400 375 -3.53801e-06
425 375 -4.81732e-06
450 375 -7.19808e-06
475 375 -1.20293e-05
500 375 -1.81651e-05
525 375 -1.4981e-05
550 375 7.06151e-06
575 375 3.25636e-05
600 375 3.77769e-05
625 375 2.4803e-05
650 375 1.09841e-05
675 375 4.09094e-06
700 375 2.05354e-06
725 375 1.77279e-06
750 375 1.92826e-06
775 375 2.21244e-06
800 375 2.60654e-06
825 375 3.16609e-06
850 375 4.00938e-06
875 375 5.40603e-06
900 375 8.28015e-06
925 375 1.72759e-05
950 375 1.96056e-05
975 375 -8.69257e-06
1000 375 -3.49073e-05
1025 375 -2.89683e-05
1050 375 -1.20823e-05
1075 375 -2.90968e-06
1100 375 -3.16361e-07
1125 375 1.37537e-07
1150 375 1.91503e-07
1175 375 1.97151e-07
1200 375 1.98965e-07
1225 375 2.00766e-07
1250 375 2.02793e-07
1275 375 2.05067e-07
1300 375 2.07601e-07
1325 375 2.10405e-07
1350 375 2.13495e-07
1375 375 2.16887e-07
1400 375 2.20598e-07
1425 375 2.2465e-07
1450 375 2.29064e-07
1475 375 2.33867e-07
1500 375 2.39087e-07
1525 375 2.44757e-07
1550 375 2.50912e-07
1575 375 2.57594e-07
1600 375 2.64849e-07
1625 375 2.72729e-07
1650 375 2.81293e-07
1675 375 2.90608e-07
1700 375 3.00751e-07
1725 375 3.11809e-07
1750 375 3.23881e-07
1775 375 3.37083e-07
1800 375 3.51548e-07
1825 375 3.6743e-07
1850 375 3.84908e-07
1875 375 4.04193e-07
1900 375 4.25532e-07
1925 375 4.49218e-07
1950 375 4.75598e-07
1975 375 5.05091e-07
2000 375 5.382e-07
2025 375 5.7554e-07
2050 375 6.17864e-07
2075 375 6.66105e-07
2100 375 7.21433e-07
2125 375 7.85328e-07
2150 375 8.59693e-07
2175 375 9.47006e-07
2200 375 1.05055e-06
2225 375 1.17476e-06
2250 375 1.32575e-06
2275 375 1.51222e-06
2300 375 1.74686e-06
2325 375 2.049e-06
2350 375 2.44954e-06
2375 375 3.00119e-06
2400 375 3.80286e-06
2425 375 5.07492e-06
2450 375 7.449e-06
2475 375 1.2274e-05
2500 375 1.84042e-05
2525 375 1.52149e-05
2550 375 -6.83245e-06
2575 375 -3.2339e-05
2600 375 -3.75563e-05
2625 375 -2.45862e-05
2650 375 -1.07706e-05
2675 375 -3.88054e-06
2700 375 -1.84594e-06
2725 375 -1.56772e-06
2750 375 -1.72547e-06
2775 375 -2.01168e-06
2800 375 -2.40761e-06
2825 375 -2.96953e-06
2850 375 -3.8264e-06
2875 375 -5.35473e-06
2900 375 -9.18838e-06
2925 375 -2.2766e-05
2950 375 -3.79751e-05
2975 375 -2.57479e-05
0 400 0
25 400 -8.1905e-08
50 400 -1.65511e-07
75 400 -2.52613e-07
100 400 -3.45209e-07
125 400 -4.45628e-07
150 400 -5.56701e-07
175 400 -6.82001e-07
200 400 -8.26192e-07
225 400 -9.95564e-07
250 400 -1.19889e-06
275 400 -1.44887e-06
300 400 -1.76462e-06
325 400 -2.17646e-06
350 400 -2.73575e-06
375 400 -3.53801e-06
400 400 -4.79352e-06
425 400 -7.0948e-06
450 400 -1.17258e-05
475 400 -1.78845e-05
500 400 -1.59723e-05
525 400 4.25358e-06
550 400 3.03846e-05
575 400 3.84079e-05
600 400 2.6961e-05
625 400 1.25778e-05
650 400 4.67027e-06
675 400 2.07931e-06
700 400 1.59866e-06
725 400 1.66276e-06
750 400 1.85595e-06
775 400 2.12044e-06
800 400 2.47597e-06
825 400 2.97218e-06
850 400 3.70319e-06
875 400 4.89051e-06
900 400 6.95977e-06
925 400 1.37756e-05
950 400 2.18543e-05
975 400 2.40471e-06
1000 400 -3.01411e-05
1025 400 -3.32926e-05
1050 400 -1.66271e-05
1075 400 -4.68554e-06
1100 400 -6.95724e-07
1125 400 1.00086e-07
1150 400 2.05127e-07
1175 400 2.15987e-07
1200 400 2.18333e-07
1225 400 2.20358e-07
1250 400 2.22622e-07
1275 400 2.25162e-07
1300 400 2.27992e-07
1325 400 2.31125e-07
1350 400 2.3458e-07
1375 400 2.38373e-07
1400 400 2.42525e-07
1425 400 2.47061e-07
1450 400 2.52006e-07
1475 400 2.57389e-07
1500 400 2.63244e-07
1525 400 2.69608e-07
1550 400 2.76522e-07
1575 400 2.84034e-07
1600 400 2.92198e-07
1625 400 3.01074e-07
1650 400 3.1073e-07
1675 400 3.21245e-07
1700 400 3.32709e-07
1725 400 3.45222e-07
1750 400 3.58904e-07
1775 400 3.7389e-07
1800 400 3.90337e-07
1825 400 4.08427e-07
1850 400 4.28376e-07
1875 400 4.50434e-07
1900 400 4.74898e-07
1925 400 5.02123e-07
1950 400 5.32531e-07
1975 400 5.66633e-07
2000 400 6.05048e-07
2025 400 6.48538e-07
2050 400 6.98042e-07
2075 400 7.54736e-07
2100 400 8.20107e-07
2125 400 8.96062e-07
2150 400 9.85077e-07
2175 400 1.09043e-06
2200 400 1.21653e-06
2225 400 1.36945e-06
2250 400 1.5578e-06
2275 400 1.79409e-06
2300 400 2.09732e-06
