0 0 0
25 0 0
50 0 0
75 0 0
100 0 0
125 0 0
150 0 0
175 0 0
200 0 0
225 0 0
250 0 0
275 0 0
300 0 0
325 0 0
350 0 0
375 0 0
400 0 0
425 0 0
450 0 0
475 0 0
500 0 0
525 0 0
550 0 0
575 0 0
600 0 0
625 0 0
650 0 0
675 0 0
700 0 0
725 0 0
750 0 0
775 0 0
800 0 0
825 0 0
850 0 0
875 0 0
900 0 0
925 0 0
950 0 0
975 0 0
1000 0 0
1025 0 0
1050 0 0
1075 0 0
1100 0 0
1125 0 0
1150 0 0
1175 0 0
1200 0 0
1225 0 0
1250 0 0
1275 0 0
1300 0 0
1325 0 0
1350 0 0
1375 0 0
1400 0 0
1425 0 0
1450 0 0
1475 0 0
1500 0 0
1525 0 0
1550 0 0
1575 0 0
1600 0 0
1625 0 0
1650 0 0
1675 0 0
1700 0 0
1725 0 0
1750 0 0
1775 0 0
1800 0 0
1825 0 0
1850 0 0
1875 0 0
1900 0 0
1925 0 0
1950 0 0
1975 0 0
2000 0 0
2025 0 0
2050 0 0
2075 0 0
2100 0 0
2125 0 0
2150 0 0
2175 0 0
2200 0 0
2225 0 0
2250 0 0
2275 0 0
2300 0 0
2325 0 0
2350 0 0
2375 0 0
2400 0 0
2425 0 0
2450 0 0
2475 0 0
2500 0 0
2525 0 0
2550 0 0
2575 0 0
2600 0 0
2625 0 0
2650 0 0
2675 0 0
2700 0 0
2725 0 0
2750 0 0
2775 0 0
2800 0 0
2825 0 0
2850 0 0
2875 0 0
2900 0 0
2925 0 0
2950 0 0
2975 0 0
0 25 0
25 25 -8.44117e-10
50 25 -1.6944e-09
75 25 -2.55714e-09
100 25 -3.43883e-09
125 25 -4.34631e-09
150 25 -5.2869e-09
175 25 -6.26854e-09
200 25 -7.29997e-09
225 25 -8.39089e-09
250 25 -9.55227e-09
275 25 -1.07966e-08
300 25 -1.21381e-08
325 25 -1.35934e-08
350 25 -1.51819e-08
375 25 -1.69266e-08
400 25 -1.88547e-08
425 25 -2.09988e-08
450 25 -2.33983e-08
475 25 -2.61016e-08
500 25 -2.91679e-08
525 25 -3.26708e-08
550 25 -3.67029e-08
575 25 -4.13815e-08
600 25 -4.68576e-08
625 25 -5.33275e-08
650 25 -6.10503e-08
675 25 -7.03737e-08
700 25 -8.17727e-08
725 25 -9.59094e-08
750 25 -1.13728e-07
775 25 -1.36612e-07
800 25 -1.66652e-07
825 25 -2.07127e-07
850 25 -2.63417e-07
875 25 -3.44854e-07
900 25 -4.68824e-07
925 25 -6.70995e-07
950 25 -1.03637e-06
975 25 -1.81459e-06
1000 25 -4.48829e-06
1025 25 -8.01784e-06
1050 25 5.83957e-06
1075 25 2.85109e-05
1100 25 1.72358e-05
1125 25 -9.01179e-06
1150 25 -1.42615e-05
1175 25 -6.95959e-06
1200 25 -1.85994e-06
1225 25 -3.08782e-07
1250 25 -2.95595e-08
1275 25 3.43301e-09
1300 25 6.17657e-09
1325 25 6.39193e-09
1350 25 6.46195e-09
1375 25 6.53107e-09
1400 25 6.60586e-09
1425 25 6.68681e-09
1450 25 6.77418e-09
1475 25 6.8683e-09
1500 25 6.9695e-09
1525 25 7.07815e-09
1550 25 7.19468e-09
1575 25 7.31953e-09
1600 25 7.45318e-09
1625 25 7.5962e-09
1650 25 7.74918e-09
1675 25 7.91276e-09
1700 25 8.08769e-09
1725 25 8.27475e-09
1750 25 8.47482e-09
1775 25 8.68888e-09
1800 25 8.91799e-09
1825 25 9.16336e-09
1850 25 9.42629e-09
1875 25 9.70827e-09
1900 25 1.00109e-08
1925 25 1.03361e-08
1950 25 1.06857e-08
1975 25 1.10623e-08
2000 25 1.14682e-08
2025 25 1.19064e-08
2050 25 1.23801e-08
2075 25 1.28932e-08
2100 25 1.34497e-08
2125 25 1.40546e-08
2150 25 1.47132e-08
2175 25 1.54319e-08
2200 25 1.6218e-08
2225 25 1.70798e-08
2250 25 1.80271e-08
2275 25 1.90713e-08
2300 25 2.02258e-08
2325 25 2.15062e-08
2350 25 2.29311e-08
2375 25 2.45228e-08
2400 25 2.63079e-08
2425 25 2.83183e-08
2450 25 3.0593e-08
2475 25 3.31798e-08
2500 25 3.61374e-08
2525 25 3.95391e-08
2550 25 4.3477e-08
2575 25 4.80683e-08
2600 25 5.34635e-08
2625 25 5.98585e-08
2650 25 6.75115e-08
2675 25 7.6747e-08
2700 25 8.75788e-08
2725 25 9.40221e-08
2750 25 3.06478e-08
2775 25 -5.32067e-07
2800 25 -3.18513e-06
2825 25 -9.8889e-06
2850 25 -1.45826e-05
2875 25 3.32295e-07
2900 25 2.67849e-05
2925 25 2.23397e-05
2950 25 -1.76856e-06
2975 25 -5.53064e-06
0 50 0
25 50 -1.6944e-09
50 50 -3.40122e-09
75 50 -5.13309e-09
100 50 -6.90309e-09
125 50 -8.725e-09
150 50 -1.06135e-08
175 50 -1.25847e-08
200 50 -1.46561e-08
225 50 -1.68473e-08
250 50 -1.91803e-08
275 50 -2.16803e-08
300 50 -2.43761e-08
325 50 -2.73012e-08
350 50 -3.04949e-08
375 50 -3.40033e-08
400 50 -3.78815e-08
425 50 -4.21954e-08
450 50 -4.7025e-08
475 50 -5.24678e-08
500 50 -5.86438e-08
525 50 -6.57025e-08
550 50 -7.38315e-08
575 50 -8.32694e-08
600 50 -9.43229e-08
625 50 -1.07392e-07
650 50 -1.23004e-07
675 50 -1.41872e-07
700 50 -1.64966e-07
725 50 -1.93646e-07
750 50 -2.29856e-07
775 50 -2.76457e-07
800 50 -3.37791e-07
825 50 -4.20714e-07
850 50 -5.36568e-07
875 50 -7.05255e-07
900 50 -9.64524e-07
925 50 -1.39416e-06
950 50 -2.18963e-06
975 50 -4.13907e-06
1000 50 -9.69143e-06
1025 50 -1.12877e-05
1050 50 1.52763e-05
1075 50 4.81311e-05
1100 50 3.01932e-05
1125 50 -1.31358e-05
1150 50 -2.57517e-05
1175 50 -1.43717e-05
1200 50 -4.37512e-06
1225 50 -8.28982e-07
1250 50 -9.58443e-08
1275 50 2.84006e-09
1300 50 1.20708e-08
1325 50 1.27892e-08
1350 50 1.29452e-08
1375 50 1.30844e-08
1400 50 1.32344e-08
1425 50 1.33967e-08
1450 50 1.35719e-08
1475 50 1.37606e-08
1500 50 1.39636e-08
1525 50 1.41815e-08
1550 50 1.44152e-08
1575 50 1.46656e-08
1600 50 1.49337e-08
1625 50 1.52205e-08
1650 50 1.55274e-08
1675 50 1.58555e-08
1700 50 1.62064e-08
1725 50 1.65816e-08
1750 50 1.6983e-08
1775 50 1.74124e-08
1800 50 1.78721e-08
1825 50 1.83643e-08
1850 50 1.88919e-08
1875 50 1.94577e-08
1900 50 2.0065e-08
1925 50 2.07175e-08
1950 50 2.14193e-08
1975 50 2.2175e-08
2000 50 2.29898e-08
2025 50 2.38694e-08
2050 50 2.48205e-08
2075 50 2.58506e-08
2100 50 2.69681e-08
2125 50 2.81827e-08
2150 50 2.95055e-08
2175 50 3.09491e-08
2200 50 3.25281e-08
2225 50 3.42596e-08
2250 50 3.61632e-08
2275 50 3.82619e-08
2300 50 4.05825e-08
2325 50 4.31567e-08
2350 50 4.60222e-08
2375 50 4.92238e-08
2400 50 5.28151e-08
2425 50 5.6861e-08
2450 50 6.14402e-08
2475 50 6.66493e-08
2500 50 7.26074e-08
2525 50 7.94632e-08
2550 50 8.74034e-08
2575 50 9.66661e-08
2600 50 1.07557e-07
2625 50 1.20476e-07
2650 50 1.35946e-07
2675 50 1.54585e-07
2700 50 1.75706e-07
2725 50 1.79619e-07
2750 50 -1.48968e-08
2775 50 -1.42468e-06
2800 50 -7.14721e-06
2825 50 -1.93579e-05
2850 50 -2.47037e-05
2875 50 3.23181e-06
2900 50 4.51315e-05
2925 50 4.01119e-05
2950 50 2.96621e-06
2975 50 -8.60254e-06
0 75 0
25 75 -2.55714e-09
50 75 -5.13309e-09
75 75 -7.747e-09
100 75 -1.04187e-08
125 75 -1.3169e-08
150 75 -1.60204e-08
175 75 -1.8997e-08
200 75 -2.21256e-08
225 75 -2.54358e-08
250 75 -2.89612e-08
275 75 -3.274e-08
300 75 -3.68161e-08
325 75 -4.12404e-08
350 75 -4.60727e-08
375 75 -5.13834e-08
400 75 -5.72564e-08
425 75 -6.37926e-08
450 75 -7.11141e-08
475 75 -7.937e-08
500 75 -8.87445e-08
525 75 -9.94666e-08
550 75 -1.11825e-07
575 75 -1.26187e-07
600 75 -1.43024e-07
625 75 -1.62957e-07
650 75 -1.86803e-07
675 75 -2.15667e-07
700 75 -2.51067e-07
725 75 -2.95133e-07
750 75 -3.50929e-07
775 75 -4.2299e-07
800 75 -5.18261e-07
825 75 -6.47825e-07
850 75 -8.30283e-07
875 75 -1.09896e-06
900 75 -1.519e-06
925 75 -2.23546e-06
950 75 -3.66075e-06
975 75 -7.63649e-06
1000 75 -1.43692e-05
1025 75 -6.34561e-06
1050 75 2.76441e-05
1075 75 5.4499e-05
1100 75 3.63326e-05
1125 75 -1.01917e-05
1150 75 -3.20619e-05
1175 75 -2.20975e-05
1200 75 -8.07276e-06
1225 75 -1.81134e-06
1250 75 -2.55472e-07
1275 75 -9.49295e-09
1300 75 1.70039e-08
1325 75 1.91695e-08
1350 75 1.94697e-08
1375 75 1.96823e-08
1400 75 1.99084e-08
1425 75 2.0153e-08
1450 75 2.0417e-08
1475 75 2.07013e-08
1500 75 2.10072e-08
1525 75 2.13355e-08
1550 75 2.16877e-08
1575 75 2.2065e-08
1600 75 2.2469e-08
1625 75 2.29014e-08
1650 75 2.33638e-08
1675 75 2.38584e-08
1700 75 2.43873e-08
1725 75 2.4953e-08
1750 75 2.55581e-08
1775 75 2.62056e-08
1800 75 2.68987e-08
1825 75 2.7641e-08
1850 75 2.84366e-08
1875 75 2.929e-08
1900 75 3.0206e-08
1925 75 3.11904e-08
1950 75 3.22492e-08
1975 75 3.33894e-08
2000 75 3.46189e-08
2025 75 3.59465e-08
2050 75 3.73822e-08
2075 75 3.89374e-08
2100 75 4.06247e-08
2125 75 4.2459e-08
2150 75 4.4457e-08
2175 75 4.6638e-08
2200 75 4.90242e-08
2225 75 5.16414e-08
2250 75 5.45193e-08
2275 75 5.76931e-08
2300 75 6.12035e-08
2325 75 6.50989e-08
2350 75 6.94365e-08
2375 75 7.42847e-08
2400 75 7.97254e-08
2425 75 8.58576e-08
2450 75 9.28017e-08
2475 75 1.00706e-07
2500 75 1.09752e-07
2525 75 1.20168e-07
2550 75 1.32242e-07
2575 75 1.46339e-07
2600 75 1.62933e-07
2625 75 1.82639e-07
2650 75 2.0626e-07
2675 75 2.34571e-07
2700 75 2.63976e-07
2725 75 2.40647e-07
2750 75 -2.44006e-07
2775 75 -3.05333e-06
2800 75 -1.23497e-05
2825 75 -2.74436e-05
2850 75 -2.73906e-05
2875 75 9.23502e-06
2900 75 5.10772e-05
2925 75 4.99748e-05
2950 75 1.58709e-05
2975 75 -5.30728e-06
0 100 0
25 100 -3.43883e-09
50 100 -6.90309e-09
75 100 -1.04187e-08
100 100 -1.40124e-08
125 100 -1.77126e-08
150 100 -2.15494e-08
175 100 -2.55558e-08
200 100 -2.97678e-08
225 100 -3.42258e-08
250 100 -3.89754e-08
275 100 -4.40683e-08
300 100 -4.95643e-08
325 100 -5.55327e-08
350 100 -6.2055e-08
375 100 -6.92271e-08
400 100 -7.71637e-08
425 100 -8.60027e-08
450 100 -9.59113e-08
475 100 -1.07094e-07
500 100 -1.19804e-07
525 100 -1.34356e-07
550 100 -1.51149e-07
575 100 -1.7069e-07
600 100 -1.93635e-07
625 100 -2.20844e-07
650 100 -2.53462e-07
675 100 -2.93038e-07
700 100 -3.41711e-07
725 100 -4.02505e-07
750 100 -4.79798e-07
775 100 -5.80139e-07
800 100 -7.13672e-07
825 100 -8.96845e-07
850 100 -1.15786e-06
875 100 -1.54883e-06
900 100 -2.17681e-06
925 100 -3.29927e-06
950 100 -5.91014e-06
975 100 -1.23841e-05
1000 100 -1.48332e-05
1025 100 6.74793e-06
1050 100 3.81026e-05
1075 100 4.92232e-05
1100 100 3.56576e-05
1125 100 -1.65768e-06
1150 100 -3.17288e-05
1175 100 -2.9123e-05
1200 100 -1.3182e-05
1225 100 -3.55423e-06
1250 100 -6.04324e-07
1275 100 -5.01063e-08
1300 100 1.91934e-08
1325 100 2.54213e-08
1350 100 2.60511e-08
1375 100 2.63475e-08
1400 100 2.66512e-08
1425 100 2.69793e-08
1450 100 2.73335e-08
1475 100 2.77151e-08
1500 100 2.81255e-08
1525 100 2.85661e-08
1550 100 2.90387e-08
1575 100 2.95451e-08
1600 100 3.00874e-08
1625 100 3.06677e-08
1650 100 3.12885e-08
1675 100 3.19525e-08
1700 100 3.26626e-08
1725 100 3.34221e-08
1750 100 3.42347e-08
1775 100 3.51042e-08
1800 100 3.60351e-08
1825 100 3.70323e-08
1850 100 3.81012e-08
1875 100 3.92477e-08
1900 100 4.04787e-08
1925 100 4.18016e-08
1950 100 4.32249e-08
1975 100 4.47578e-08
2000 100 4.64111e-08
2025 100 4.81967e-08
2050 100 5.0128e-08
2075 100 5.22203e-08
2100 100 5.44912e-08
2125 100 5.69603e-08
2150 100 5.96506e-08
2175 100 6.25881e-08
2200 100 6.58029e-08
2225 100 6.933e-08
2250 100 7.321e-08
2275 100 7.74904e-08
2300 100 8.22269e-08
2325 100 8.74852e-08
2350 100 9.33434e-08
2375 100 9.98947e-08
2400 100 1.07251e-07
2425 100 1.15548e-07
2450 100 1.2495e-07
2475 100 1.3566e-07
2500 100 1.47929e-07
2525 100 1.62071e-07
2550 100 1.78482e-07
2575 100 1.97669e-07
2600 100 2.20286e-07
2625 100 2.4719e-07
2650 100 2.79468e-07
2675 100 3.1761e-07
2700 100 3.49442e-07
2725 100 2.43718e-07
2750 100 -8.19035e-07
2775 100 -5.77242e-06
2800 100 -1.86681e-05
2825 100 -3.25688e-05
2850 100 -2.21532e-05
2875 100 1.64921e-05
2900 100 4.64447e-05
2925 100 5.10416e-05
2950 100 3.28164e-05
2975 100 7.36769e-06
0 125 0
25 125 -4.34631e-09
50 125 -8.725e-09
75 125 -1.3169e-08
100 125 -1.77126e-08
125 125 -2.23917e-08
150 125 -2.72449e-08
175 125 -3.23141e-08
200 125 -3.76454e-08
225 125 -4.32905e-08
250 125 -4.93076e-08
275 125 -5.5763e-08
300 125 -6.27333e-08
325 125 -7.03076e-08
350 125 -7.85903e-08
375 125 -8.77053e-08
400 125 -9.78002e-08
425 125 -1.09053e-07
450 125 -1.21681e-07
475 125 -1.35948e-07
500 125 -1.52183e-07
525 125 -1.70798e-07
550 125 -1.92311e-07
575 125 -2.1739e-07
600 125 -2.46896e-07
625 125 -2.81967e-07
650 125 -3.24121e-07
675 125 -3.75428e-07
700 125 -4.38765e-07
725 125 -5.18231e-07
750 125 -6.19825e-07
775 125 -7.52629e-07
800 125 -9.30952e-07
825 125 -1.17849e-06
850 125 -1.53711e-06
875 125 -2.08767e-06
900 125 -3.00827e-06
925 125 -4.82991e-06
950 125 -9.57435e-06
975 125 -1.63372e-05
1000 125 -7.28885e-06
1025 125 2.31455e-05
1050 125 4.17575e-05
1075 125 3.77182e-05
1100 125 3.02589e-05
1125 125 8.57622e-06
1150 125 -2.48747e-05
1175 125 -3.3769e-05
1200 125 -1.94438e-05
1225 125 -6.35602e-06
1250 125 -1.29203e-06
1275 125 -1.5189e-07
1300 125 1.43579e-08
1325 125 3.11961e-08
1350 125 3.26901e-08
1375 125 3.31024e-08
1400 125 3.34867e-08
1425 125 3.39002e-08
1450 125 3.43466e-08
1475 125 3.48274e-08
1500 125 3.53446e-08
1525 125 3.59e-08
1550 125 3.64957e-08
1575 125 3.71341e-08
1600 125 3.78177e-08
1625 125 3.85493e-08
1650 125 3.93321e-08
1675 125 4.01695e-08
1700 125 4.10651e-08
1725 125 4.20231e-08
1750 125 4.30482e-08
1775 125 4.41452e-08
1800 125 4.53199e-08
1825 125 4.65784e-08
1850 125 4.79276e-08
1875 125 4.9375e-08
1900 125 5.09294e-08
1925 125 5.26001e-08
1950 125 5.43979e-08
1975 125 5.63347e-08
2000 125 5.8424e-08
2025 125 6.0681e-08
2050 125 6.31229e-08
2075 125 6.57692e-08
2100 125 6.8642e-08
2125 125 7.17667e-08
2150 125 7.51724e-08
2175 125 7.88924e-08
2200 125 8.29653e-08
2225 125 8.74358e-08
2250 125 9.23558e-08
2275 125 9.77861e-08
2300 125 1.03798e-07
2325 125 1.10477e-07
2350 125 1.17922e-07
2375 125 1.26255e-07
2400 125 1.35618e-07
2425 125 1.46187e-07
2450 125 1.58176e-07
2475 125 1.71848e-07
2500 125 1.87528e-07
2525 125 2.05625e-07
2550 125 2.26658e-07
2575 125 2.5129e-07
2600 125 2.80383e-07
2625 125 3.15063e-07
2650 125 3.5666e-07
2675 125 4.04131e-07
2700 125 4.23743e-07
2725 125 1.2654e-07
2750 125 -1.96219e-06
2775 125 -9.80323e-06
2800 125 -2.52469e-05
2825 125 -3.30901e-05
2850 125 -1.10651e-05
2875 125 2.22294e-05
2900 125 3.65831e-05
2925 125 4.54399e-05
2950 125 4.7265e-05
2975 125 2.64873e-05
0 150 0
25 150 -5.2869e-09
50 150 -1.06135e-08
75 150 -1.60204e-08
100 150 -2.15494e-08
125 150 -2.72449e-08
150 150 -3.31542e-08
175 150 -3.93288e-08
200 150 -4.58258e-08
225 150 -5.27087e-08
250 150 -6.00493e-08
275 150 -6.79298e-08
300 150 -7.64448e-08
325 150 -8.5705e-08
350 150 -9.58399e-08
375 150 -1.07004e-07
400 150 -1.19381e-07
425 150 -1.33193e-07
450 150 -1.48712e-07
475 150 -1.6627e-07
500 150 -1.86282e-07
525 150 -2.09266e-07
550 150 -2.35881e-07
575 150 -2.66975e-07
600 150 -3.03651e-07
625 150 -3.4737e-07
650 150 -4.00096e-07
675 150 -4.64528e-07
700 150 -5.44446e-07
725 150 -6.45295e-07
750 150 -7.75151e-07
775 150 -9.46438e-07
800 150 -1.17915e-06
825 150 -1.50737e-06
850 150 -1.99381e-06
875 150 -2.76752e-06
900 150 -4.15061e-06
925 150 -7.38491e-06
950 150 -1.43618e-05
975 150 -1.50439e-05
1000 150 8.04275e-06
1025 150 3.55102e-05
1050 150 3.75282e-05
1075 150 2.55826e-05
1100 150 2.30278e-05
1125 150 1.65787e-05
1150 150 -1.3421e-05
1175 150 -3.43506e-05
1200 150 -2.60012e-05
1225 150 -1.04048e-05
1250 150 -2.52187e-06
1275 150 -3.73646e-07
1300 150 -6.79845e-09
1325 150 3.55761e-08
1350 150 3.93456e-08
1375 150 3.99683e-08
1400 150 4.04396e-08
1425 150 4.09409e-08
1450 150 4.14819e-08
1475 150 4.20647e-08
1500 150 4.26916e-08
1525 150 4.33648e-08
1550 150 4.40871e-08
1575 150 4.48611e-08
1600 150 4.569e-08
1625 150 4.65774e-08
1650 150 4.75268e-08
1675 150 4.85425e-08
1700 150 4.96291e-08
1725 150 5.07916e-08
1750 150 5.20356e-08
1775 150 5.33672e-08
1800 150 5.47932e-08
1825 150 5.63213e-08
1850 150 5.79598e-08
1875 150 5.97181e-08
1900 150 6.16066e-08
1925 150 6.36369e-08
1950 150 6.58222e-08
1975 150 6.81772e-08
2000 150 7.07182e-08
2025 150 7.34641e-08
2050 150 7.64358e-08
2075 150 7.96573e-08
2100 150 8.3156e-08
2125 150 8.69629e-08
2150 150 9.11139e-08
2175 150 9.56501e-08
2200 150 1.00619e-07
2225 150 1.06076e-07
2250 150 1.12085e-07
2275 150 1.18721e-07
2300 150 1.26074e-07
2325 150 1.34247e-07
2350 150 1.43367e-07
2375 150 1.53581e-07
2400 150 1.65071e-07
2425 150 1.78054e-07
2450 150 1.92799e-07
2475 150 2.09635e-07
2500 150 2.28974e-07
2525 150 2.51331e-07
2550 150 2.77363e-07
2575 150 3.07916e-07
2600 150 3.4409e-07
2625 150 3.87315e-07
2650 150 4.38979e-07
2675 150 4.93377e-07
2700 150 4.68451e-07
2725 150 -2.13252e-07
2750 150 -3.92671e-06
2775 150 -1.50692e-05
2800 150 -3.06093e-05
2825 150 -2.81685e-05
2850 150 2.17729e-06
2875 150 2.46699e-05
2900 150 2.6857e-05
2925 150 3.75002e-05
2950 150 5.42902e-05
2975 150 4.16783e-05
0 175 0
25 175 -6.26854e-09
50 175 -1.25847e-08
75 175 -1.8997e-08
100 175 -2.55558e-08
125 175 -3.23141e-08
150 175 -3.93288e-08
175 175 -4.66621e-08
200 175 -5.43824e-08
225 175 -6.25662e-08
250 175 -7.13004e-08
275 175 -8.06842e-08
300 175 -9.08324e-08
325 175 -1.01879e-07
350 175 -1.13982e-07
375 175 -1.27328e-07
400 175 -1.42144e-07
425 175 -1.587e-07
450 175 -1.7733e-07
475 175 -1.98444e-07
500 175 -2.22553e-07
525 175 -2.50301e-07
550 175 -2.8251e-07
575 175 -3.20239e-07
600 175 -3.6488e-07
625 175 -4.18282e-07
650 175 -4.82957e-07
675 175 -5.6238e-07
700 175 -6.61477e-07
725 175 -7.87437e-07
750 175 -9.51094e-07
775 175 -1.16947e-06
800 175 -1.47073e-06
825 175 -1.90469e-06
850 175 -2.56836e-06
875 175 -3.68053e-06
900 175 -5.95321e-06
925 175 -1.15242e-05
950 175 -1.73145e-05
975 175 -4.80742e-06
1000 175 2.52326e-05
1025 175 3.88242e-05
1050 175 2.83923e-05
1075 175 1.61388e-05
1100 175 1.63543e-05
1125 175 2.02564e-05
1150 175 -5.27529e-07
1175 175 -2.99904e-05
1200 175 -3.14921e-05
1225 175 -1.56315e-05
1250 175 -4.5238e-06
1275 175 -8.09141e-07
1300 175 -6.25472e-08
1325 175 3.64091e-08
1350 175 4.58696e-08
1375 175 4.69609e-08
1400 175 4.75354e-08
1425 175 4.81278e-08
1450 175 4.87664e-08
1475 175 4.94545e-08
1500 175 5.01947e-08
1525 175 5.09897e-08
1550 175 5.18426e-08
1575 175 5.27568e-08
1600 175 5.3736e-08
1625 175 5.47843e-08
1650 175 5.59062e-08
1675 175 5.71065e-08
1700 175 5.83908e-08
1725 175 5.97651e-08
1750 175 6.12359e-08
1775 175 6.28106e-08
1800 175 6.44975e-08
1825 175 6.63053e-08
1850 175 6.82443e-08
1875 175 7.03255e-08
1900 175 7.25615e-08
1925 175 7.49661e-08
1950 175 7.7555e-08
1975 175 8.03457e-08
2000 175 8.3358e-08
2025 175 8.66142e-08
2050 175 9.01397e-08
2075 175 9.39631e-08
2100 175 9.81173e-08
2125 175 1.0264e-07
2150 175 1.07573e-07
2175 175 1.12967e-07
2200 175 1.1888e-07
2225 175 1.25377e-07
2250 175 1.32536e-07
2275 175 1.40449e-07
2300 175 1.49223e-07
2325 175 1.58986e-07
2350 175 1.69888e-07
2375 175 1.82113e-07
2400 175 1.9588e-07
2425 175 2.11457e-07
2450 175 2.29173e-07
2475 175 2.49434e-07
2500 175 2.72748e-07
2525 175 2.99756e-07
2550 175 3.31276e-07
2575 175 3.68367e-07
2600 175 4.12412e-07
2625 175 4.6517e-07
2650 175 5.27522e-07
2675 175 5.82042e-07
2700 175 4.48694e-07
2725 175 -9.22535e-07
2750 175 -6.92482e-06
2775 175 -2.10529e-05
2800 175 -3.3072e-05
2825 175 -1.84103e-05
2850 175 1.38219e-05
2875 175 2.39468e-05
2900 175 2.05322e-05
2925 175 3.15103e-05
2950 175 5.14355e-05
2975 175 4.17749e-05
0 200 0
25 200 -7.29997e-09
50 200 -1.46561e-08
75 200 -2.21256e-08
100 200 -2.97678e-08
125 200 -3.76454e-08
150 200 -4.58258e-08
175 200 -5.43824e-08
200 200 -6.33962e-08
225 200 -7.29583e-08
250 200 -8.31719e-08
275 200 -9.41551e-08
300 200 -1.06045e-07
325 200 -1.19002e-07
350 200 -1.33215e-07
375 200 -1.4891e-07
400 200 -1.66358e-07
425 200 -1.85888e-07
450 200 -2.07904e-07
475 200 -2.32906e-07
500 200 -2.61518e-07
525 200 -2.94531e-07
550 200 -3.3296e-07
575 200 -3.78121e-07
600 200 -4.31753e-07
625 200 -4.96189e-07
650 200 -5.74623e-07
675 200 -6.71522e-07
700 200 -7.93309e-07
725 200 -9.495e-07
750 200 -1.15474e-06
775 200 -1.43265e-06
800 200 -1.8237e-06
825 200 -2.40322e-06
850 200 -3.32984e-06
875 200 -5.0364e-06
900 200 -9.09316e-06
925 200 -1.62084e-05
950 200 -1.32762e-05
975 200 1.2593e-05
1000 200 3.62498e-05
1025 200 3.34253e-05
1050 200 1.86395e-05
1075 200 1.01354e-05
1100 200 1.14444e-05
1125 200 1.97896e-05
1150 200 1.05709e-05
1175 200 -2.1158e-05
1200 200 -3.43942e-05
1225 200 -2.15882e-05
1250 200 -7.49331e-06
1275 200 -1.59052e-06
1300 200 -1.85426e-07
1325 200 2.91221e-08
1350 200 5.1866e-08
1375 200 5.40802e-08
1400 200 5.48003e-08
1425 200 5.54889e-08
1450 200 5.62288e-08
1475 200 5.70261e-08
1500 200 5.78839e-08
1525 200 5.88052e-08
1550 200 5.97939e-08
1575 200 6.08537e-08
1600 200 6.1989e-08
1625 200 6.32047e-08
1650 200 6.45058e-08
1675 200 6.58983e-08
1700 200 6.73884e-08
1725 200 6.89832e-08
1750 200 7.06905e-08
1775 200 7.25188e-08
1800 200 7.44777e-08
1825 200 7.65777e-08
1850 200 7.88306e-08
1875 200 8.12495e-08
1900 200 8.3849e-08
1925 200 8.66456e-08
1950 200 8.96574e-08
1975 200 9.29053e-08
2000 200 9.64125e-08
2025 200 1.00205e-07
2050 200 1.04314e-07
2075 200 1.08771e-07
2100 200 1.13617e-07
2125 200 1.18895e-07
2150 200 1.24656e-07
2175 200 1.3096e-07
2200 200 1.37874e-07
2225 200 1.45477e-07
2250 200 1.53862e-07
2275 200 1.63138e-07
2300 200 1.73433e-07
2325 200 1.849e-07
2350 200 1.97721e-07
2375 200 2.12115e-07
2400 200 2.28347e-07
2425 200 2.46742e-07
2450 200 2.67698e-07
2475 200 2.91711e-07
2500 200 3.19401e-07
2525 200 3.51557e-07
2550 200 3.89188e-07
2575 200 4.33609e-07
2600 200 4.86544e-07
2625 200 5.50055e-07
2650 200 6.23083e-07
2675 200 6.62043e-07
2700 200 3.06277e-07
2725 200 -2.18167e-06
2750 200 -1.10201e-05
2775 200 -2.67726e-05
2800 200 -3.13533e-05
2825 200 -5.83912e-06
2850 200 2.14889e-05
2875 200 2.16963e-05
2900 200 1.87512e-05
2925 200 2.85995e-05
2950 200 3.76991e-05
2975 200 2.48231e-05
0 225 0
25 225 -8.39089e-09
50 225 -1.68473e-08
75 225 -2.54358e-08
100 225 -3.42258e-08
125 225 -4.32905e-08
150 225 -5.27087e-08
175 225 -6.25662e-08
200 225 -7.29583e-08
225 225 -8.39919e-08
250 225 -9.57885e-08
275 225 -1.08487e-07
300 225 -1.22251e-07
325 225 -1.37269e-07
350 225 -1.53767e-07
375 225 -1.72014e-07
400 225 -1.92333e-07
425 225 -2.15121e-07
450 225 -2.40864e-07
475 225 -2.70166e-07
500 225 -3.03788e-07
525 225 -3.42697e-07
550 225 -3.8814e-07
575 225 -4.4175e-07
600 225 -5.05697e-07
625 225 -5.82924e-07
650 225 -6.77499e-07
675 225 -7.95195e-07
700 225 -9.4444e-07
725 225 -1.13797e-06
750 225 -1.3959e-06
775 225 -1.75175e-06
800 225 -2.26567e-06
825 225 -3.05766e-06
850 225 -4.41681e-06
875 225 -7.35381e-06
900 225 -1.3788e-05
925 225 -1.7152e-05
950 225 4.5551e-07
975 225 2.93187e-05
1000 225 3.69191e-05
1025 225 2.37146e-05
1050 225 1.11435e-05
1075 225 6.82433e-06
1100 225 8.38944e-06
1125 225 1.68033e-05
1150 225 1.77222e-05
1175 225 -9.63051e-06
1200 225 -3.35324e-05
1225 225 -2.74283e-05
1250 225 -1.15029e-05
1275 225 -2.87939e-06
1300 225 -4.27869e-07
1325 225 4.84846e-09
1350 225 5.64167e-08
1375 225 6.12865e-08
1400 225 6.22598e-08
1425 225 6.30536e-08
1450 225 6.38994e-08
1475 225 6.48105e-08
1500 225 6.57908e-08
1525 225 6.68441e-08
1550 225 6.79744e-08
1575 225 6.91863e-08
1600 225 7.04847e-08
1625 225 7.18753e-08
1650 225 7.33639e-08
1675 225 7.49573e-08
1700 225 7.66629e-08
1725 225 7.84887e-08
1750 225 8.04438e-08
1775 225 8.2538e-08
1800 225 8.47824e-08
1825 225 8.71891e-08
1850 225 8.9772e-08
1875 225 9.25461e-08
1900 225 9.55283e-08
1925 225 9.87378e-08
1950 225 1.02196e-07
1975 225 1.05926e-07
2000 225 1.09957e-07
2025 225 1.14317e-07
2050 225 1.19043e-07
2075 225 1.24174e-07
2100 225 1.29754e-07
2125 225 1.35837e-07
2150 225 1.42481e-07
2175 225 1.49755e-07
2200 225 1.57741e-07
2225 225 1.6653e-07
2250 225 1.76232e-07
2275 225 1.86976e-07
2300 225 1.98914e-07
2325 225 2.12227e-07
2350 225 2.27131e-07
2375 225 2.43889e-07
2400 225 2.62818e-07
2425 225 2.84307e-07
2450 225 3.08838e-07
2475 225 3.3701e-07
2500 225 3.69579e-07
2525 225 4.07507e-07
2550 225 4.52039e-07
2575 225 5.04802e-07
2600 225 5.67927e-07
2625 225 6.43627e-07
2650 225 7.25659e-07
2675 225 7.17397e-07
2700 225 -4.4886e-08
2725 225 -4.17064e-06
2750 225 -1.60167e-05
2775 225 -3.0946e-05
2800 225 -2.51163e-05
2825 225 6.83111e-06
2850 225 2.48116e-05
2875 225 2.01135e-05
2900 225 2.08611e-05
2925 225 2.48531e-05
2950 225 1.4746e-05
2975 225 6.86616e-07
0 250 0
25 250 -9.55227e-09
50 250 -1.91803e-08
75 250 -2.89612e-08
100 250 -3.89754e-08
125 250 -4.93076e-08
150 250 -6.00493e-08
175 250 -7.13004e-08
200 250 -8.31719e-08
225 250 -9.57885e-08
250 250 -1.09292e-07
275 250 -1.23847e-07
300 250 -1.39643e-07
325 250 -1.56905e-07
350 250 -1.75899e-07
375 250 -1.96945e-07
400 250 -2.20428e-07
425 250 -2.46822e-07
450 250 -2.76712e-07
475 250 -3.10828e-07
500 250 -3.50094e-07
525 250 -3.95691e-07
550 250 -4.49156e-07
575 250 -5.12514e-07
600 250 -5.88486e-07
625 250 -6.80798e-07
650 250 -7.94675e-07
675 250 -9.37644e-07
700 250 -1.12091e-06
725 250 -1.36184e-06
750 250 -1.68869e-06
775 250 -2.15067e-06
800 250 -2.84172e-06
825 250 -3.97007e-06
850 250 -6.17919e-06
875 250 -1.13285e-05
900 250 -1.76148e-05
925 250 -8.96176e-06
950 250 1.93666e-05
975 250 3.71824e-05
1000 250 2.93537e-05
1025 250 1.44192e-05
1050 250 6.58709e-06
1075 250 5.13075e-06
1100 250 6.67466e-06
1125 250 1.31398e-05
1150 250 2.04119e-05
1175 250 2.12248e-06
1200 250 -2.85409e-05
1225 250 -3.20386e-05
1250 250 -1.64115e-05
1275 250 -4.84012e-06
1300 250 -8.66049e-07
1325 250 -5.21422e-08
1350 250 5.75983e-08
1375 250 6.84495e-08
1400 250 6.99358e-08
1425 250 7.08533e-08
1450 250 7.18105e-08
1475 250 7.28409e-08
1500 250 7.39498e-08
1525 250 7.51413e-08
1550 250 7.64202e-08
1575 250 7.77916e-08
1600 250 7.92614e-08
1625 250 8.08356e-08
1650 250 8.25214e-08
1675 250 8.43261e-08
1700 250 8.62584e-08
1725 250 8.83275e-08
1750 250 9.05436e-08
1775 250 9.29182e-08
1800 250 9.54639e-08
1825 250 9.81947e-08
1850 250 1.01126e-07
1875 250 1.04276e-07
1900 250 1.07664e-07
1925 250 1.11311e-07
1950 250 1.15243e-07
1975 250 1.19486e-07
2000 250 1.24073e-07
2025 250 1.29038e-07
2050 250 1.34423e-07
2075 250 1.40272e-07
2100 250 1.46639e-07
2125 250 1.53584e-07
2150 250 1.61176e-07
2175 250 1.69495e-07
2200 250 1.78636e-07
2225 250 1.88707e-07
2250 250 1.99836e-07
2275 250 2.12175e-07
2300 250 2.25902e-07
2325 250 2.41232e-07
2350 250 2.58421e-07
2375 250 2.7778e-07
2400 250 2.99689e-07
2425 250 3.24614e-07
2450 250 3.53132e-07
2475 250 3.8597e-07
2500 250 4.24043e-07
2525 250 4.68532e-07
2550 250 5.20966e-07
2575 250 5.83364e-07
2600 250 6.58338e-07
2625 250 7.47774e-07
2650 250 8.3362e-07
2675 250 7.20621e-07
2700 250 -7.16869e-07
2725 250 -7.01196e-06
2750 250 -2.13952e-05
2775 250 -3.23213e-05
2800 250 -1.51726e-05
2825 250 1.72422e-05
2850 250 2.5223e-05
2875 250 2.09639e-05
2900 250 2.33702e-05
2925 250 1.41781e-05
2950 250 -1.06379e-05
2975 250 -1.72815e-05
0 275 0
25 275 -1.07966e-08
50 275 -2.16803e-08
75 275 -3.274e-08
100 275 -4.40683e-08
125 275 -5.5763e-08
150 275 -6.79298e-08
175 275 -8.06842e-08
200 275 -9.41551e-08
225 275 -1.08487e-07
250 275 -1.23847e-07
275 275 -1.40425e-07
300 275 -1.58445e-07
325 275 -1.78171e-07
350 275 -1.99918e-07
375 275 -2.24063e-07
400 275 -2.51067e-07
425 275 -2.81495e-07
450 275 -3.16052e-07
475 275 -3.55619e-07
500 275 -4.01321e-07
525 275 -4.54606e-07
550 275 -5.17373e-07
575 275 -5.92151e-07
600 275 -6.82371e-07
625 275 -7.92797e-07
650 275 -9.30214e-07
675 275 -1.10458e-06
700 275 -1.33109e-06
725 275 -1.63398e-06
750 275 -2.05435e-06
775 275 -2.66789e-06
800 275 -3.63266e-06
825 275 -5.37839e-06
850 275 -9.33503e-06
875 275 -1.62121e-05
900 275 -1.48205e-05
925 275 8.53045e-06
950 275 3.3725e-05
975 275 3.40577e-05
1000 275 1.90839e-05
1025 275 7.98211e-06
1050 275 4.28085e-06
1075 275 4.25304e-06
1100 275 5.69902e-06
1125 275 1.00212e-05
1150 275 1.95341e-05
1175 275 1.18134e-05
1200 275 -2.00609e-05
1225 275 -3.43098e-05
1250 275 -2.18105e-05
1275 275 -7.59551e-06
1300 275 -1.59891e-06
1325 275 -1.6741e-07
1350 275 5.17231e-08
1375 275 7.5253e-08
1400 275 7.78391e-08
1425 275 7.89213e-08
1450 275 7.99971e-08
1475 275 8.11533e-08
1500 275 8.23975e-08
1525 275 8.37347e-08
1550 275 8.51703e-08
1575 275 8.671e-08
1600 275 8.83605e-08
1625 275 9.01287e-08
1650 275 9.20226e-08
1675 275 9.40509e-08
1700 275 9.6223e-08
1725 275 9.85495e-08
1750 275 1.01042e-07
1775 275 1.03714e-07
1800 275 1.06579e-07
1825 275 1.09654e-07
1850 275 1.12957e-07
1875 275 1.16506e-07
1900 275 1.20326e-07
1925 275 1.2444e-07
1950 275 1.28877e-07
1975 275 1.33669e-07
2000 275 1.38852e-07
2025 275 1.44466e-07
2050 275 1.50557e-07
2075 275 1.5718e-07
2100 275 1.64394e-07
2125 275 1.72269e-07
2150 275 1.80886e-07
2175 275 1.90339e-07
2200 275 2.00735e-07
2225 275 2.12202e-07
2250 275 2.24889e-07
2275 275 2.38975e-07
2300 275 2.54668e-07
2325 275 2.72222e-07
2350 275 2.9194e-07
2375 275 3.14191e-07
2400 275 3.39427e-07
2425 275 3.68206e-07
2450 275 4.01222e-07
2475 275 4.39354e-07
2500 275 4.83718e-07
2525 275 5.35759e-07
2550 275 5.9737e-07
2575 275 6.71062e-07
2600 275 7.5999e-07
2625 275 8.64568e-07
2650 275 9.42538e-07
2675 275 6.29744e-07
2700 275 -1.83512e-06
2725 275 -1.07011e-05
2750 275 -2.63414e-05
2775 275 -3.00637e-05
2800 275 -3.22156e-06
2825 275 2.42721e-05
2850 275 2.52005e-05
2875 275 2.37759e-05
2900 275 1.98095e-05
2925 275 -4.51079e-06
2950 275 -2.86183e-05
2975 275 -2.2649e-05
0 300 0
25 300 -1.21381e-08
50 300 -2.43761e-08
75 300 -3.68161e-08
100 300 -4.95643e-08
125 300 -6.27333e-08
150 300 -7.64448e-08
175 300 -9.08324e-08
200 300 -1.06045e-07
225 300 -1.22251e-07
250 300 -1.39643e-07
275 300 -1.58445e-07
300 300 -1.78919e-07
325 300 -2.01374e-07
350 300 -2.26183e-07
375 300 -2.53794e-07
400 300 -2.84755e-07
425 300 -3.19745e-07
450 300 -3.59611e-07
475 300 -4.05424e-07
500 300 -4.58558e-07
525 300 -5.208e-07
550 300 -5.94511e-07
575 300 -6.82875e-07
600 300 -7.90266e-07
625 300 -9.22856e-07
650 300 -1.08959e-06
675 300 -1.30393e-06
700 300 -1.58697e-06
725 300 -1.97371e-06
750 300 -2.52667e-06
775 300 -3.37052e-06
800 300 -4.81117e-06
825 300 -7.86675e-06
850 300 -1.41609e-05
875 300 -1.74773e-05
900 300 -1.24164e-06
925 300 2.7157e-05
950 300 3.66659e-05
975 300 2.43672e-05
1000 300 1.06206e-05
1025 300 4.4795e-06
1050 300 3.24794e-06
1075 300 3.7478e-06
1100 300 5.05259e-06
1125 300 7.86321e-06
1150 300 1.66605e-05
1175 300 1.80454e-05
1200 300 -9.57309e-06
1225 300 -3.34597e-05
1250 300 -2.70427e-05
1275 300 -1.11727e-05
1300 300 -2.73943e-06
1325 300 -3.78962e-07
1350 300 3.22776e-08
1375 300 8.10295e-08
1400 300 8.59551e-08
1425 300 8.7292e-08
1450 300 8.84974e-08
1475 300 8.97866e-08
1500 300 9.11741e-08
1525 300 9.26655e-08
1550 300 9.4267e-08
1575 300 9.59851e-08
1600 300 9.78273e-08
1625 300 9.98014e-08
1650 300 1.01916e-07
1675 300 1.04182e-07
1700 300 1.06609e-07
1725 300 1.0921e-07
1750 300 1.11997e-07
1775 300 1.14986e-07
1800 300 1.18192e-07
1825 300 1.21634e-07
1850 300 1.25333e-07
1875 300 1.29311e-07
1900 300 1.33593e-07
1925 300 1.38208e-07
1950 300 1.43188e-07
1975 300 1.4857e-07
2000 300 1.54394e-07
2025 300 1.60708e-07
2050 300 1.67564e-07
2075 300 1.75024e-07
2100 300 1.83157e-07
2125 300 1.92044e-07
2150 300 2.01778e-07
2175 300 2.12467e-07
2200 300 2.24237e-07
2225 300 2.37237e-07
2250 300 2.5164e-07
2275 300 2.67655e-07
2300 300 2.85528e-07
2325 300 3.05556e-07
2350 300 3.28099e-07
2375 300 3.53595e-07
2400 300 3.82582e-07
2425 300 4.1573e-07
2450 300 4.53878e-07
2475 300 4.9809e-07
2500 300 5.49732e-07
2525 300 6.10586e-07
2550 300 6.83007e-07
2575 300 7.70139e-07
2600 300 8.75683e-07
2625 300 9.96177e-07
2650 300 1.04382e-06
2675 300 3.87663e-07
2700 300 -3.51298e-06
2725 300 -1.50458e-05
2750 300 -2.9882e-05
2775 300 -2.40303e-05
2800 300 8.79365e-06
2825 300 2.84708e-05
2850 300 2.65802e-05
2875 300 2.37955e-05
2900 300 5.68671e-06
2925 300 -2.37195e-05
2950 300 -3.32548e-05
2975 300 -1.82672e-05
0 325 0
25 325 -1.35934e-08
50 325 -2.73012e-08
75 325 -4.12404e-08
100 325 -5.55327e-08
125 325 -7.03076e-08
150 325 -8.5705e-08
175 325 -1.01879e-07
200 325 -1.19002e-07
225 325 -1.37269e-07
250 325 -1.56905e-07
275 325 -1.78171e-07
300 325 -2.01374e-07
325 325 -2.2688e-07
350 325 -2.55127e-07
375 325 -2.8665e-07
400 325 -3.22105e-07
425 325 -3.62307e-07
450 325 -4.08283e-07
475 325 -4.61339e-07
500 325 -5.23167e-07
525 325 -5.95987e-07
550 325 -6.82769e-07
575 325 -7.87564e-07
600 325 -9.1603e-07
625 325 -1.07629e-06
650 325 -1.28041e-06
675 325 -1.54702e-06
700 325 -1.90642e-06
725 325 -2.41143e-06
750 325 -3.16345e-06
775 325 -4.39309e-06
800 325 -6.81956e-06
825 325 -1.21546e-05
850 325 -1.78768e-05
875 325 -8.78672e-06
900 325 1.8784e-05
925 325 3.65782e-05
950 325 2.94295e-05
975 325 1.42544e-05
1000 325 5.48298e-06
1025 325 2.90969e-06
1050 325 2.79045e-06
1075 325 3.41001e-06
1100 325 4.54684e-06
1125 325 6.53557e-06
1150 325 1.32802e-05
1175 325 2.05709e-05
1200 325 1.06282e-06
1225 325 -2.92859e-05
1250 325 -3.13054e-05
1275 325 -1.54559e-05
1300 325 -4.39665e-06
1325 325 -7.38373e-07
1350 325 -1.13667e-08
1375 325 8.45015e-08
1400 325 9.42157e-08
1425 325 9.59998e-08
1450 325 9.73524e-08
1475 325 9.87835e-08
1500 325 1.00323e-07
1525 325 1.01979e-07
1550 325 1.03757e-07
1575 325 1.05665e-07
1600 325 1.07711e-07
1625 325 1.09905e-07
1650 325 1.12256e-07
1675 325 1.14775e-07
1700 325 1.17475e-07
1725 325 1.20368e-07
1750 325 1.23471e-07
1775 325 1.26799e-07
1800 325 1.30371e-07
1825 325 1.34208e-07
1850 325 1.38333e-07
1875 325 1.42771e-07
1900 325 1.47552e-07
1925 325 1.52707e-07
1950 325 1.58274e-07
1975 325 1.64294e-07
2000 325 1.70814e-07
2025 325 1.77888e-07
2050 325 1.85576e-07
2075 325 1.93948e-07
2100 325 2.03085e-07
2125 325 2.13079e-07
2150 325 2.24038e-07
2175 325 2.36087e-07
2200 325 2.49373e-07
2225 325 2.64068e-07
2250 325 2.80376e-07
2275 325 2.9854e-07
2300 325 3.18849e-07
2325 325 3.41655e-07
2350 325 3.67383e-07
2375 325 3.96555e-07
2400 325 4.29816e-07
2425 325 4.67972e-07
2450 325 5.1204e-07
2475 325 5.63318e-07
2500 325 6.2349e-07
2525 325 6.94771e-07
2550 325 7.80119e-07
2575 325 8.83494e-07
2600 325 1.00901e-06
2625 325 1.14475e-06
2650 325 1.12359e-06
2675 325 -7.40354e-08
2700 325 -5.81519e-06
2725 325 -1.9639e-05
2750 325 -3.10923e-05
2775 325 -1.47928e-05
2800 325 1.95243e-05
2825 325 3.15216e-05
2850 325 2.74855e-05
2875 325 1.43331e-05
2900 325 -1.47675e-05
2925 325 -3.34698e-05
2950 325 -2.67286e-05
2975 325 -1.07862e-05
0 350 0
25 350 -1.51819e-08
50 350 -3.04949e-08
75 350 -4.60727e-08
100 350 -6.2055e-08
125 350 -7.85903e-08
150 350 -9.58399e-08
175 350 -1.13982e-07
200 350 -1.33215e-07
225 350 -1.53767e-07
250 350 -1.75899e-07
275 350 -1.99918e-07
300 350 -2.26183e-07
325 350 -2.55127e-07
350 350 -2.87272e-07
375 350 -3.23255e-07
400 350 -3.63865e-07
425 350 -4.10089e-07
450 350 -4.63178e-07
475 350 -5.2474e-07
500 350 -5.96875e-07
525 350 -6.82374e-07
550 350 -7.85016e-07
575 350 -9.10037e-07
600 350 -1.06488e-06
625 350 -1.26049e-06
650 350 -1.51353e-06
675 350 -1.85067e-06
700 350 -2.31741e-06
725 350 -2.99842e-06
750 350 -4.07569e-06
775 350 -6.07099e-06
800 350 -1.04724e-05
825 350 -1.70048e-05
850 350 -1.38093e-05
875 350 1.00516e-05
900 350 3.38524e-05
925 350 3.34847e-05
950 350 1.85488e-05
975 350 7.22893e-06
1000 350 3.03287e-06
1025 350 2.29272e-06
1050 350 2.55375e-06
1075 350 3.15359e-06
1100 350 4.12623e-06
1125 350 5.72309e-06
1150 350 1.0351e-05
1175 350 2.00845e-05
1200 350 1.0158e-05
1225 350 -2.22488e-05
1250 350 -3.38196e-05
1275 350 -2.01637e-05
1300 350 -6.65019e-06
1325 350 -1.30909e-06
1350 350 -9.52522e-08
1375 350 8.34196e-08
1400 350 1.02453e-07
1425 350 1.05076e-07
1450 350 1.06608e-07
1475 350 1.08191e-07
1500 350 1.09893e-07
1525 350 1.11724e-07
1550 350 1.13691e-07
1575 350 1.15803e-07
1600 350 1.18068e-07
1625 350 1.20497e-07
1650 350 1.231e-07
1675 350 1.25892e-07
1700 350 1.28884e-07
1725 350 1.32093e-07
1750 350 1.35535e-07
1775 350 1.39229e-07
1800 350 1.43195e-07
1825 350 1.47458e-07
1850 350 1.52044e-07
1875 350 1.5698e-07
1900 350 1.62301e-07
1925 350 1.68043e-07
1950 350 1.74248e-07
1975 350 1.80963e-07
2000 350 1.88241e-07
2025 350 1.96145e-07
2050 350 2.04743e-07
2075 350 2.14116e-07
2100 350 2.24356e-07
2125 350 2.3557e-07
2150 350 2.47884e-07
2175 350 2.6144e-07
2200 350 2.76411e-07
2225 350 2.92996e-07
2250 350 3.11434e-07
2275 350 3.3201e-07
2300 350 3.55067e-07
2325 350 3.81019e-07
2350 350 4.10372e-07
2375 350 4.43752e-07
2400 350 4.81933e-07
2425 350 5.25892e-07
2450 350 5.76869e-07
2475 350 6.36464e-07
2500 350 7.06769e-07
2525 350 7.90565e-07
2550 350 8.91616e-07
2575 350 1.01495e-06
2600 350 1.16465e-06
2625 350 1.31242e-06
2650 350 1.16251e-06
2675 350 -8.24966e-07
2700 350 -8.71695e-06
2725 350 -2.38804e-05
2750 350 -2.92956e-05
2775 350 -3.3106e-06
2800 350 2.8777e-05
2825 350 3.35497e-05
2850 350 2.14913e-05
2875 350 -5.05861e-06
2900 350 -3.01797e-05
2925 350 -3.06048e-05
2950 350 -1.61527e-05
2975 350 -4.84362e-06
0 375 0
25 375 -1.69266e-08
50 375 -3.40033e-08
75 375 -5.13834e-08
100 375 -6.92271e-08
125 375 -8.77053e-08
150 375 -1.07004e-07
175 375 -1.27328e-07
200 375 -1.4891e-07
225 375 -1.72014e-07
250 375 -1.96945e-07
275 375 -2.24063e-07
300 375 -2.53794e-07
325 375 -2.8665e-07
350 375 -3.23255e-07
375 375 -3.64375e-07
400 375 -4.10963e-07
425 375 -4.64224e-07
450 375 -5.25696e-07
475 375 -5.97379e-07
500 375 -6.81912e-07
525 375 -7.82847e-07
550 375 -9.05071e-07
575 375 -1.05548e-06
600 375 -1.24408e-06
625 375 -1.486e-06
650 375 -1.80506e-06
675 375 -2.24114e-06
700 375 -2.86662e-06
725 375 -3.83043e-06
750 375 -5.52675e-06
775 375 -9.16156e-06
800 375 -1.56054e-05
825 375 -1.66236e-05
850 375 2.10302e-06
875 375 2.90798e-05
900 375 3.59794e-05
925 375 2.30668e-05
950 375 9.64918e-06
975 375 3.5716e-06
1000 375 2.07366e-06
1025 375 2.04937e-06
1050 375 2.397e-06
1075 375 2.94393e-06
1100 375 3.77995e-06
1125 375 5.16241e-06
1150 375 8.23307e-06
1175 375 1.77498e-05
1200 375 1.66154e-05
1225 375 -1.33529e-05
1250 375 -3.40137e-05
1275 375 -2.48668e-05
1300 375 -9.52216e-06
1325 375 -2.16094e-06
1350 375 -2.41771e-07
1375 375 7.41098e-08
1400 375 1.10329e-07
1425 375 1.14543e-07
1450 375 1.16312e-07
1475 375 1.18061e-07
1500 375 1.19938e-07
1525 375 1.21957e-07
1550 375 1.24127e-07
1575 375 1.26457e-07
1600 375 1.28958e-07
1625 375 1.3164e-07
1650 375 1.34516e-07
1675 375 1.37601e-07
1700 375 1.40909e-07
1725 375 1.44458e-07
1750 375 1.48267e-07
1775 375 1.52357e-07
1800 375 1.56751e-07
1825 375 1.61477e-07
1850 375 1.66562e-07
1875 375 1.72041e-07
1900 375 1.77951e-07
1925 375 1.84333e-07
1950 375 1.91235e-07
1975 375 1.9871e-07
2000 375 2.06821e-07
2025 375 2.15637e-07
2050 375 2.25238e-07
2075 375 2.35716e-07
2100 375 2.47178e-07
2125 375 2.59746e-07
2150 375 2.73566e-07
2175 375 2.88805e-07
2200 375 3.05661e-07
2225 375 3.2437e-07
2250 375 3.45212e-07
2275 375 3.68521e-07
2300 375 3.94703e-07
2325 375 4.24251e-07
2350 375 4.57771e-07
2375 375 4.96014e-07
2400 375 5.39921e-07
2425 375 5.90681e-07
2450 375 6.49824e-07
2475 375 7.19336e-07
2500 375 8.0185e-07
2525 375 9.00907e-07
2550 375 1.02136e-06
2575 375 1.16965e-06
2600 375 1.34891e-06
2625 375 1.50166e-06
2650 375 1.13772e-06
2675 375 -1.91854e-06
2700 375 -1.20669e-05
2725 375 -2.70391e-05
2750 375 -2.41208e-05
2775 375 9.65574e-06
2800 375 3.62768e-05
2825 375 2.99775e-05
2850 375 4.38335e-06
2875 375 -2.45402e-05
2900 375 -3.25836e-05
2925 375 -2.0368e-05
2950 375 -7.41532e-06
2975 375 -1.58564e-06
0 400 0
25 400 -1.88547e-08
50 400 -3.78815e-08
75 400 -5.72564e-08
100 400 -7.71637e-08
125 400 -9.78002e-08
150 400 -1.19381e-07
175 400 -1.42144e-07
200 400 -1.66358e-07
225 400 -1.92333e-07
250 400 -2.20428e-07
275 400 -2.51067e-07
300 400 -2.84755e-07
325 400 -3.22105e-07
350 400 -3.63865e-07
375 400 -4.10963e-07
400 400 -4.64563e-07
425 400 -5.26148e-07
450 400 -5.97632e-07
475 400 -6.81529e-07
500 400 -7.81205e-07
525 400 -9.01259e-07
550 400 -1.04813e-06
575 400 -1.2311e-06
600 400 -1.46402e-06
625 400 -1.76849e-06
650 400 -2.18007e-06
675 400 -2.7619e-06
700 400 -3.63957e-06
725 400 -5.12384e-06
750 400 -8.17448e-06
775 400 -1.41297e-05
800 400 -1.78113e-05
825 400 -4.41507e-06
850 400 2.31194e-05
875 400 3.67024e-05
900 400 2.73421e-05
925 400 1.26109e-05
950 400 4.51757e-06
975 400 2.07228e-06
1000 400 1.74184e-06
1025 400 1.92937e-06
1050 400 2.27375e-06
1075 400 2.76721e-06
1100 400 3.49907e-06
1125 400 4.7127e-06
1150 400 6.86963e-06
1175 400 1.47197e-05
1200 400 2.00924e-05
1225 400 -3.87816e-06
1250 400 -3.16636e-05
1275 400 -2.90467e-05
1300 400 -1.29542e-05
1325 400 -3.36074e-06
1350 400 -4.7977e-07
1375 400 5.09892e-08
1400 400 1.17234e-07
1425 400 1.24402e-07
1450 400 1.26519e-07
1475 400 1.28451e-07
1500 400 1.30517e-07
1525 400 1.32739e-07
1550 400 1.35128e-07
1575 400 1.37694e-07
1600 400 1.40449e-07
1625 400 1.43405e-07
1650 400 1.46576e-07
1675 400 1.49979e-07
1700 400 1.5363e-07
1725 400 1.57549e-07
1750 400 1.61757e-07
1775 400 1.66278e-07
1800 400 1.71138e-07
1825 400 1.76368e-07
1850 400 1.82e-07
1875 400 1.88072e-07
1900 400 1.94627e-07
1925 400 2.01711e-07
1950 400 2.0938e-07
1975 400 2.17694e-07
2000 400 2.26724e-07
2025 400 2.36549e-07
2050 400 2.47262e-07
2075 400 2.58968e-07
2100 400 2.7179e-07
2125 400 2.85872e-07
