0 0 0
25 0 0
50 0 0
75 0 0
100 0 0
125 0 0
150 0 0
175 0 0
200 0 0
225 0 0
250 0 0
275 0 0
300 0 0
325 0 0
350 0 0
375 0 0
400 0 0
425 0 0
450 0 0
475 0 0
500 0 0
525 0 0
550 0 0
575 0 0
600 0 0
625 0 0
650 0 0
675 0 0
700 0 0
725 0 0
750 0 0
775 0 0
800 0 0
825 0 0
850 0 0
875 0 0
900 0 0
925 0 0
950 0 0
975 0 0
1000 0 0
1025 0 0
1050 0 0
1075 0 0
1100 0 0
1125 0 0
1150 0 0
1175 0 0
1200 0 0
1225 0 0
1250 0 0
1275 0 0
1300 0 0
1325 0 0
1350 0 0
1375 0 0
1400 0 0
1425 0 0
1450 0 0
1475 0 0
1500 0 0
1525 0 0
1550 0 0
1575 0 0
1600 0 0
1625 0 0
1650 0 0
1675 0 0
1700 0 0
1725 0 0
1750 0 0
1775 0 0
1800 0 0
1825 0 0
1850 0 0
1875 0 0
1900 0 0
1925 0 0
1950 0 0
1975 0 0
2000 0 0
2025 0 0
2050 0 0
2075 0 0
2100 0 0
2125 0 0
2150 0 0
2175 0 0
2200 0 0
2225 0 0
2250 0 0
2275 0 0
2300 0 0
2325 0 0
2350 0 0
2375 0 0
2400 0 0
2425 0 0
2450 0 0
2475 0 0
2500 0 0
2525 0 0
2550 0 0
2575 0 0
2600 0 0
2625 0 0
2650 0 0
2675 0 0
2700 0 0
2725 0 0
2750 0 0
2775 0 0
2800 0 0
2825 0 0
2850 0 0
2875 0 0
2900 0 0
2925 0 0
2950 0 0
2975 0 0
0 25 0
25 25 2.5391e-78
50 25 1.07032e-74
75 25 3.58347e-71
100 25 9.496e-68
125 25 1.98472e-64
150 25 3.26026e-61
175 25 4.19447e-58
200 25 4.21189e-55
225 25 3.29002e-52
250 25 1.99277e-49
275 25 9.33165e-47
300 25 3.3693e-44
325 25 9.35827e-42
350 25 1.99585e-39
375 25 3.26424e-37
400 25 4.09164e-35
425 25 3.9314e-33
450 25 2.8986e-31
475 25 1.6432e-29
500 25 7.18399e-28
525 25 2.43211e-26
550 25 6.40856e-25
575 25 1.32237e-23
600 25 2.15183e-22
625 25 2.78297e-21
650 25 2.88475e-20
675 25 2.418e-19
700 25 1.65388e-18
725 25 9.31599e-18
750 25 4.36072e-17
775 25 1.71113e-16
800 25 5.67551e-16
825 25 1.60351e-15
850 25 3.88626e-15
875 25 8.13012e-15
900 25 1.47607e-14
925 25 2.3362e-14
950 25 3.2347e-14
975 25 3.92812e-14
1000 25 4.19013e-14
1025 25 3.92812e-14
1050 25 3.2347e-14
1075 25 2.3362e-14
1100 25 1.47607e-14
1125 25 8.13012e-15
1150 25 3.88626e-15
1175 25 1.60351e-15
1200 25 5.67551e-16
1225 25 1.71113e-16
1250 25 4.36072e-17
1275 25 9.31599e-18
1300 25 1.65388e-18
1325 25 2.418e-19
1350 25 2.88475e-20
1375 25 2.78297e-21
1400 25 2.15183e-22
1425 25 1.32237e-23
1450 25 6.40856e-25
1475 25 2.43211e-26
1500 25 7.18399e-28
1525 25 1.6432e-29
1550 25 2.8986e-31
1575 25 3.9314e-33
1600 25 4.09164e-35
1625 25 3.26424e-37
1650 25 1.99585e-39
1675 25 9.35827e-42
1700 25 3.3693e-44
1725 25 9.33165e-47
1750 25 1.99277e-49
1775 25 3.29002e-52
1800 25 4.21189e-55
1825 25 4.19447e-58
1850 25 3.26026e-61
1875 25 1.98472e-64
1900 25 9.496e-68
1925 25 3.58347e-71
1950 25 1.07032e-74
1975 25 2.5391e-78
2000 25 4.80054e-82
2025 25 7.2577e-86
2050 25 8.80299e-90
2075 25 8.59348e-94
2100 25 6.77267e-98
2125 25 4.32221e-102
2150 25 2.2401e-106
2175 25 9.45497e-111
2200 25 3.25881e-115
2225 25 9.19594e-120
2250 25 2.1299e-124
2275 25 4.05879e-129
2300 25 6.37844e-134
2325 25 8.28479e-139
2350 25 8.91305e-144
2375 25 7.95871e-149
2400 25 5.90997e-154
2425 25 3.6566e-159
2450 25 1.88846e-164
2475 25 8.15511e-170
2500 25 2.94965e-175
2525 25 8.95003e-181
2550 25 2.2817e-186
2575 25 4.8945e-192
2600 25 8.84682e-198
2625 25 1.34921e-203
2650 25 1.7384e-209
2675 25 1.89466e-215
2700 25 1.7488e-221
2725 25 1.36857e-227
2750 25 9.09042e-234
2775 25 5.13028e-240
2800 25 2.46246e-246
2825 25 1.00619e-252
2850 25 3.50324e-259
2875 25 1.04018e-265
2900 25 2.6361e-272
2925 25 5.70634e-279
2950 25 1.05579e-285
2975 25 1.66992e-292
0 50 0
25 50 1.07032e-74
50 50 4.04674e-71
75 50 1.21333e-67
100 50 2.87468e-64
125 50 5.36258e-61
150 50 7.84816e-58
175 50 8.97879e-55
200 50 8.00195e-52
225 50 5.53638e-49
250 50 2.96418e-46
275 50 1.22443e-43
300 50 3.8918e-41
325 50 9.49682e-39
350 50 1.77605e-36
375 50 2.5427e-34
400 50 2.78566e-32
425 50 2.33642e-30
450 50 1.50235e-28
475 50 7.4243e-27
500 50 2.82968e-25
525 50 8.35681e-24
550 50 1.92341e-22
575 50 3.4737e-21
600 50 4.96102e-20
625 50 5.65098e-19
650 50 5.18128e-18
675 50 3.86082e-17
700 50 2.36112e-16
725 50 1.1968e-15
750 50 5.07683e-15
775 50 1.81916e-14
800 50 5.55504e-14
825 50 1.45744e-13
850 50 3.30988e-13
875 50 6.54963e-13
900 50 1.13574e-12
925 50 1.73401e-12
950 50 2.33966e-12
975 50 2.79734e-12
1000 50 2.96846e-12
1025 50 2.79734e-12
1050 50 2.33966e-12
1075 50 1.73401e-12
1100 50 1.13574e-12
1125 50 6.54963e-13
1150 50 3.30988e-13
1175 50 1.45744e-13
1200 50 5.55504e-14
1225 50 1.81916e-14
1250 50 5.07683e-15
1275 50 1.1968e-15
1300 50 2.36112e-16
1325 50 3.86082e-17
1350 50 5.18128e-18
1375 50 5.65098e-19
1400 50 4.96102e-20
1425 50 3.4737e-21
1450 50 1.92341e-22
1475 50 8.35681e-24
1500 50 2.82968e-25
1525 50 7.4243e-27
1550 50 1.50235e-28
1575 50 2.33642e-30
1600 50 2.78566e-32
1625 50 2.5427e-34
1650 50 1.77605e-36
1675 50 9.49682e-39
1700 50 3.8918e-41
1725 50 1.22443e-43
1750 50 2.96418e-46
1775 50 5.53638e-49
1800 50 8.00195e-52
1825 50 8.97879e-55
1850 50 7.84816e-58
1875 50 5.36258e-61
1900 50 2.87468e-64
1925 50 1.21333e-67
1950 50 4.04674e-71
1975 50 1.07032e-74
2000 50 2.25284e-78
2025 50 3.78658e-82
2050 50 5.09945e-86
2075 50 5.52051e-90
2100 50 4.81939e-94
2125 50 3.40329e-98
2150 50 1.9498e-102
2175 50 9.08891e-107
2200 50 3.45674e-111
2225 50 1.0755e-115
2250 50 2.74449e-120
2275 50 5.75823e-125
2300 50 9.95688e-130
2325 50 1.42218e-134
2350 50 1.68163e-139
2375 50 1.64955e-144
2400 50 1.34503e-149
2425 50 9.13423e-155
2450 50 5.17594e-160
2475 50 2.45163e-165
2500 50 9.72325e-171
2525 50 3.23419e-176
2550 50 9.03642e-182
2575 50 2.12401e-187
2600 50 4.206e-193
2625 50 7.02638e-199
2650 50 9.91554e-205
2675 50 1.18351e-210
2700 50 1.19624e-216
2725 50 1.02509e-222
2750 50 7.45561e-229
2775 50 4.60722e-235
2800 50 2.42141e-241
2825 50 1.08341e-247
2850 50 4.1306e-254
2875 50 1.34311e-260
2900 50 3.72783e-267
2925 50 8.83882e-274
2950 50 1.79164e-280
2975 50 3.10666e-287
0 75 0
25 75 3.58347e-71
50 75 1.21333e-67
75 75 3.25237e-64
100 75 6.87667e-61
125 75 1.14264e-57
150 75 1.48656e-54
175 75 1.50872e-51
200 75 1.19021e-48
225 75 7.27304e-46
250 75 3.43133e-43
275 75 1.24609e-40
300 75 3.47391e-38
325 75 7.41829e-36
350 75 1.21139e-33
375 75 1.51125e-31
400 75 1.44006e-29
425 75 1.04892e-27
450 75 5.8505e-26
475 75 2.50607e-24
500 75 8.27781e-23
525 75 2.11963e-21
550 75 4.2348e-20
575 75 6.65158e-19
600 75 8.28419e-18
625 75 8.25804e-17
650 75 6.65496e-16
675 75 4.38099e-15
700 75 2.38098e-14
725 75 1.07966e-13
750 75 4.1272e-13
775 75 1.34333e-12
800 75 3.75792e-12
825 75 9.11435e-12
850 75 1.93175e-11
875 75 3.60301e-11
900 75 5.94972e-11
925 75 8.74226e-11
950 75 1.14753e-10
975 75 1.34942e-10
1000 75 1.42406e-10
1025 75 1.34942e-10
1050 75 1.14753e-10
1075 75 8.74226e-11
1100 75 5.94972e-11
1125 75 3.60301e-11
1150 75 1.93175e-11
1175 75 9.11435e-12
1200 75 3.75792e-12
1225 75 1.34333e-12
1250 75 4.1272e-13
1275 75 1.07966e-13
1300 75 2.38098e-14
1325 75 4.38099e-15
1350 75 6.65496e-16
1375 75 8.25804e-17
1400 75 8.28419e-18
1425 75 6.65158e-19
1450 75 4.2348e-20
1475 75 2.11963e-21
1500 75 8.27781e-23
1525 75 2.50607e-24
1550 75 5.8505e-26
1575 75 1.04892e-27
1600 75 1.44006e-29
1625 75 1.51125e-31
1650 75 1.21139e-33
1675 75 7.41829e-36
1700 75 3.47391e-38
1725 75 1.24609e-40
1750 75 3.43133e-43
1775 75 7.27304e-46
1800 75 1.19021e-48
1825 75 1.50872e-51
1850 75 1.48656e-54
1875 75 1.14264e-57
1900 75 6.87667e-61
1925 75 3.25237e-64
1950 75 1.21333e-67
1975 75 3.58347e-71
2000 75 8.40894e-75
2025 75 1.57336e-78
2050 75 2.35537e-82
2075 75 2.83073e-86
2100 75 2.74006e-90
2125 75 2.14295e-94
2150 75 1.35826e-98
2175 75 6.99761e-103
2200 75 2.93863e-107
2225 75 1.00869e-111
2250 75 2.83744e-116
2275 75 6.5577e-121
2300 75 1.2482e-125
2325 75 1.96129e-130
2350 75 2.54973e-135
2375 75 2.74835e-140
2400 75 2.46135e-145
2425 75 1.83507e-150
2450 75 1.14113e-155
2475 75 5.92938e-161
2500 75 2.57887e-166
2525 75 9.40415e-172
2550 75 2.87988e-177
2575 75 7.41753e-183
2600 75 1.6092e-188
2625 75 2.94466e-194
2650 75 4.55114e-200
2675 75 5.94872e-206
2700 75 6.58385e-212
2725 75 6.17733e-218
2750 75 4.919e-224
2775 75 3.32794e-230
2800 75 1.9149e-236
2825 75 9.38025e-243
2850 75 3.91555e-249
2875 75 1.39402e-255
2900 75 4.23664e-262
2925 75 1.10003e-268
2950 75 2.44204e-275
2975 75 4.63861e-282
0 100 0
25 100 9.496e-68
50 100 2.87468e-64
75 100 6.87667e-61
100 100 1.295e-57
125 100 1.91253e-54
150 100 2.20667e-51
175 100 1.9816e-48
200 100 1.37987e-45
225 100 7.42429e-43
250 100 3.07615e-40
275 100 9.78503e-38
300 100 2.38315e-35
325 100 4.43425e-33
350 100 6.29335e-31
375 100 6.80721e-29
400 100 5.61173e-27
425 100 3.52952e-25
450 100 1.69734e-23
475 100 6.2621e-22
500 100 1.78073e-20
525 100 3.92634e-19
550 100 6.76118e-18
575 100 9.16936e-17
600 100 9.88601e-16
625 100 8.56081e-15
650 100 6.01921e-14
675 100 3.47523e-13
700 100 1.66651e-12
725 100 6.71343e-12
750 100 2.29727e-11
775 100 6.74887e-11
800 100 1.71934e-10
825 100 3.8339e-10
850 100 7.54627e-10
875 100 1.32096e-09
900 100 2.06973e-09
925 100 2.91838e-09
950 100 3.71884e-09
975 100 4.29571e-09
1000 100 4.50631e-09
1025 100 4.29571e-09
1050 100 3.71884e-09
1075 100 2.91838e-09
1100 100 2.06973e-09
1125 100 1.32096e-09
1150 100 7.54627e-10
1175 100 3.8339e-10
1200 100 1.71934e-10
1225 100 6.74887e-11
1250 100 2.29727e-11
1275 100 6.71343e-12
1300 100 1.66651e-12
1325 100 3.47523e-13
1350 100 6.01921e-14
1375 100 8.56081e-15
1400 100 9.88601e-16
1425 100 9.16936e-17
1450 100 6.76118e-18
1475 100 3.92634e-19
1500 100 1.78073e-20
1525 100 6.2621e-22
1550 100 1.69734e-23
1575 100 3.52952e-25
1600 100 5.61173e-27
1625 100 6.80721e-29
1650 100 6.29335e-31
1675 100 4.43425e-33
1700 100 2.38315e-35
1725 100 9.78503e-38
1750 100 3.07615e-40
1775 100 7.42429e-43
1800 100 1.37987e-45
1825 100 1.9816e-48
1850 100 2.20667e-51
1875 100 1.91253e-54
1900 100 1.295e-57
1925 100 6.87667e-61
1950 100 2.87468e-64
1975 100 9.496e-68
2000 100 2.48798e-71
2025 100 5.1891e-75
2050 100 8.64606e-79
2075 100 1.15486e-82
2100 100 1.24073e-86
2125 100 1.07567e-90
2150 100 7.54909e-95
2175 100 4.30166e-99
2200 100 1.99604e-103
2225 100 7.56338e-108
2250 100 2.34663e-112
2275 100 5.97696e-117
2300 100 1.25287e-121
2325 100 2.1665e-126
2350 100 3.09766e-131
2375 100 3.67016e-136
2400 100 3.61102e-141
2425 100 2.95628e-146
2450 100 2.01777e-151
2475 100 1.15032e-156
2500 100 5.48724e-162
2525 100 2.19392e-167
2550 100 7.3642e-173
2575 100 2.0785e-178
2600 100 4.94018e-184
2625 100 9.90208e-190
2650 100 1.67609e-195
2675 100 2.39897e-201
2700 100 2.90708e-207
2725 100 2.98617e-213
2750 100 2.60314e-219
2775 100 1.9279e-225
2800 100 1.21432e-231
2825 100 6.51147e-238
2850 100 2.97537e-244
2875 100 1.15962e-250
2900 100 3.85823e-257
2925 100 1.09678e-263
2950 100 2.66599e-270
2975 100 5.54542e-277
0 125 0
25 125 1.98472e-64
50 125 5.36258e-61
75 125 1.14264e-57
100 125 1.91253e-54
125 125 2.50472e-51
150 125 2.55654e-48
175 125 2.02575e-45
200 125 1.24137e-42
225 125 5.86134e-40
250 125 2.12508e-37
275 125 5.89755e-35
300 125 1.24939e-32
325 125 2.01606e-30
350 125 2.47413e-28
375 125 2.30751e-26
400 125 1.63596e-24
425 125 8.82848e-23
450 125 3.63579e-21
475 125 1.14709e-19
500 125 2.78719e-18
525 125 5.25051e-17
550 125 7.72996e-16
575 125 8.97642e-15
600 125 8.30723e-14
625 125 6.19566e-13
650 125 3.76809e-12
675 125 1.89169e-11
700 125 7.93642e-11
725 125 2.81679e-10
750 125 8.55889e-10
775 125 2.25204e-09
800 125 5.18696e-09
825 125 1.05624e-08
850 125 1.91896e-08
875 125 3.13562e-08
900 125 4.64052e-08
925 125 6.25623e-08
950 125 7.71881e-08
975 125 8.7441e-08
1000 125 9.11325e-08
1025 125 8.7441e-08
1050 125 7.71881e-08
1075 125 6.25623e-08
1100 125 4.64052e-08
1125 125 3.13562e-08
1150 125 1.91896e-08
1175 125 1.05624e-08
1200 125 5.18696e-09
1225 125 2.25204e-09
1250 125 8.55889e-10
1275 125 2.81679e-10
1300 125 7.93642e-11
1325 125 1.89169e-11
1350 125 3.76809e-12
1375 125 6.19566e-13
1400 125 8.30723e-14
1425 125 8.97642e-15
1450 125 7.72996e-16
1475 125 5.25051e-17
1500 125 2.78719e-18
1525 125 1.14709e-19
1550 125 3.63579e-21
1575 125 8.82848e-23
1600 125 1.63596e-24
1625 125 2.30751e-26
1650 125 2.47413e-28
1675 125 2.01606e-30
1700 125 1.24939e-32
1725 125 5.89755e-35
1750 125 2.12508e-37
1775 125 5.86134e-40
1800 125 1.24137e-42
1825 125 2.02575e-45
1850 125 2.55654e-48
1875 125 2.50472e-51
1900 125 1.91253e-54
1925 125 1.14264e-57
1950 125 5.36258e-61
1975 125 1.98472e-64
2000 125 5.81508e-68
2025 125 1.35387e-71
2050 125 2.51395e-75
2075 125 3.73634e-79
2100 125 4.46013e-83
2125 125 4.29057e-87
2150 125 3.33695e-91
2175 125 2.10478e-95
2200 125 1.07991e-99
2225 125 4.52002e-104
2250 125 1.54766e-108
2275 125 4.34653e-113
2300 125 1.00382e-117
2325 125 1.91107e-122
2350 125 3.00626e-127
2375 125 3.91636e-132
2400 125 4.23434e-137
2425 125 3.80744e-142
2450 125 2.85289e-147
2475 125 1.78471e-152
2500 125 9.33838e-158
2525 125 4.09404e-163
2550 125 1.50638e-168
2575 125 4.65923e-174
2600 125 1.21326e-179
2625 125 2.66372e-185
2650 125 4.93775e-191
2675 125 7.73852e-197
2700 125 1.02667e-202
2725 125 1.15447e-208
2750 125 1.10161e-214
2775 125 8.92987e-221
2800 125 6.15613e-227
2825 125 3.61294e-233
2850 125 1.80688e-239
2875 125 7.70764e-246
2900 125 2.8069e-252
2925 125 8.73404e-259
2950 125 2.32404e-265
2975 125 5.29234e-272
0 150 0
25 150 3.26026e-61
50 150 7.84816e-58
75 150 1.48656e-54
100 150 2.20667e-51
125 150 2.55654e-48
150 150 2.30222e-45
175 150 1.60493e-42
200 150 8.62692e-40
225 150 3.56192e-37
250 150 1.12561e-34
275 150 2.71364e-32
300 150 4.97699e-30
325 150 6.92893e-28
350 150 7.31141e-26
375 150 5.84394e-24
400 150 3.53971e-22
425 150 1.6274e-20
450 150 5.69598e-19
475 150 1.52442e-17
500 150 3.1381e-16
525 150 5.00572e-15
550 150 6.24226e-14
575 150 6.14751e-13
600 150 4.8354e-12
625 150 3.07486e-11
650 150 1.60117e-10
675 150 6.91824e-10
700 150 2.51349e-09
725 150 7.78048e-09
750 150 2.07858e-08
775 150 4.85185e-08
800 150 1.00112e-07
825 150 1.84586e-07
850 150 3.07129e-07
875 150 4.65233e-07
900 150 6.46488e-07
925 150 8.29385e-07
950 150 9.873e-07
975 150 1.09452e-06
1000 150 1.13251e-06
1025 150 1.09452e-06
1050 150 9.873e-07
1075 150 8.29385e-07
1100 150 6.46488e-07
1125 150 4.65233e-07
1150 150 3.07129e-07
1175 150 1.84586e-07
1200 150 1.00112e-07
1225 150 4.85185e-08
1250 150 2.07858e-08
1275 150 7.78048e-09
1300 150 2.51349e-09
1325 150 6.91824e-10
1350 150 1.60117e-10
1375 150 3.07486e-11
1400 150 4.8354e-12
1425 150 6.14751e-13
1450 150 6.24226e-14
1475 150 5.00572e-15
1500 150 3.1381e-16
1525 150 1.52442e-17
1550 150 5.69598e-19
1575 150 1.6274e-20
1600 150 3.53971e-22
1625 150 5.84394e-24
1650 150 7.31141e-26
1675 150 6.92893e-28
1700 150 4.97699e-30
1725 150 2.71364e-32
1750 150 1.12561e-34
1775 150 3.56192e-37
1800 150 8.62692e-40
1825 150 1.60493e-42
1850 150 2.30222e-45
1875 150 2.55654e-48
1900 150 2.20667e-51
1925 150 1.48656e-54
1950 150 7.84816e-58
1975 150 3.26026e-61
2000 150 1.06996e-64
2025 150 2.78488e-68
2050 150 5.77063e-72
2075 150 9.55475e-76
2100 150 1.26867e-79
2125 150 1.35554e-83
2150 150 1.16938e-87
2175 150 8.17102e-92
2200 150 4.6389e-96
2225 150 2.14615e-100
2250 150 8.1143e-105
2275 150 2.51406e-109
2300 150 6.39989e-114
2325 150 1.34195e-118
2350 150 2.32335e-123
2375 150 3.32896e-128
2400 150 3.95625e-133
2425 150 3.90804e-138
2450 150 3.21526e-143
2475 150 2.2075e-148
2500 150 1.26714e-153
2525 150 6.09194e-159
2550 150 2.4572e-164
2575 150 8.32888e-170
2600 150 2.37615e-175
2625 150 5.71417e-181
2650 150 1.15997e-186
2675 150 1.99043e-192
2700 150 2.89087e-198
2725 150 3.55821e-204
2750 150 3.71604e-210
2775 150 3.29665e-216
2800 150 2.48705e-222
2825 150 1.59724e-228
2850 150 8.74115e-235
2875 150 4.0803e-241
2900 150 1.62607e-247
2925 150 5.53722e-254
2950 150 1.61253e-260
2975 150 4.01915e-267
0 175 0
25 175 4.19447e-58
50 175 8.97879e-55
75 175 1.50872e-51
100 175 1.9816e-48
125 175 2.02575e-45
150 175 1.60493e-42
175 175 9.81265e-40
200 175 4.61071e-37
225 175 1.65831e-34
250 175 4.5484e-32
275 175 9.48138e-30
300 175 1.49777e-27
325 175 1.78892e-25
350 175 1.61309e-23
375 175 1.09753e-21
400 175 5.63801e-20
425 175 2.19087e-18
450 175 6.4617e-17
475 175 1.45364e-15
500 175 2.51071e-14
525 175 3.35668e-13
550 175 3.50766e-12
575 175 2.89695e-11
600 175 1.91432e-10
625 175 1.02561e-09
650 175 4.51716e-09
675 175 1.65904e-08
700 175 5.15464e-08
725 175 1.37427e-07
750 175 3.18799e-07
775 175 6.52131e-07
800 175 1.19132e-06
825 175 1.96667e-06
850 175 2.96589e-06
875 175 4.12603e-06
900 175 5.34022e-06
925 175 6.47666e-06
950 175 7.40266e-06
975 175 8.00713e-06
1000 175 8.21707e-06
1025 175 8.00713e-06
1050 175 7.40266e-06
1075 175 6.47666e-06
1100 175 5.34022e-06
1125 175 4.12603e-06
1150 175 2.96589e-06
1175 175 1.96667e-06
1200 175 1.19132e-06
1225 175 6.52131e-07
1250 175 3.18799e-07
1275 175 1.37427e-07
1300 175 5.15464e-08
1325 175 1.65904e-08
1350 175 4.51716e-09
1375 175 1.02561e-09
1400 175 1.91432e-10
1425 175 2.89695e-11
1450 175 3.50766e-12
1475 175 3.35668e-13
1500 175 2.51071e-14
1525 175 1.45364e-15
1550 175 6.4617e-17
1575 175 2.19087e-18
1600 175 5.63801e-20
1625 175 1.09753e-21
1650 175 1.61309e-23
1675 175 1.78892e-25
1700 175 1.49777e-27
1725 175 9.48138e-30
1750 175 4.5484e-32
1775 175 1.65831e-34
1800 175 4.61071e-37
1825 175 9.81265e-40
1850 175 1.60493e-42
1875 175 2.02575e-45
1900 175 1.9816e-48
1925 175 1.50872e-51
1950 175 8.97879e-55
1975 175 4.19447e-58
2000 175 1.5445e-61
2025 175 4.50105e-65
2050 175 1.04224e-68
2075 175 1.92492e-72
2100 175 2.84615e-76
2125 175 3.38109e-80
2150 175 3.23822e-84
2175 175 2.50869e-88
2200 175 1.57711e-92
2225 175 8.07018e-97
2250 175 3.3712e-101
2275 175 1.15289e-105
2300 175 3.23646e-110
2325 175 7.47741e-115
2350 175 1.42531e-119
2375 175 2.24684e-124
2400 175 2.93583e-129
2425 175 3.18661e-134
2450 175 2.87918e-139
2475 175 2.16979e-144
2500 175 1.36649e-149
2525 175 7.20482e-155
2550 175 3.18589e-160
2575 175 1.18346e-165
2600 175 3.69905e-171
2625 175 9.74318e-177
2650 175 2.16583e-182
2675 175 4.06882e-188
2700 175 6.46868e-194
2725 175 8.71411e-200
2750 175 9.95917e-206
2775 175 9.66774e-212
2800 175 7.98024e-218
2825 175 5.6074e-224
2850 175 3.35742e-230
2875 175 1.71464e-236
2900 175 7.47601e-243
2925 175 2.78538e-249
2950 175 8.87534e-256
2975 175 2.42061e-262
0 200 0
25 200 4.21189e-55
50 200 8.00195e-52
75 200 1.19021e-48
100 200 1.37987e-45
125 200 1.24137e-42
150 200 8.62692e-40
175 200 4.61071e-37
200 200 1.88684e-34
225 200 5.88751e-32
250 200 1.39522e-29
275 200 2.50219e-27
300 200 3.38558e-25
325 200 3.44787e-23
350 200 2.63878e-21
375 200 1.51697e-19
400 200 6.55534e-18
425 200 2.13399e-16
450 200 5.25292e-15
475 200 9.83074e-14
500 200 1.40891e-12
525 200 1.56021e-11
550 200 1.34926e-10
575 200 9.22301e-10
600 200 5.05019e-09
625 200 2.24707e-08
650 200 8.24726e-08
675 200 2.53552e-07
700 200 6.63166e-07
725 200 1.49851e-06
750 200 2.96977e-06
775 200 5.23765e-06
800 200 8.33574e-06
825 200 1.21294e-05
850 200 1.63346e-05
875 200 2.05857e-05
900 200 2.45182e-05
925 200 2.7831e-05
950 200 3.03142e-05
975 200 3.18437e-05
1000 200 3.23592e-05
1025 200 3.18437e-05
1050 200 3.03142e-05
1075 200 2.7831e-05
1100 200 2.45182e-05
1125 200 2.05857e-05
1150 200 1.63346e-05
1175 200 1.21294e-05
1200 200 8.33574e-06
1225 200 5.23765e-06
1250 200 2.96977e-06
1275 200 1.49851e-06
1300 200 6.63166e-07
1325 200 2.53552e-07
1350 200 8.24726e-08
1375 200 2.24707e-08
1400 200 5.05019e-09
1425 200 9.22301e-10
1450 200 1.34926e-10
1475 200 1.56021e-11
1500 200 1.40891e-12
1525 200 9.83074e-14
1550 200 5.25292e-15
1575 200 2.13399e-16
1600 200 6.55534e-18
1625 200 1.51697e-19
1650 200 2.63878e-21
1675 200 3.44787e-23
1700 200 3.38558e-25
1725 200 2.50219e-27
1750 200 1.39522e-29
1775 200 5.88751e-32
1800 200 1.88684e-34
1825 200 4.61071e-37
1850 200 8.62692e-40
1875 200 1.24137e-42
1900 200 1.37987e-45
1925 200 1.19021e-48
1950 200 8.00195e-52
1975 200 4.21189e-55
2000 200 1.7432e-58
2025 200 5.69695e-62
2050 200 1.47622e-65
2075 200 3.04507e-69
2100 200 5.01946e-73
2125 200 6.63649e-77
2150 200 7.06307e-81
2175 200 6.07173e-85
2200 200 4.22985e-89
2225 200 2.39555e-93
2250 200 1.10629e-97
2275 200 4.17809e-102
2300 200 1.29401e-106
2325 200 3.2954e-111
2350 200 6.9182e-116
2375 200 1.2002e-120
2400 200 1.72466e-125
2425 200 2.05736e-130
2450 200 2.04177e-135
2475 200 1.68918e-140
2500 200 1.16727e-145
2525 200 6.75001e-151
2550 200 3.27229e-156
2575 200 1.33216e-161
2600 200 4.56175e-167
2625 200 1.316e-172
2650 200 3.2032e-178
2675 200 6.5877e-184
2700 200 1.14631e-189
2725 200 1.6899e-195
2750 200 2.11326e-201
2775 200 2.24438e-207
2800 200 2.02671e-213
2825 200 1.55781e-219
2850 200 1.02028e-225
2875 200 5.6995e-232
2900 200 2.71822e-238
2925 200 1.10779e-244
2950 200 3.86131e-251
2975 200 1.15206e-257
0 225 0
25 225 3.29002e-52
50 225 5.53638e-49
75 225 7.27304e-46
100 225 7.42429e-43
125 225 5.86134e-40
150 225 3.56192e-37
175 225 1.65831e-34
200 225 5.88751e-32
225 225 1.58686e-29
250 225 3.23343e-27
275 225 4.96193e-25
300 225 5.71592e-23
325 225 4.93017e-21
350 225 3.17884e-19
375 225 1.53138e-17
400 225 5.51655e-16
425 225 1.48954e-14
450 225 3.02706e-13
475 225 4.65756e-12
500 225 5.46865e-11
525 225 4.94789e-10
550 225 3.48962e-09
575 225 1.94372e-08
600 225 8.67432e-08
625 225 3.14969e-07
650 225 9.4562e-07
675 225 2.38641e-06
700 225 5.14721e-06
725 225 9.64679e-06
750 225 1.59678e-05
775 225 2.37162e-05
800 225 3.20958e-05
825 225 4.0165e-05
850 225 4.71333e-05
875 225 5.25537e-05
900 225 5.6356e-05
925 225 5.8754e-05
950 225 6.00989e-05
975 225 6.07399e-05
1000 225 6.09242e-05
1025 225 6.07399e-05
1050 225 6.00989e-05
1075 225 5.8754e-05
1100 225 5.6356e-05
1125 225 5.25537e-05
1150 225 4.71333e-05
1175 225 4.0165e-05
1200 225 3.20958e-05
1225 225 2.37162e-05
1250 225 1.59678e-05
1275 225 9.64679e-06
1300 225 5.14721e-06
1325 225 2.38641e-06
1350 225 9.4562e-07
1375 225 3.14969e-07
1400 225 8.67432e-08
1425 225 1.94372e-08
1450 225 3.48962e-09
1475 225 4.94789e-10
1500 225 5.46865e-11
1525 225 4.65756e-12
1550 225 3.02706e-13
1575 225 1.48954e-14
1600 225 5.51655e-16
1625 225 1.53138e-17
1650 225 3.17884e-19
1675 225 4.93017e-21
1700 225 5.71592e-23
1725 225 4.96193e-25
1750 225 3.23343e-27
1775 225 1.58686e-29
1800 225 5.88751e-32
1825 225 1.65831e-34
1850 225 3.56192e-37
1875 225 5.86134e-40
1900 225 7.42429e-43
1925 225 7.27304e-46
1950 225 5.53638e-49
1975 225 3.29002e-52
2000 225 1.53323e-55
2025 225 5.62824e-59
2050 225 1.6344e-62
2075 225 3.77025e-66
2100 225 6.93658e-70
2125 225 1.02178e-73
2150 225 1.20953e-77
2175 225 1.1547e-81
2200 225 8.92066e-86
2225 225 5.59522e-90
2250 225 2.85819e-94
2275 225 1.19267e-98
2300 225 4.07708e-103
2325 225 1.14491e-107
2350 225 2.64805e-112
2375 225 5.0571e-117
2400 225 7.99359e-122
2425 225 1.0482e-126
2450 225 1.14277e-131
2475 225 1.038e-136
2500 225 7.8711e-142
2525 225 4.99232e-147
2550 225 2.65337e-152
2575 225 1.1838e-157
2600 225 4.441e-163
2625 225 1.40312e-168
2650 225 3.7393e-174
2675 225 8.41789e-180
2700 225 1.60303e-185
2725 225 2.58578e-191
2750 225 3.53757e-197
2775 225 4.10977e-203
2800 225 4.05916e-209
2825 225 3.41231e-215
2850 225 2.44409e-221
2875 225 1.49309e-227
2900 225 7.78717e-234
2925 225 3.47058e-240
2950 225 1.32294e-246
2975 225 4.3168e-253
0 250 0
25 250 1.99277e-49
50 250 2.96418e-46
75 250 3.43133e-43
100 250 3.07615e-40
125 250 2.12508e-37
150 250 1.12561e-34
175 250 4.5484e-32
200 250 1.39522e-29
225 250 3.23343e-27
250 250 5.6358e-25
275 250 7.35758e-23
300 250 7.16908e-21
325 250 5.19914e-19
350 250 2.80125e-17
375 250 1.12064e-15
400 250 3.33148e-14
425 250 7.37845e-13
450 250 1.22281e-11
475 250 1.52616e-10
500 250 1.44666e-09
525 250 1.05245e-08
550 250 5.94946e-08
575 250 2.65008e-07
600 250 9.44496e-07
625 250 2.73768e-06
650 250 6.56409e-06
675 250 1.32462e-05
700 250 2.28917e-05
725 250 3.44672e-05
750 250 4.59841e-05
775 250 5.52633e-05
800 250 6.07929e-05
825 250 6.21822e-05
850 250 6.00665e-05
875 250 5.5669e-05
900 250 5.03272e-05
925 250 4.5175e-05
950 250 4.10203e-05
975 250 3.83595e-05
1000 250 3.7447e-05
1025 250 3.83595e-05
1050 250 4.10203e-05
1075 250 4.5175e-05
1100 250 5.03272e-05
1125 250 5.5669e-05
1150 250 6.00665e-05
1175 250 6.21822e-05
1200 250 6.07929e-05
1225 250 5.52633e-05
1250 250 4.59841e-05
1275 250 3.44672e-05
1300 250 2.28917e-05
1325 250 1.32462e-05
1350 250 6.56409e-06
1375 250 2.73768e-06
1400 250 9.44496e-07
1425 250 2.65008e-07
1450 250 5.94946e-08
1475 250 1.05245e-08
1500 250 1.44666e-09
1525 250 1.52616e-10
1550 250 1.22281e-11
1575 250 7.37845e-13
1600 250 3.33148e-14
1625 250 1.12064e-15
1650 250 2.80125e-17
1675 250 5.19914e-19
1700 250 7.16908e-21
1725 250 7.35758e-23
1750 250 5.6358e-25
1775 250 3.23343e-27
1800 250 1.39522e-29
1825 250 4.5484e-32
1850 250 1.12561e-34
1875 250 2.12508e-37
1900 250 3.07615e-40
1925 250 3.43133e-43
1950 250 2.96418e-46
1975 250 1.99277e-49
2000 250 1.0476e-52
2025 250 4.32648e-56
2050 250 1.41004e-59
2075 250 3.64221e-63
2100 250 7.4878e-67
2125 250 1.2301e-70
2150 250 1.62106e-74
2175 250 1.72003e-78
2200 250 1.47463e-82
2225 250 1.02498e-86
2250 250 5.79475e-91
2275 250 2.67295e-95
2300 250 1.00895e-99
2325 250 3.12533e-104
2350 250 7.96615e-109
2375 250 1.67513e-113
2400 250 2.91318e-118
2425 250 4.19982e-123
2450 250 5.03059e-128
2475 250 5.01727e-133
2500 250 4.17513e-138
2525 250 2.90457e-143
2550 250 1.69247e-148
2575 250 8.27498e-154
2600 250 3.4007e-159
2625 250 1.17662e-164
2650 250 3.43286e-170
2675 250 8.45819e-176
2700 250 1.76248e-181
2725 250 3.11024e-187
2750 250 4.6543e-193
2775 250 5.91357e-199
2800 250 6.38706e-205
2825 250 5.87091e-211
2850 250 4.59766e-217
2875 250 3.07078e-223
2900 250 1.75096e-229
2925 250 8.5316e-236
2950 250 3.55555e-242
2975 250 1.26848e-248
0 275 0
25 275 9.33165e-47
50 275 1.22443e-43
75 275 1.24609e-40
100 275 9.78503e-38
125 275 5.89755e-35
150 275 2.71364e-32
175 275 9.48138e-30
200 275 2.50219e-27
225 275 4.96193e-25
250 275 7.35758e-23
275 275 8.12117e-21
300 275 6.64665e-19
325 275 4.02099e-17
350 275 1.79434e-15
375 275 5.90164e-14
400 275 1.43175e-12
425 275 2.56867e-11
450 275 3.42363e-10
475 275 3.41297e-09
500 275 2.56762e-08
525 275 1.47396e-07
550 275 6.5409e-07
575 275 2.2768e-06
600 275 6.31576e-06
625 275 1.41957e-05
650 275 2.62948e-05
675 275 4.08153e-05
700 275 5.39413e-05
725 275 6.15707e-05
750 275 6.13979e-05
775 275 5.38269e-05
800 275 4.13189e-05
825 275 2.69701e-05
850 275 1.3319e-05
875 275 1.84654e-06
900 275 -6.93777e-06
925 275 -1.31471e-05
950 275 -1.71625e-05
975 275 -1.93841e-05
1000 275 -2.00916e-05
1025 275 -1.93841e-05
1050 275 -1.71625e-05
1075 275 -1.31471e-05
1100 275 -6.93777e-06
1125 275 1.84654e-06
1150 275 1.3319e-05
1175 275 2.69701e-05
1200 275 4.13189e-05
1225 275 5.38269e-05
1250 275 6.13979e-05
1275 275 6.15707e-05
1300 275 5.39413e-05
1325 275 4.08153e-05
1350 275 2.62948e-05
1375 275 1.41957e-05
1400 275 6.31576e-06
1425 275 2.2768e-06
1450 275 6.5409e-07
1475 275 1.47396e-07
1500 275 2.56762e-08
1525 275 3.41297e-09
1550 275 3.42363e-10
1575 275 2.56867e-11
1600 275 1.43175e-12
1625 275 5.90164e-14
1650 275 1.79434e-15
1675 275 4.02099e-17
1700 275 6.64665e-19
1725 275 8.12117e-21
1750 275 7.35758e-23
1775 275 4.96193e-25
1800 275 2.50219e-27
1825 275 9.48138e-30
1850 275 2.71364e-32
1875 275 5.89755e-35
1900 275 9.78503e-38
1925 275 1.24609e-40
1950 275 1.22443e-43
1975 275 9.33165e-47
2000 275 5.54395e-50
2025 275 2.58011e-53
2050 275 9.45072e-57
2075 275 2.737e-60
2100 275 6.29457e-64
2125 275 1.15441e-67
2150 275 1.6951e-71
2175 275 2.00054e-75
2200 275 1.90462e-79
2225 275 1.46793e-83
2250 275 9.18959e-88
2275 275 4.68781e-92
2300 275 1.9546e-96
2325 275 6.68079e-101
2350 275 1.87712e-105
2375 275 4.34718e-110
2400 275 8.31914e-115
2425 275 1.31874e-119
2450 275 1.73563e-124
2475 275 1.9008e-129
2500 275 1.73585e-134
2525 275 1.32454e-139
2550 275 8.46118e-145
2575 275 4.53328e-150
2600 275 2.04068e-155
2625 275 7.73124e-161
2650 275 2.46907e-166
2675 275 6.6573e-172
2700 275 1.51768e-177
2725 275 2.92945e-183
2750 275 4.79406e-189
2775 275 6.66021e-195
2800 275 7.86448e-201
2825 275 7.9024e-207
2850 275 6.76457e-213
2875 275 4.93831e-219
2900 275 3.07762e-225
2925 275 1.63898e-231
2950 275 7.46544e-238
2975 275 2.91104e-244
0 300 0
25 300 3.3693e-44
50 300 3.8918e-41
75 300 3.47391e-38
100 300 2.38315e-35
125 300 1.24939e-32
150 300 4.97699e-30
175 300 1.49777e-27
200 300 3.38558e-25
225 300 5.71592e-23
250 300 7.16908e-21
275 300 6.64665e-19
300 300 4.5352e-17
325 300 2.26931e-15
350 300 8.30647e-14
375 300 2.22164e-12
400 300 4.34409e-11
425 300 6.22532e-10
450 300 6.56851e-09
475 300 5.13816e-08
500 300 3.00725e-07
525 300 1.33186e-06
550 300 4.52244e-06
575 300 1.19447e-05
600 300 2.49116e-05
625 300 4.16338e-05
650 300 5.64818e-05
675 300 6.27226e-05
700 300 5.68835e-05
725 300 4.08274e-05
750 300 2.00413e-05
775 300 2.06537e-07
800 300 -1.5186e-05
825 300 -2.52209e-05
850 300 -3.0681e-05
875 300 -3.29747e-05
900 300 -3.34366e-05
925 300 -3.30523e-05
950 300 -3.24468e-05
975 300 -3.19716e-05
1000 300 -3.17966e-05
1025 300 -3.19716e-05
1050 300 -3.24468e-05
1075 300 -3.30523e-05
1100 300 -3.34366e-05
1125 300 -3.29747e-05
1150 300 -3.0681e-05
1175 300 -2.52209e-05
1200 300 -1.5186e-05
1225 300 2.06537e-07
1250 300 2.00413e-05
1275 300 4.08274e-05
1300 300 5.68835e-05
1325 300 6.27226e-05
1350 300 5.64818e-05
1375 300 4.16338e-05
1400 300 2.49116e-05
1425 300 1.19447e-05
1450 300 4.52244e-06
1475 300 1.33186e-06
1500 300 3.00725e-07
1525 300 5.13816e-08
1550 300 6.56851e-09
1575 300 6.22532e-10
1600 300 4.34409e-11
1625 300 2.22164e-12
1650 300 8.30647e-14
1675 300 2.26931e-15
1700 300 4.5352e-17
1725 300 6.64665e-19
1750 300 7.16908e-21
1775 300 5.71592e-23
1800 300 3.38558e-25
1825 300 1.49777e-27
1850 300 4.97699e-30
1875 300 1.24939e-32
1900 300 2.38315e-35
1925 300 3.47391e-38
1950 300 3.8918e-41
1975 300 3.3693e-44
2000 300 2.26624e-47
2025 300 1.19039e-50
2050 300 4.90744e-54
2075 300 1.59541e-57
2100 300 4.10899e-61
2125 300 8.42058e-65
2150 300 1.37885e-68
2175 300 1.81132e-72
2200 300 1.9162e-76
2225 300 1.63846e-80
2250 300 1.1363e-84
2275 300 6.41288e-89
2300 300 2.95455e-93
2325 300 1.1146e-97
2350 300 3.45292e-102
2375 300 8.80823e-107
2400 300 1.85508e-111
2425 300 3.23366e-116
2450 300 4.67651e-121
2475 300 5.62384e-126
2500 300 5.63601e-131
2525 300 4.71672e-136
2550 300 3.30292e-141
2575 300 1.93896e-146
2600 300 9.55952e-152
2625 300 3.96506e-157
2650 300 1.38588e-162
2675 300 4.08838e-168
2700 300 1.01947e-173
2725 300 2.15191e-179
2750 300 3.8503e-185
2775 300 5.84732e-191
2800 300 7.54665e-197
2825 300 8.28718e-203
2850 300 7.75196e-209
2875 300 6.18362e-215
2900 300 4.21069e-221
2925 300 2.45005e-227
2950 300 1.21933e-233
2975 300 5.19497e-240
0 325 0
25 325 9.35827e-42
50 325 9.49682e-39
75 325 7.41829e-36
100 325 4.43425e-33
125 325 2.01606e-30
150 325 6.92893e-28
175 325 1.78892e-25
200 325 3.44787e-23
225 325 4.93017e-21
250 325 5.19914e-19
275 325 4.02099e-17
300 325 2.26931e-15
325 325 9.30686e-14
350 325 2.76522e-12
375 325 5.94244e-11
400 325 9.23742e-10
425 325 1.0409e-08
450 325 8.53962e-08
475 325 5.13493e-07
500 325 2.28328e-06
525 325 7.58887e-06
550 325 1.90789e-05
575 325 3.67138e-05
600 325 5.45943e-05
625 325 6.28957e-05
650 325 5.51869e-05
675 325 3.3843e-05
700 325 7.8544e-06
725 325 -1.38959e-05
750 325 -2.72127e-05
775 325 -3.25732e-05
800 325 -3.26705e-05
825 325 -3.02322e-05
850 325 -2.70918e-05
875 325 -2.4179e-05
900 325 -2.18354e-05
925 325 -2.01123e-05
950 325 -1.89552e-05
975 325 -1.8294e-05
1000 325 -1.80794e-05
1025 325 -1.8294e-05
1050 325 -1.89552e-05
1075 325 -2.01123e-05
1100 325 -2.18354e-05
1125 325 -2.4179e-05
1150 325 -2.70918e-05
1175 325 -3.02322e-05
1200 325 -3.26705e-05
1225 325 -3.25732e-05
1250 325 -2.72127e-05
1275 325 -1.38959e-05
1300 325 7.8544e-06
1325 325 3.3843e-05
1350 325 5.51869e-05
1375 325 6.28957e-05
1400 325 5.45943e-05
1425 325 3.67138e-05
1450 325 1.90789e-05
1475 325 7.58887e-06
1500 325 2.28328e-06
1525 325 5.13493e-07
1550 325 8.53962e-08
1575 325 1.0409e-08
1600 325 9.23742e-10
1625 325 5.94244e-11
1650 325 2.76522e-12
1675 325 9.30686e-14
1700 325 2.26931e-15
1725 325 4.02099e-17
1750 325 5.19914e-19
1775 325 4.93017e-21
1800 325 3.44787e-23
1825 325 1.78892e-25
1850 325 6.92893e-28
1875 325 2.01606e-30
1900 325 4.43425e-33
1925 325 7.41829e-36
1950 325 9.49682e-39
1975 325 9.35828e-42
2000 325 7.13877e-45
2025 325 4.23873e-48
2050 325 1.96931e-51
2075 325 7.1952e-55
2100 325 2.07735e-58
2125 325 4.76112e-62
2150 325 8.70053e-66
2175 325 1.27301e-69
2200 325 1.49727e-73
2225 325 1.421e-77
2250 325 1.09215e-81
2275 325 6.82129e-86
2300 325 3.47348e-90
2325 325 1.44655e-94
2350 325 4.94162e-99
2375 325 1.38868e-103
2400 325 3.21886e-108
2425 325 6.17011e-113
2450 325 9.80484e-118
2475 325 1.29468e-122
2500 325 1.42373e-127
2525 325 1.30667e-132
2550 325 1.0029e-137
2575 325 6.44984e-143
2600 325 3.48212e-148
2625 325 1.58092e-153
2650 325 6.04622e-159
2675 325 1.95103e-164
2700 325 5.32014e-170
2725 325 1.22772e-175
2750 325 2.40104e-181
2775 325 3.98485e-187
2800 325 5.61941e-193
2825 325 6.7417e-199
2850 325 6.88898e-205
2875 325 6.00251e-211
2900 325 4.46442e-217
2925 325 2.83724e-223
2950 325 1.54221e-229
2975 325 7.17654e-236
0 350 0
25 350 1.99585e-39
50 350 1.77605e-36
75 350 1.21139e-33
100 350 6.29335e-31
125 350 2.47413e-28
150 350 7.31141e-26
175 350 1.61309e-23
200 350 2.63878e-21
225 350 3.17884e-19
250 350 2.80125e-17
275 350 1.79434e-15
300 350 8.30647e-14
325 350 2.76522e-12
350 350 6.59442e-11
375 350 1.12386e-09
400 350 1.36795e-08
425 350 1.19087e-07
450 350 7.44176e-07
475 350 3.35743e-06
500 350 1.1018e-05
525 350 2.65152e-05
550 350 4.71032e-05
575 350 6.1769e-05
600 350 5.85672e-05
625 350 3.63518e-05
650 350 6.37763e-06
675 350 -1.79276e-05
700 350 -3.03928e-05
725 350 -3.26767e-05
750 350 -2.95135e-05
775 350 -2.48054e-05
800 350 -2.05268e-05
825 350 -1.72518e-05
850 350 -1.49188e-05
875 350 -1.33005e-05
900 350 -1.21889e-05
925 350 -1.14374e-05
950 350 -1.0953e-05
975 350 -1.06813e-05
1000 350 -1.05936e-05
1025 350 -1.06813e-05
1050 350 -1.0953e-05
1075 350 -1.14374e-05
1100 350 -1.21889e-05
1125 350 -1.33005e-05
1150 350 -1.49188e-05
1175 350 -1.72518e-05
1200 350 -2.05268e-05
1225 350 -2.48054e-05
1250 350 -2.95135e-05
1275 350 -3.26767e-05
1300 350 -3.03928e-05
1325 350 -1.79276e-05
1350 350 6.37763e-06
1375 350 3.63518e-05
1400 350 5.85672e-05
1425 350 6.1769e-05
1450 350 4.71032e-05
1475 350 2.65152e-05
1500 350 1.1018e-05
1525 350 3.35743e-06
1550 350 7.44176e-07
1575 350 1.19087e-07
1600 350 1.36795e-08
1625 350 1.12386e-09
1650 350 6.59442e-11
1675 350 2.76522e-12
1700 350 8.30647e-14
1725 350 1.79434e-15
1750 350 2.80125e-17
1775 350 3.17884e-19
1800 350 2.63878e-21
1825 350 1.61309e-23
1850 350 7.31141e-26
1875 350 2.47413e-28
1900 350 6.29335e-31
1925 350 1.21139e-33
1950 350 1.77605e-36
1975 350 1.99585e-39
2000 350 1.72954e-42
2025 350 1.16248e-45
2050 350 6.09407e-49
2075 350 2.50496e-52
2100 350 8.11452e-56
2125 350 2.08155e-59
2150 350 4.24781e-63
2175 350 6.92619e-67
2200 350 9.06102e-71
2225 350 9.54835e-75
2250 350 8.13541e-79
2275 350 5.62448e-83
2300 350 3.16601e-87
2325 350 1.4557e-91
2350 350 5.48404e-96
2375 350 1.69773e-100
2400 350 4.331e-105
2425 350 9.12875e-110
2450 350 1.59382e-114
2475 350 2.31056e-119
2500 350 2.7877e-124
2525 350 2.80527e-129
2550 350 2.35947e-134
2575 350 1.66199e-139
2600 350 9.82305e-145
2625 350 4.88038e-150
2650 350 2.04176e-155
2675 350 7.2047e-161
2700 350 2.14771e-166
2725 350 5.41671e-172
2750 350 1.15751e-177
2775 350 2.09863e-183
2800 350 3.23254e-189
2825 350 4.23535e-195
2850 350 4.72599e-201
2875 350 4.49625e-207
2900 350 3.6512e-213
2925 350 2.53338e-219
2950 350 1.50341e-225
2975 350 7.63793e-232
0 375 0
25 375 3.26424e-37
50 375 2.5427e-34
75 375 1.51125e-31
100 375 6.80721e-29
125 375 2.30751e-26
150 375 5.84394e-24
175 375 1.09753e-21
200 375 1.51697e-19
225 375 1.53138e-17
250 375 1.12064e-15
275 375 5.90164e-14
300 375 2.22164e-12
325 375 5.94244e-11
350 375 1.12386e-09
375 375 1.49761e-08
400 375 1.40363e-07
425 375 9.25422e-07
450 375 4.30075e-06
475 375 1.41363e-05
500 375 3.29699e-05
525 375 5.45219e-05
550 375 6.29691e-05
575 375 4.74455e-05
600 375 1.54866e-05
625 375 -1.43254e-05
650 375 -3.00017e-05
675 375 -3.22198e-05
700 375 -2.76831e-05
725 375 -2.19108e-05
750 375 -1.72516e-05
775 375 -1.40282e-05
800 375 -1.18882e-05
825 375 -1.04485e-05
850 375 -9.44999e-06
875 375 -8.74018e-06
900 375 -8.23164e-06
925 375 -7.87333e-06
950 375 -7.63476e-06
975 375 -7.49794e-06
1000 375 -7.45334e-06
1025 375 -7.49794e-06
1050 375 -7.63476e-06
1075 375 -7.87333e-06
1100 375 -8.23164e-06
1125 375 -8.74018e-06
1150 375 -9.44999e-06
1175 375 -1.04485e-05
1200 375 -1.18882e-05
1225 375 -1.40282e-05
1250 375 -1.72516e-05
1275 375 -2.19108e-05
1300 375 -2.76831e-05
1325 375 -3.22198e-05
1350 375 -3.00017e-05
1375 375 -1.43254e-05
1400 375 1.54866e-05
1425 375 4.74455e-05
1450 375 6.29691e-05
1475 375 5.45219e-05
1500 375 3.29699e-05
1525 375 1.41363e-05
1550 375 4.30075e-06
1575 375 9.25422e-07
1600 375 1.40363e-07
1625 375 1.49761e-08
1650 375 1.12386e-09
1675 375 5.94244e-11
1700 375 2.22164e-12
1725 375 5.90164e-14
1750 375 1.12064e-15
1775 375 1.53138e-17
1800 375 1.51697e-19
1825 375 1.09753e-21
1850 375 5.84394e-24
1875 375 2.30751e-26
1900 375 6.80721e-29
1925 375 1.51125e-31
1950 375 2.5427e-34
1975 375 3.26424e-37
2000 375 3.21815e-40
2025 375 2.45163e-43
2050 375 1.45173e-46
2075 375 6.71947e-50
2100 375 2.4441e-53
2125 375 7.02162e-57
2150 375 1.60096e-60
2175 375 2.91024e-64
2200 375 4.2361e-68
2225 375 4.95769e-72
2250 375 4.68345e-76
2275 375 3.58456e-80
2300 375 2.23059e-84
2325 375 1.13233e-88
2350 375 4.70408e-93
2375 375 1.60414e-97
2400 375 4.50327e-102
2425 375 1.04356e-106
2450 375 2.00145e-111
2475 375 3.18485e-116
2500 375 4.21479e-121
2525 375 4.64928e-126
2550 375 4.28401e-131
2575 375 3.30415e-136
2600 375 2.13728e-141
2625 375 1.16162e-146
2650 375 5.31425e-152
2675 375 2.04988e-157
2700 375 6.67767e-163
2725 375 1.83995e-168
2750 375 4.29447e-174
2775 375 8.50251e-180
2800 375 1.42989e-185
2825 375 2.04518e-191
2850 375 2.49095e-197
2875 375 2.58651e-203
2900 375 2.29223e-209
2925 375 1.73566e-215
2950 375 1.12401e-221
2975 375 6.23154e-228
0 400 0
25 400 4.09164e-35
50 400 2.78566e-32
75 400 1.44006e-29
100 400 5.61173e-27
125 400 1.63596e-24
150 400 3.53971e-22
175 400 5.63801e-20
200 400 6.55534e-18
225 400 5.51655e-16
250 400 3.33148e-14
275 400 1.43175e-12
300 400 4.34409e-11
325 400 9.23742e-10
350 400 1.36795e-08
375 400 1.40363e-07
400 400 9.9437e-07
425 400 4.85329e-06
450 400 1.62986e-05
475 400 3.75644e-05
500 400 5.88461e-05
525 400 6.04528e-05
550 400 3.48802e-05
575 400 -1.21306e-06
600 400 -2.57886e-05
625 400 -3.24133e-05
650 400 -2.82445e-05
675 400 -2.16114e-05
700 400 -1.63171e-05
725 400 -1.28429e-05
750 400 -1.06417e-05
775 400 -9.19325e-06
800 400 -8.1876e-06
825 400 -7.45953e-06
850 400 -6.91936e-06
875 400 -6.5151e-06
900 400 -6.2147e-06
925 400 -5.99764e-06
950 400 -5.85067e-06
975 400 -5.7655e-06
1000 400 -5.7376e-06
1025 400 -5.7655e-06
1050 400 -5.85067e-06
1075 400 -5.99764e-06
1100 400 -6.2147e-06
1125 400 -6.5151e-06
1150 400 -6.91936e-06
1175 400 -7.45953e-06
1200 400 -8.1876e-06
1225 400 -9.19325e-06
1250 400 -1.06417e-05
1275 400 -1.28429e-05
1300 400 -1.63171e-05
1325 400 -2.16114e-05
1350 400 -2.82445e-05
1375 400 -3.24133e-05
1400 400 -2.57886e-05
1425 400 -1.21306e-06
1450 400 3.48802e-05
1475 400 6.04528e-05
1500 400 5.88461e-05
1525 400 3.75644e-05
1550 400 1.62986e-05
1575 400 4.85329e-06
1600 400 9.9437e-07
1625 400 1.40363e-07
1650 400 1.36795e-08
1675 400 9.23742e-10
1700 400 4.34409e-11
1725 400 1.43175e-12
1750 400 3.33148e-14
1775 400 5.51655e-16
1800 400 6.55534e-18
1825 400 5.63801e-20
1850 400 3.53971e-22
1875 400 1.63596e-24
1900 400 5.61173e-27
1925 400 1.44006e-29
1950 400 2.78566e-32
1975 400 4.09164e-35
2000 400 4.59516e-38
2025 400 3.97193e-41
2050 400 2.65901e-44
2075 400 1.38686e-47
2100 400 5.66743e-51
2125 400 1.82429e-54
2150 400 4.64884e-58
2175 400 9.42364e-62
2200 400 1.52644e-65
2225 400 1.98424e-69
2250 400 2.07838e-73
2275 400 1.76095e-77
2300 400 1.21129e-81
2325 400 6.78789e-86
2350 400 3.10913e-90
2375 400 1.16766e-94
2400 400 3.60631e-99
