0 0 0
25 0 0
50 0 0
75 0 0
100 0 0
125 0 0
150 0 0
175 0 0
200 0 0
225 0 0
250 0 0
275 0 0
300 0 0
325 0 0
350 0 0
375 0 0
400 0 0
425 0 0
450 0 0
475 0 0
500 0 0
525 0 0
550 0 0
575 0 0
600 0 0
625 0 0
650 0 0
675 0 0
700 0 0
725 0 0
750 0 0
775 0 0
800 0 0
825 0 0
850 0 0
875 0 0
900 0 0
925 0 0
950 0 0
975 0 0
1000 0 0
1025 0 0
1050 0 0
1075 0 0
1100 0 0
1125 0 0
1150 0 0
1175 0 0
1200 0 0
1225 0 0
1250 0 0
1275 0 0
1300 0 0
1325 0 0
1350 0 0
1375 0 0
1400 0 0
1425 0 0
1450 0 0
1475 0 0
1500 0 0
1525 0 0
1550 0 0
1575 0 0
1600 0 0
1625 0 0
1650 0 0
1675 0 0
1700 0 0
1725 0 0
1750 0 0
1775 0 0
1800 0 0
1825 0 0
1850 0 0
1875 0 0
1900 0 0
1925 0 0
1950 0 0
1975 0 0
2000 0 0
2025 0 0
2050 0 0
2075 0 0
2100 0 0
2125 0 0
2150 0 0
2175 0 0
2200 0 0
2225 0 0
2250 0 0
2275 0 0
2300 0 0
2325 0 0
2350 0 0
2375 0 0
2400 0 0
2425 0 0
2450 0 0
2475 0 0
2500 0 0
2525 0 0
2550 0 0
2575 0 0
2600 0 0
2625 0 0
2650 0 0
2675 0 0
2700 0 0
2725 0 0
2750 0 0
2775 0 0
2800 0 0
2825 0 0
2850 0 0
2875 0 0
2900 0 0
2925 0 0
2950 0 0
2975 0 0
0 25 0
25 25 0
50 25 0
75 25 0
100 25 0
125 25 0
150 25 0
175 25 0
200 25 0
225 25 5.66407e-284
250 25 4.66833e-272
275 25 1.21344e-262
300 25 2.13197e-254
325 25 6.03265e-247
350 25 4.42516e-240
375 25 1.21072e-233
400 25 1.70087e-227
425 25 1.53812e-221
450 25 9.80511e-216
475 25 4.46211e-210
500 25 1.43941e-204
525 25 3.25828e-199
550 25 5.11744e-194
575 25 5.5076e-189
600 25 4.00599e-184
625 25 1.93914e-179
650 25 6.14014e-175
675 25 1.24744e-170
700 25 1.59093e-166
725 25 1.24256e-162
750 25 5.77765e-159
775 25 1.54848e-155
800 25 2.30467e-152
825 25 1.82471e-149
850 25 7.31309e-147
875 25 1.40129e-144
900 25 1.20316e-142
925 25 4.30965e-141
950 25 5.97841e-140
975 25 2.99754e-139
1000 25 5.16305e-139
1025 25 2.99754e-139
1050 25 5.97841e-140
1075 25 4.30965e-141
1100 25 1.20316e-142
1125 25 1.40129e-144
1150 25 7.31309e-147
1175 25 1.82471e-149
1200 25 2.30467e-152
1225 25 1.54848e-155
1250 25 5.77765e-159
1275 25 1.24256e-162
1300 25 1.59093e-166
1325 25 1.24744e-170
1350 25 6.14014e-175
1375 25 1.93914e-179
1400 25 4.00599e-184
1425 25 5.5076e-189
1450 25 5.11744e-194
1475 25 3.25828e-199
1500 25 1.43941e-204
1525 25 4.46211e-210
1550 25 9.80511e-216
1575 25 1.53812e-221
1600 25 1.70087e-227
1625 25 1.21072e-233
1650 25 4.42516e-240
1675 25 6.03265e-247
1700 25 2.13197e-254
1725 25 1.21344e-262
1750 25 4.66833e-272
1775 25 5.66407e-284
1800 25 0
1825 25 0
1850 25 0
1875 25 0
1900 25 0
1925 25 0
1950 25 0
1975 25 0
2000 25 0
2025 25 0
2050 25 0
2075 25 0
2100 25 0
2125 25 0
2150 25 0
2175 25 0
2200 25 0
2225 25 0
2250 25 0
2275 25 0
2300 25 0
2325 25 0
2350 25 0
2375 25 0
2400 25 0
2425 25 0
2450 25 0
2475 25 0
2500 25 0
2525 25 0
2550 25 0
2575 25 0
2600 25 0
2625 25 0
2650 25 0
2675 25 0
2700 25 0
2725 25 0
2750 25 0
2775 25 0
2800 25 0
2825 25 0
2850 25 0
2875 25 0
2900 25 0
2925 25 0
2950 25 0
2975 25 0
0 50 0
25 50 0
50 50 0
75 50 0
100 50 0
125 50 0
150 50 0
175 50 0
200 50 1.54049e-283
225 50 1.49102e-271
250 50 4.5742e-262
275 50 9.53497e-254
300 50 3.21856e-246
325 50 2.833e-239
350 50 9.36278e-233
375 50 1.60106e-226
400 50 1.77737e-220
425 50 1.40323e-214
450 50 7.98316e-209
475 50 3.25223e-203
500 50 9.40061e-198
525 50 1.90836e-192
550 50 2.69035e-187
575 50 2.60137e-182
600 50 1.70161e-177
625 50 7.41517e-173
650 50 2.11616e-168
675 50 3.87963e-164
700 50 4.47129e-160
725 50 3.16088e-156
750 50 1.33282e-152
775 50 3.24664e-149
800 50 4.40397e-146
825 50 3.18889e-143
850 50 1.17405e-140
875 50 2.07862e-138
900 50 1.66181e-136
925 50 5.59971e-135
950 50 7.40678e-134
975 50 3.60182e-133
1000 50 6.13849e-133
1025 50 3.60182e-133
1050 50 7.40678e-134
1075 50 5.59971e-135
1100 50 1.66181e-136
1125 50 2.07862e-138
1150 50 1.17405e-140
1175 50 3.18889e-143
1200 50 4.40397e-146
1225 50 3.24664e-149
1250 50 1.33282e-152
1275 50 3.16088e-156
1300 50 4.47129e-160
1325 50 3.87963e-164
1350 50 2.11616e-168
1375 50 7.41517e-173
1400 50 1.70161e-177
1425 50 2.60137e-182
1450 50 2.69035e-187
1475 50 1.90836e-192
1500 50 9.40061e-198
1525 50 3.25223e-203
1550 50 7.98316e-209
1575 50 1.40323e-214
1600 50 1.77737e-220
1625 50 1.60106e-226
1650 50 9.36278e-233
1675 50 2.833e-239
1700 50 3.21856e-246
1725 50 9.53497e-254
1750 50 4.5742e-262
1775 50 1.49102e-271
1800 50 1.54049e-283
1825 50 0
1850 50 0
1875 50 0
1900 50 0
1925 50 0
1950 50 0
1975 50 0
2000 50 0
2025 50 0
2050 50 0
2075 50 0
2100 50 0
2125 50 0
2150 50 0
2175 50 0
2200 50 0
2225 50 0
2250 50 0
2275 50 0
2300 50 0
2325 50 0
2350 50 0
2375 50 0
2400 50 0
2425 50 0
2450 50 0
2475 50 0
2500 50 0
2525 50 0
2550 50 0
2575 50 0
2600 50 0
2625 50 0
2650 50 0
2675 50 0
2700 50 0
2725 50 0
2750 50 0
2775 50 0
2800 50 0
2825 50 0
2850 50 0
2875 50 0
2900 50 0
2925 50 0
2950 50 0
2975 50 0
0 75 0
25 75 0
50 75 0
75 75 0
100 75 0
125 75 0
150 75 0
175 75 3.14434e-283
200 75 3.55618e-271
225 75 1.28088e-261
250 75 3.1503e-253
275 75 1.26117e-245
300 75 1.32384e-238
325 75 5.24981e-232
350 75 1.08485e-225
375 75 1.46669e-219
400 75 1.42175e-213
425 75 1.00171e-207
450 75 5.10103e-202
475 75 1.86181e-196
500 75 4.82547e-191
525 75 8.79105e-186
550 75 1.11318e-180
575 75 9.67696e-176
600 75 5.69636e-171
625 75 2.23622e-166
650 75 5.75562e-162
675 75 9.52864e-158
700 75 9.93078e-154
725 75 6.35877e-150
750 75 2.43319e-146
775 75 5.39094e-143
800 75 6.66981e-140
825 75 4.42048e-137
850 75 1.49632e-134
875 75 2.45003e-132
900 75 1.82557e-130
925 75 5.79241e-129
950 75 7.31163e-128
975 75 3.45056e-127
1000 75 5.82005e-127
1025 75 3.45056e-127
1050 75 7.31163e-128
1075 75 5.79241e-129
1100 75 1.82557e-130
1125 75 2.45003e-132
1150 75 1.49632e-134
1175 75 4.42048e-137
1200 75 6.66981e-140
1225 75 5.39094e-143
1250 75 2.43319e-146
1275 75 6.35877e-150
1300 75 9.93078e-154
1325 75 9.52864e-158
1350 75 5.75562e-162
1375 75 2.23622e-166
1400 75 5.69636e-171
1425 75 9.67696e-176
1450 75 1.11318e-180
1475 75 8.79105e-186
1500 75 4.82547e-191
1525 75 1.86181e-196
1550 75 5.10103e-202
1575 75 1.00171e-207
1600 75 1.42175e-213
1625 75 1.46669e-219
1650 75 1.08485e-225
1675 75 5.24981e-232
1700 75 1.32384e-238
1725 75 1.26117e-245
1750 75 3.1503e-253
1775 75 1.28088e-261
1800 75 3.55618e-271
1825 75 3.14434e-283
1850 75 0
1875 75 0
1900 75 0
1925 75 0
1950 75 0
1975 75 0
2000 75 0
2025 75 0
2050 75 0
2075 75 0
2100 75 0
2125 75 0
2150 75 0
2175 75 0
2200 75 0
2225 75 0
2250 75 0
2275 75 0
2300 75 0
2325 75 0
2350 75 0
2375 75 0
2400 75 0
2425 75 0
2450 75 0
2475 75 0
2500 75 0
2525 75 0
2550 75 0
2575 75 0
2600 75 0
2625 75 0
2650 75 0
2675 75 0
2700 75 0
2725 75 0
2750 75 0
2775 75 0
2800 75 0
2825 75 0
2850 75 0
2875 75 0
2900 75 0
2925 75 0
2950 75 0
2975 75 0
0 100 0
25 100 0
50 100 0
75 100 0
100 100 0
125 100 0
150 100 4.82227e-283
175 100 6.34305e-271
200 100 2.66919e-261
225 100 7.7058e-253
250 100 3.63881e-245
275 100 4.52889e-238
300 100 2.14172e-231
325 100 5.31235e-225
350 100 8.68288e-219
375 100 1.02522e-212
400 100 8.86852e-207
425 100 5.59245e-201
450 100 2.55119e-195
475 100 8.34813e-190
500 100 1.9414e-184
525 100 3.17618e-179
550 100 3.61493e-174
575 100 2.82709e-169
600 100 1.49861e-164
625 100 5.30337e-160
650 100 1.23188e-155
675 100 1.84286e-151
700 100 1.73799e-147
725 100 1.00866e-143
750 100 3.50502e-140
775 100 7.06835e-137
800 100 7.98236e-134
825 100 4.84606e-131
850 100 1.50944e-128
875 100 2.28771e-126
900 100 1.59018e-124
925 100 4.75533e-123
950 100 5.73302e-122
975 100 2.62723e-121
1000 100 4.38661e-121
1025 100 2.62723e-121
1050 100 5.73302e-122
1075 100 4.75533e-123
1100 100 1.59018e-124
1125 100 2.28771e-126
1150 100 1.50944e-128
1175 100 4.84606e-131
1200 100 7.98236e-134
1225 100 7.06835e-137
1250 100 3.50502e-140
1275 100 1.00866e-143
1300 100 1.73799e-147
1325 100 1.84286e-151
1350 100 1.23188e-155
1375 100 5.30337e-160
1400 100 1.49861e-164
1425 100 2.82709e-169
1450 100 3.61493e-174
1475 100 3.17618e-179
1500 100 1.9414e-184
1525 100 8.34813e-190
1550 100 2.55119e-195
1575 100 5.59245e-201
1600 100 8.86852e-207
1625 100 1.02522e-212
1650 100 8.68288e-219
1675 100 5.31235e-225
1700 100 2.14172e-231
1725 100 4.52889e-238
1750 100 3.63881e-245
1775 100 7.7058e-253
1800 100 2.66919e-261
1825 100 6.34305e-271
1850 100 4.82227e-283
1875 100 0
1900 100 0
1925 100 0
1950 100 0
1975 100 0
2000 100 0
2025 100 0
2050 100 0
2075 100 0
2100 100 0
2125 100 0
2150 100 0
2175 100 0
2200 100 0
2225 100 0
2250 100 0
2275 100 0
2300 100 0
2325 100 0
2350 100 0
2375 100 0
2400 100 0
2425 100 0
2450 100 0
2475 100 0
2500 100 0
2525 100 0
2550 100 0
2575 100 0
2600 100 0
2625 100 0
2650 100 0
2675 100 0
2700 100 0
2725 100 0
2750 100 0
2775 100 0
2800 100 0
2825 100 0
2850 100 0
2875 100 0
2900 100 0
2925 100 0
2950 100 0
2975 100 0
0 125 0
25 125 0
50 125 0
75 125 0
100 125 0
125 125 5.56064e-283
150 125 8.46935e-271
175 125 4.14461e-261
200 125 1.3977e-252
225 125 7.74573e-245
250 125 1.13693e-237
275 125 6.37478e-231
300 125 1.88613e-224
325 125 3.70165e-218
350 125 5.28457e-212
375 125 5.56802e-206
400 125 4.3106e-200
425 125 2.43484e-194
450 125 9.95704e-189
475 125 2.92307e-183
500 125 6.10352e-178
525 125 8.97321e-173
550 125 9.18542e-168
575 125 6.46684e-163
600 125 3.08899e-158
625 125 9.8607e-154
650 125 2.06846e-149
675 125 2.79795e-145
700 125 2.38936e-141
725 125 1.25771e-137
750 125 3.97154e-134
775 125 7.29506e-131
800 125 7.52525e-128
825 125 4.18805e-125
850 125 1.20133e-122
875 125 1.68676e-120
900 125 1.09472e-118
925 125 3.08811e-117
950 125 3.55866e-116
975 125 1.58448e-115
1000 125 2.61941e-115
1025 125 1.58448e-115
1050 125 3.55866e-116
1075 125 3.08811e-117
1100 125 1.09472e-118
1125 125 1.68676e-120
1150 125 1.20133e-122
1175 125 4.18805e-125
1200 125 7.52525e-128
1225 125 7.29506e-131
1250 125 3.97154e-134
1275 125 1.25771e-137
1300 125 2.38936e-141
1325 125 2.79795e-145
1350 125 2.06846e-149
1375 125 9.8607e-154
1400 125 3.08899e-158
1425 125 6.46684e-163
1450 125 9.18542e-168
1475 125 8.97321e-173
1500 125 6.10352e-178
1525 125 2.92307e-183
1550 125 9.95704e-189
1575 125 2.43484e-194
1600 125 4.3106e-200
1625 125 5.56802e-206
1650 125 5.28457e-212
1675 125 3.70165e-218
1700 125 1.88613e-224
1725 125 6.37478e-231
1750 125 1.13693e-237
1775 125 7.74573e-245
1800 125 1.3977e-252
1825 125 4.14461e-261
1850 125 8.46935e-271
1875 125 5.56064e-283
1900 125 0
1925 125 0
1950 125 0
1975 125 0
2000 125 0
2025 125 0
2050 125 0
2075 125 0
2100 125 0
2125 125 0
2150 125 0
2175 125 0
2200 125 0
2225 125 0
2250 125 0
2275 125 0
2300 125 0
2325 125 0
2350 125 0
2375 125 0
2400 125 0
2425 125 0
2450 125 0
2475 125 0
2500 125 0
2525 125 0
2550 125 0
2575 125 0
2600 125 0
2625 125 0
2650 125 0
2675 125 0
2700 125 0
2725 125 0
2750 125 0
2775 125 0
2800 125 0
2825 125 0
2850 125 0
2875 125 0
2900 125 0
2925 125 0
2950 125 0
2975 125 0
0 150 0
25 150 0
50 150 0
75 150 0
100 150 4.82227e-283
125 150 8.46935e-271
150 150 4.79897e-261
175 150 1.8819e-252
200 150 1.21811e-244
225 150 2.09803e-237
250 150 1.38731e-230
275 150 4.86778e-224
300 150 1.13986e-217
325 150 1.95414e-211
350 150 2.48943e-205
375 150 2.3473e-199
400 150 1.62762e-193
425 150 8.24071e-188
450 150 3.02298e-182
475 150 7.96705e-177
500 150 1.49466e-171
525 150 1.97593e-166
550 150 1.82039e-161
575 150 1.1545e-156
600 150 4.97246e-152
625 150 1.43274e-147
650 150 2.71585e-143
675 150 3.32388e-139
700 150 2.57189e-135
725 150 1.22865e-131
750 150 3.52801e-128
775 150 5.90657e-125
800 150 5.56943e-122
825 150 2.8435e-119
850 150 7.51731e-117
875 150 9.78636e-115
900 150 5.93533e-113
925 150 1.58072e-111
950 150 1.74249e-110
975 150 7.5421e-110
1000 150 1.23475e-109
1025 150 7.5421e-110
1050 150 1.74249e-110
1075 150 1.58072e-111
1100 150 5.93533e-113
1125 150 9.78636e-115
1150 150 7.51731e-117
1175 150 2.8435e-119
1200 150 5.56943e-122
1225 150 5.90657e-125
1250 150 3.52801e-128
1275 150 1.22865e-131
1300 150 2.57189e-135
1325 150 3.32388e-139
1350 150 2.71585e-143
1375 150 1.43274e-147
1400 150 4.97246e-152
1425 150 1.1545e-156
1450 150 1.82039e-161
1475 150 1.97593e-166
1500 150 1.49466e-171
1525 150 7.96705e-177
1550 150 3.02298e-182
1575 150 8.24071e-188
1600 150 1.62762e-193
1625 150 2.3473e-199
1650 150 2.48943e-205
1675 150 1.95414e-211
1700 150 1.13986e-217
1725 150 4.86778e-224
1750 150 1.38731e-230
1775 150 2.09803e-237
1800 150 1.21811e-244
1825 150 1.8819e-252
1850 150 4.79897e-261
1875 150 8.46935e-271
1900 150 4.82227e-283
1925 150 0
1950 150 0
1975 150 0
2000 150 0
2025 150 0
2050 150 0
2075 150 0
2100 150 0
2125 150 0
2150 150 0
2175 150 0
2200 150 0
2225 150 0
2250 150 0
2275 150 0
2300 150 0
2325 150 0
2350 150 0
2375 150 0
2400 150 0
2425 150 0
2450 150 0
2475 150 0
2500 150 0
2525 150 0
2550 150 0
2575 150 0
2600 150 0
2625 150 0
2650 150 0
2675 150 0
2700 150 0
2725 150 0
2750 150 0
2775 150 0
2800 150 0
2825 150 0
2850 150 0
2875 150 0
2900 150 0
2925 150 0
2950 150 0
2975 150 0
0 175 0
25 175 0
50 175 0
75 175 3.14434e-283
100 175 6.34305e-271
125 175 4.14461e-261
150 175 1.8819e-252
175 175 1.41641e-244
200 175 2.84922e-237
225 175 2.21076e-230
250 175 9.14927e-224
275 175 2.54119e-217
300 175 5.19841e-211
325 175 7.95242e-205
350 175 9.06566e-199
375 175 7.65577e-193
400 175 4.75795e-187
425 175 2.16074e-181
450 175 7.11502e-176
475 175 1.68453e-170
500 175 2.84126e-165
525 175 3.37978e-160
550 175 2.80413e-155
575 175 1.60302e-150
600 175 6.2294e-146
625 175 1.62114e-141
650 175 2.77861e-137
675 175 3.07881e-133
700 175 2.15985e-129
725 175 9.37026e-126
750 175 2.44821e-122
775 175 3.73828e-119
800 175 3.22422e-116
825 175 1.51121e-113
850 175 3.68483e-111
875 175 4.45127e-109
900 175 2.52486e-107
925 175 6.35363e-106
950 175 6.70451e-105
975 175 2.82251e-104
1000 175 4.57694e-104
1025 175 2.82251e-104
1050 175 6.70451e-105
1075 175 6.35363e-106
1100 175 2.52486e-107
1125 175 4.45127e-109
1150 175 3.68483e-111
1175 175 1.51121e-113
1200 175 3.22422e-116
1225 175 3.73828e-119
1250 175 2.44821e-122
1275 175 9.37026e-126
1300 175 2.15985e-129
1325 175 3.07881e-133
1350 175 2.77861e-137
1375 175 1.62114e-141
1400 175 6.2294e-146
1425 175 1.60302e-150
1450 175 2.80413e-155
1475 175 3.37978e-160
1500 175 2.84126e-165
1525 175 1.68453e-170
1550 175 7.11502e-176
1575 175 2.16074e-181
1600 175 4.75795e-187
1625 175 7.65577e-193
1650 175 9.06566e-199
1675 175 7.95242e-205
1700 175 5.19841e-211
1725 175 2.54119e-217
1750 175 9.14927e-224
1775 175 2.21076e-230
1800 175 2.84922e-237
1825 175 1.41641e-244
1850 175 1.8819e-252
1875 175 4.14461e-261
1900 175 6.34305e-271
1925 175 3.14434e-283
1950 175 0
1975 175 0
2000 175 0
2025 175 0
2050 175 0
2075 175 0
2100 175 0
2125 175 0
2150 175 0
2175 175 0
2200 175 0
2225 175 0
2250 175 0
2275 175 0
2300 175 0
2325 175 0
2350 175 0
2375 175 0
2400 175 0
2425 175 0
2450 175 0
2475 175 0
2500 175 0
2525 175 0
2550 175 0
2575 175 0
2600 175 0
2625 175 0
2650 175 0
2675 175 0
2700 175 0
2725 175 0
2750 175 0
2775 175 0
2800 175 0
2825 175 0
2850 175 0
2875 175 0
2900 175 0
2925 175 0
2950 175 0
2975 175 0
0 200 0
25 200 0
50 200 1.54049e-283
75 200 3.55618e-271
100 200 2.66919e-261
125 200 1.3977e-252
150 200 1.21811e-244
175 200 2.84922e-237
200 200 2.58199e-230
225 200 1.25395e-223
250 200 4.10835e-217
275 200 9.96903e-211
300 200 1.81972e-204
325 200 2.491e-198
350 200 2.54318e-192
375 200 1.9248e-186
400 200 1.07289e-180
425 200 4.37322e-175
450 200 1.2935e-169
475 200 2.75292e-164
500 200 4.17729e-159
525 200 4.47401e-154
550 200 3.34504e-149
575 200 1.72474e-144
600 200 6.05103e-140
625 200 1.42314e-135
650 200 2.20691e-131
675 200 2.21522e-127
700 200 1.40978e-123
725 200 5.55766e-120
750 200 1.32206e-116
775 200 1.8423e-113
800 200 1.45435e-110
825 200 6.26215e-108
850 200 1.40932e-105
875 200 1.58091e-103
900 200 8.39321e-102
925 200 1.9972e-100
950 200 2.01881e-99
975 200 8.27027e-99
1000 200 1.32859e-98
1025 200 8.27027e-99
1050 200 2.01881e-99
1075 200 1.9972e-100
1100 200 8.39321e-102
1125 200 1.58091e-103
1150 200 1.40932e-105
1175 200 6.26215e-108
1200 200 1.45435e-110
1225 200 1.8423e-113
1250 200 1.32206e-116
1275 200 5.55766e-120
1300 200 1.40978e-123
1325 200 2.21522e-127
1350 200 2.20691e-131
1375 200 1.42314e-135
1400 200 6.05103e-140
1425 200 1.72474e-144
1450 200 3.34504e-149
1475 200 4.47401e-154
1500 200 4.17729e-159
1525 200 2.75292e-164
1550 200 1.2935e-169
1575 200 4.37322e-175
1600 200 1.07289e-180
1625 200 1.9248e-186
1650 200 2.54318e-192
1675 200 2.491e-198
1700 200 1.81972e-204
1725 200 9.96903e-211
1750 200 4.10835e-217
1775 200 1.25395e-223
1800 200 2.58199e-230
1825 200 2.84922e-237
1850 200 1.21811e-244
1875 200 1.3977e-252
1900 200 2.66919e-261
1925 200 3.55618e-271
1950 200 1.54049e-283
1975 200 0
2000 200 0
2025 200 0
2050 200 0
2075 200 0
2100 200 0
2125 200 0
2150 200 0
2175 200 0
2200 200 0
2225 200 0
2250 200 0
2275 200 0
2300 200 0
2325 200 0
2350 200 0
2375 200 0
2400 200 0
2425 200 0
2450 200 0
2475 200 0
2500 200 0
2525 200 0
2550 200 0
2575 200 0
2600 200 0
2625 200 0
2650 200 0
2675 200 0
2700 200 0
2725 200 0
2750 200 0
2775 200 0
2800 200 0
2825 200 0
2850 200 0
2875 200 0
2900 200 0
2925 200 0
2950 200 0
2975 200 0
0 225 0
25 225 5.66407e-284
50 225 1.49102e-271
75 225 1.28088e-261
100 225 7.7058e-253
125 225 7.74573e-245
150 225 2.09803e-237
175 225 2.21076e-230
200 225 1.25395e-223
225 225 4.8213e-217
250 225 1.38006e-210
275 225 2.98812e-204
300 225 4.88068e-198
325 225 5.98327e-192
350 225 5.47448e-186
375 225 3.71592e-180
400 225 1.85895e-174
425 225 6.80557e-169
450 225 1.80928e-163
475 225 3.46371e-158
500 225 4.7314e-153
525 225 4.56552e-148
550 225 3.07793e-143
575 225 1.43229e-138
600 225 4.53936e-134
625 225 9.65412e-130
650 225 1.3553e-125
675 225 1.23309e-121
700 225 7.12323e-118
725 225 2.55317e-114
750 225 5.53287e-111
775 225 7.04055e-108
800 225 5.09022e-105
825 225 2.01474e-102
850 225 4.18782e-100
875 225 4.36545e-98
900 225 2.17089e-96
925 225 4.88825e-95
950 225 4.73626e-94
975 225 1.88893e-93
1000 225 3.00669e-93
1025 225 1.88893e-93
1050 225 4.73626e-94
1075 225 4.88825e-95
1100 225 2.17089e-96
1125 225 4.36545e-98
1150 225 4.18782e-100
1175 225 2.01474e-102
1200 225 5.09022e-105
1225 225 7.04055e-108
1250 225 5.53287e-111
1275 225 2.55317e-114
1300 225 7.12323e-118
1325 225 1.23309e-121
1350 225 1.3553e-125
1375 225 9.65412e-130
1400 225 4.53936e-134
1425 225 1.43229e-138
1450 225 3.07793e-143
1475 225 4.56552e-148
1500 225 4.7314e-153
1525 225 3.46371e-158
1550 225 1.80928e-163
1575 225 6.80557e-169
1600 225 1.85895e-174
1625 225 3.71592e-180
1650 225 5.47448e-186
1675 225 5.98327e-192
1700 225 4.88068e-198
1725 225 2.98812e-204
1750 225 1.38006e-210
1775 225 4.8213e-217
1800 225 1.25395e-223
1825 225 2.21076e-230
1850 225 2.09803e-237
1875 225 7.74573e-245
1900 225 7.7058e-253
1925 225 1.28088e-261
1950 225 1.49102e-271
1975 225 5.66407e-284
2000 225 0
2025 225 0
2050 225 0
2075 225 0
2100 225 0
2125 225 0
2150 225 0
2175 225 0
2200 225 0
2225 225 0
2250 225 0
2275 225 0
2300 225 0
2325 225 0
2350 225 0
2375 225 0
2400 225 0
2425 225 0
2450 225 0
2475 225 0
2500 225 0
2525 225 0
2550 225 0
2575 225 0
2600 225 0
2625 225 0
2650 225 0
2675 225 0
2700 225 0
2725 225 0
2750 225 0
2775 225 0
2800 225 0
2825 225 0
2850 225 0
2875 225 0
2900 225 0
2925 225 0
2950 225 0
2975 225 0
0 250 0
25 250 4.66833e-272
50 250 4.5742e-262
75 250 3.1503e-253
100 250 3.63881e-245
125 250 1.13693e-237
150 250 1.38731e-230
175 250 9.14927e-224
200 250 4.10835e-217
225 250 1.38006e-210
250 250 3.52488e-204
275 250 6.82922e-198
300 250 9.98928e-192
325 250 1.09744e-185
350 250 9.005e-180
375 250 5.4855e-174
400 250 2.46456e-168
425 250 8.10911e-163
450 250 1.93898e-157
475 250 3.34114e-152
500 250 4.11117e-147
525 250 3.5763e-142
550 250 2.17536e-137
575 250 9.14141e-133
600 250 2.61872e-128
625 250 5.03917e-124
650 250 6.40789e-120
675 250 5.28743e-116
700 250 2.77402e-112
725 250 9.04506e-109
750 250 1.78663e-105
775 250 2.0772e-102
800 250 1.37619e-99
825 250 5.01013e-97
850 250 9.62446e-95
875 250 9.32927e-93
900 250 4.34852e-91
925 250 9.27206e-90
950 250 8.61646e-89
975 250 3.34695e-88
1000 250 5.2795e-88
1025 250 3.34695e-88
1050 250 8.61646e-89
1075 250 9.27206e-90
1100 250 4.34852e-91
1125 250 9.32927e-93
1150 250 9.62446e-95
1175 250 5.01013e-97
1200 250 1.37619e-99
1225 250 2.0772e-102
1250 250 1.78663e-105
1275 250 9.04506e-109
1300 250 2.77402e-112
1325 250 5.28743e-116
1350 250 6.40789e-120
1375 250 5.03917e-124
1400 250 2.61872e-128
1425 250 9.14141e-133
1450 250 2.17536e-137
1475 250 3.5763e-142
1500 250 4.11117e-147
1525 250 3.34114e-152
1550 250 1.93898e-157
1575 250 8.10911e-163
1600 250 2.46456e-168
1625 250 5.4855e-174
1650 250 9.005e-180
1675 250 1.09744e-185
1700 250 9.98928e-192
1725 250 6.82922e-198
1750 250 3.52488e-204
1775 250 1.38006e-210
1800 250 4.10835e-217
1825 250 9.14927e-224
1850 250 1.38731e-230
1875 250 1.13693e-237
1900 250 3.63881e-245
1925 250 3.1503e-253
1950 250 4.5742e-262
1975 250 4.66833e-272
2000 250 1.56035e-284
2025 250 0
2050 250 0
2075 250 0
2100 250 0
2125 250 0
2150 250 0
2175 250 0
2200 250 0
2225 250 0
2250 250 0
2275 250 0
2300 250 0
2325 250 0
2350 250 0
2375 250 0
2400 250 0
2425 250 0
2450 250 0
2475 250 0
2500 250 0
2525 250 0
2550 250 0
2575 250 0
2600 250 0
2625 250 0
2650 250 0
2675 250 0
2700 250 0
2725 250 0
2750 250 0
2775 250 0
2800 250 0
2825 250 0
2850 250 0
2875 250 0
2900 250 0
2925 250 0
2950 250 0
2975 250 0
0 275 0
25 275 1.21344e-262
50 275 9.53497e-254
75 275 1.26117e-245
100 275 4.52889e-238
125 275 6.37478e-231
150 275 4.86778e-224
175 275 2.54119e-217
200 275 9.96903e-211
225 275 2.98812e-204
250 275 6.82922e-198
275 275 1.18489e-191
300 275 1.55318e-185
325 275 1.53023e-179
350 275 1.12682e-173
375 275 6.16433e-168
400 275 2.48897e-162
425 275 7.36505e-157
450 275 1.58494e-151
475 275 2.45979e-146
500 275 2.7281e-141
525 275 2.14073e-136
550 275 1.17557e-131
575 275 4.46366e-127
600 275 1.15646e-122
625 275 2.01461e-118
650 275 2.32175e-114
675 275 1.73838e-110
700 275 8.28747e-107
725 275 2.4595e-103
750 275 4.43043e-100
775 275 4.70871e-97
800 275 2.86024e-94
825 275 9.583e-92
850 275 1.70232e-89
875 275 1.53535e-87
900 275 6.71222e-86
925 275 1.3561e-84
950 275 1.20937e-83
975 275 4.57709e-83
1000 275 7.15594e-83
1025 275 4.57709e-83
1050 275 1.20937e-83
1075 275 1.3561e-84
1100 275 6.71222e-86
1125 275 1.53535e-87
1150 275 1.70232e-89
1175 275 9.583e-92
1200 275 2.86024e-94
1225 275 4.70871e-97
1250 275 4.43043e-100
1275 275 2.4595e-103
1300 275 8.28747e-107
1325 275 1.73838e-110
1350 275 2.32175e-114
1375 275 2.01461e-118
1400 275 1.15646e-122
1425 275 4.46366e-127
1450 275 1.17557e-131
1475 275 2.14073e-136
1500 275 2.7281e-141
1525 275 2.45979e-146
1550 275 1.58494e-151
1575 275 7.36505e-157
1600 275 2.48897e-162
1625 275 6.16433e-168
1650 275 1.12682e-173
1675 275 1.53023e-179
1700 275 1.55318e-185
1725 275 1.18489e-191
1750 275 6.82922e-198
1775 275 2.98812e-204
1800 275 9.96903e-211
1825 275 2.54119e-217
1850 275 4.86778e-224
1875 275 6.37478e-231
1900 275 4.52889e-238
1925 275 1.26117e-245
1950 275 9.53497e-254
1975 275 1.21344e-262
2000 275 1.08931e-272
2025 275 3.21369e-285
2050 275 0
2075 275 0
2100 275 0
2125 275 0
2150 275 0
2175 275 0
2200 275 0
2225 275 0
2250 275 0
2275 275 0
2300 275 0
2325 275 0
2350 275 0
2375 275 0
2400 275 0
2425 275 0
2450 275 0
2475 275 0
2500 275 0
2525 275 0
2550 275 0
2575 275 0
2600 275 0
2625 275 0
2650 275 0
2675 275 0
2700 275 0
2725 275 0
2750 275 0
2775 275 0
2800 275 0
2825 275 0
2850 275 0
2875 275 0
2900 275 0
2925 275 0
2950 275 0
2975 275 0
0 300 0
25 300 2.13197e-254
50 300 3.21856e-246
75 300 1.32384e-238
100 300 2.14172e-231
125 300 1.88613e-224
150 300 1.13986e-217
175 300 5.19841e-211
200 300 1.81972e-204
225 300 4.88068e-198
250 300 9.98928e-192
275 300 1.55318e-185
300 300 1.8258e-179
325 300 1.61426e-173
350 300 1.06747e-167
375 300 5.24786e-162
400 300 1.90551e-156
425 300 5.07427e-151
450 300 9.83395e-146
475 300 1.37545e-140
500 300 1.37583e-135
525 300 9.74452e-131
550 300 4.8338e-126
575 300 1.65936e-121
600 300 3.89027e-117
625 300 6.13858e-113
650 300 6.41483e-109
675 300 4.36049e-105
700 300 1.88989e-101
725 300 5.10734e-98
750 300 8.3941e-95
775 300 8.15923e-92
800 300 4.54633e-89
825 300 1.40251e-86
850 300 2.30507e-84
875 300 1.9355e-82
900 300 7.94084e-81
925 300 1.52102e-79
950 300 1.30237e-78
975 300 4.80434e-78
1000 300 7.44564e-78
1025 300 4.80434e-78
1050 300 1.30237e-78
1075 300 1.52102e-79
1100 300 7.94084e-81
1125 300 1.9355e-82
1150 300 2.30507e-84
1175 300 1.40251e-86
1200 300 4.54633e-89
1225 300 8.15923e-92
1250 300 8.3941e-95
1275 300 5.10734e-98
1300 300 1.88989e-101
1325 300 4.36049e-105
1350 300 6.41483e-109
1375 300 6.13858e-113
1400 300 3.89027e-117
1425 300 1.65936e-121
1450 300 4.8338e-126
1475 300 9.74452e-131
1500 300 1.37583e-135
1525 300 1.37545e-140
1550 300 9.83395e-146
1575 300 5.07427e-151
1600 300 1.90551e-156
1625 300 5.24786e-162
1650 300 1.06747e-167
1675 300 1.61426e-173
1700 300 1.8258e-179
1725 300 1.55318e-185
1750 300 9.98928e-192
1775 300 4.88068e-198
1800 300 1.81972e-204
1825 300 5.19841e-211
1850 300 1.13986e-217
1875 300 1.88613e-224
1900 300 2.14172e-231
1925 300 1.32384e-238
1950 300 3.21856e-246
1975 300 2.13197e-254
2000 300 2.38561e-263
2025 300 1.88956e-273
2050 300 4.93528e-286
2075 300 0
2100 300 0
2125 300 0
2150 300 0
2175 300 0
2200 300 0
2225 300 0
2250 300 0
2275 300 0
2300 300 0
2325 300 0
2350 300 0
2375 300 0
2400 300 0
2425 300 0
2450 300 0
2475 300 0
2500 300 0
2525 300 0
2550 300 0
2575 300 0
2600 300 0
2625 300 0
2650 300 0
2675 300 0
2700 300 0
2725 300 0
2750 300 0
2775 300 0
2800 300 0
2825 300 0
2850 300 0
2875 300 0
2900 300 0
2925 300 0
2950 300 0
2975 300 0
0 325 0
25 325 6.03265e-247
50 325 2.833e-239
75 325 5.24981e-232
100 325 5.31235e-225
125 325 3.70165e-218
150 325 1.95414e-211
175 325 7.95242e-205
200 325 2.491e-198
225 325 5.98327e-192
250 325 1.09744e-185
275 325 1.53023e-179
300 325 1.61426e-173
325 325 1.28168e-167
350 325 7.61633e-162
375 325 3.36707e-156
400 325 1.10018e-150
425 325 2.63821e-145
450 325 4.60739e-140
475 325 5.81131e-135
500 325 5.24583e-130
525 325 3.3555e-125
550 325 1.50444e-120
575 325 4.67171e-116
600 325 9.91623e-112
625 325 1.41802e-107
650 325 1.34434e-103
675 325 8.30012e-100
700 325 3.27196e-96
725 325 8.05548e-93
750 325 1.20848e-89
775 325 1.07478e-86
800 325 5.4958e-84
825 325 1.56176e-81
850 325 2.37594e-79
875 325 1.85823e-77
900 325 7.15836e-76
925 325 1.30061e-74
950 325 1.06974e-73
975 325 3.84759e-73
1000 325 5.91151e-73
1025 325 3.84759e-73
1050 325 1.06974e-73
1075 325 1.30061e-74
1100 325 7.15836e-76
1125 325 1.85823e-77
1150 325 2.37594e-79
1175 325 1.56176e-81
1200 325 5.4958e-84
1225 325 1.07478e-86
1250 325 1.20848e-89
1275 325 8.05548e-93
1300 325 3.27196e-96
1325 325 8.30012e-100
1350 325 1.34434e-103
1375 325 1.41802e-107
1400 325 9.91623e-112
1425 325 4.67171e-116
1450 325 1.50444e-120
1475 325 3.3555e-125
1500 325 5.24583e-130
1525 325 5.81131e-135
1550 325 4.60739e-140
1575 325 2.63821e-145
1600 325 1.10018e-150
1625 325 3.36707e-156
1650 325 7.61633e-162
1675 325 1.28168e-167
1700 325 1.61426e-173
1725 325 1.53023e-179
1750 325 1.09744e-185
1775 325 5.98327e-192
1800 325 2.491e-198
1825 325 7.95242e-205
1850 325 1.95414e-211
1875 325 3.70165e-218
1900 325 5.31235e-225
1925 325 5.24981e-232
1950 325 2.833e-239
1975 325 6.03265e-247
2000 325 3.51195e-255
2025 325 3.46566e-264
2050 325 2.42914e-274
2075 325 5.63304e-287
2100 325 0
2125 325 0
2150 325 0
2175 325 0
2200 325 0
2225 325 0
2250 325 0
2275 325 0
2300 325 0
2325 325 0
2350 325 0
2375 325 0
2400 325 0
2425 325 0
2450 325 0
2475 325 0
2500 325 0
2525 325 0
2550 325 0
2575 325 0
2600 325 0
2625 325 0
2650 325 0
2675 325 0
2700 325 0
2725 325 0
2750 325 0
2775 325 0
2800 325 0
2825 325 0
2850 325 0
2875 325 0
2900 325 0
2925 325 0
2950 325 0
2975 325 0
0 350 0
25 350 4.42516e-240
50 350 9.36278e-233
75 350 1.08485e-225
100 350 8.68288e-219
125 350 5.28457e-212
150 350 2.48943e-205
175 350 9.06566e-199
200 350 2.54318e-192
225 350 5.47448e-186
250 350 9.005e-180
275 350 1.12682e-173
300 350 1.06747e-167
325 350 7.61633e-162
350 350 4.06995e-156
375 350 1.61907e-150
400 350 4.7637e-145
425 350 1.02933e-139
450 350 1.62092e-134
475 350 1.84479e-129
500 350 1.50371e-124
525 350 8.69172e-120
550 350 3.52414e-115
575 350 9.90454e-111
600 350 1.9044e-106
625 350 2.4692e-102
650 350 2.12467e-98
675 350 1.19203e-94
700 350 4.27577e-91
725 350 9.59394e-88
750 350 1.31426e-84
775 350 1.06986e-81
800 350 5.02226e-79
825 350 1.31519e-76
850 350 1.85279e-74
875 350 1.35029e-72
900 350 4.88624e-71
925 350 8.42493e-70
950 350 6.65894e-69
975 350 2.33587e-68
1000 350 3.55833e-68
1025 350 2.33587e-68
1050 350 6.65894e-69
1075 350 8.42493e-70
1100 350 4.88624e-71
1125 350 1.35029e-72
1150 350 1.85279e-74
1175 350 1.31519e-76
1200 350 5.02226e-79
1225 350 1.06986e-81
1250 350 1.31426e-84
1275 350 9.59394e-88
1300 350 4.27577e-91
1325 350 1.19203e-94
1350 350 2.12467e-98
1375 350 2.4692e-102
1400 350 1.9044e-106
1425 350 9.90454e-111
1450 350 3.52414e-115
1475 350 8.69172e-120
1500 350 1.50371e-124
1525 350 1.84479e-129
1550 350 1.62092e-134
1575 350 1.02933e-139
1600 350 4.7637e-145
1625 350 1.61907e-150
1650 350 4.06995e-156
1675 350 7.61633e-162
1700 350 1.06747e-167
1725 350 1.12682e-173
1750 350 9.005e-180
1775 350 5.47448e-186
1800 350 2.54318e-192
1825 350 9.06566e-199
1850 350 2.48943e-205
1875 350 5.28457e-212
1900 350 8.68288e-219
1925 350 1.08485e-225
1950 350 9.36278e-233
1975 350 4.42516e-240
2000 350 8.27821e-248
2025 350 4.24773e-256
2050 350 3.70723e-265
2075 350 2.30582e-275
2100 350 4.76038e-288
2125 350 0
2150 350 0
2175 350 0
2200 350 0
2225 350 0
2250 350 0
2275 350 0
2300 350 0
2325 350 0
2350 350 0
2375 350 0
2400 350 0
2425 350 0
2450 350 0
2475 350 0
2500 350 0
2525 350 0
2550 350 0
2575 350 0
2600 350 0
2625 350 0
2650 350 0
2675 350 0
2700 350 0
2725 350 0
2750 350 0
2775 350 0
2800 350 0
2825 350 0
2850 350 0
2875 350 0
2900 350 0
2925 350 0
2950 350 0
2975 350 0
0 375 0
25 375 1.21072e-233
50 375 1.60106e-226
75 375 1.46669e-219
100 375 1.02522e-212
125 375 5.56802e-206
150 375 2.3473e-199
175 375 7.65577e-193
200 375 1.9248e-186
225 375 3.71592e-180
250 375 5.4855e-174
275 375 6.16433e-168
300 375 5.24786e-162
325 375 3.36707e-156
350 375 1.61907e-150
375 375 5.79968e-145
400 375 1.53756e-139
425 375 2.99557e-134
450 375 4.25618e-129
475 375 4.37356e-124
500 375 3.22095e-119
525 375 1.68332e-114
550 375 6.17559e-110
575 375 1.57168e-105
600 375 2.73877e-101
625 375 3.22117e-97
650 375 2.51679e-93
675 375 1.28362e-89
700 375 4.19116e-86
725 375 8.57372e-83
750 375 1.07284e-79
775 375 7.9962e-77
800 375 3.44704e-74
825 375 8.32095e-72
850 375 1.08584e-69
875 375 7.37657e-68
900 375 2.5084e-66
925 375 4.10589e-65
950 375 3.1196e-64
975 375 1.06753e-63
1000 375 1.61252e-63
1025 375 1.06753e-63
1050 375 3.1196e-64
1075 375 4.10589e-65
1100 375 2.5084e-66
1125 375 7.37657e-68
1150 375 1.08584e-69
1175 375 8.32095e-72
1200 375 3.44704e-74
1225 375 7.9962e-77
1250 375 1.07284e-79
1275 375 8.57372e-83
1300 375 4.19116e-86
1325 375 1.28362e-89
1350 375 2.51679e-93
1375 375 3.22117e-97
1400 375 2.73877e-101
1425 375 1.57168e-105
1450 375 6.17559e-110
1475 375 1.68332e-114
1500 375 3.22095e-119
1525 375 4.37356e-124
1550 375 4.25618e-129
1575 375 2.99557e-134
1600 375 1.53756e-139
1625 375 5.79968e-145
1650 375 1.61907e-150
1675 375 3.36707e-156
1700 375 5.24786e-162
1725 375 6.16433e-168
1750 375 5.4855e-174
1775 375 3.71592e-180
1800 375 1.9248e-186
1825 375 7.65577e-193
1850 375 2.3473e-199
1875 375 5.56802e-206
1900 375 1.02522e-212
1925 375 1.46669e-219
1950 375 1.60106e-226
1975 375 1.21072e-233
2000 375 5.02683e-241
2025 375 8.2847e-249
2050 375 3.75722e-257
2075 375 2.90788e-266
2100 375 1.60919e-276
2125 375 2.96537e-289
2150 375 0
2175 375 0
2200 375 0
2225 375 0
2250 375 0
2275 375 0
2300 375 0
2325 375 0
2350 375 0
2375 375 0
2400 375 0
2425 375 0
2450 375 0
2475 375 0
2500 375 0
2525 375 0
2550 375 0
2575 375 0
2600 375 0
2625 375 0
2650 375 0
2675 375 0
2700 375 0
2725 375 0
2750 375 0
2775 375 0
2800 375 0
2825 375 0
2850 375 0
2875 375 0
2900 375 0
2925 375 0
2950 375 0
2975 375 0
0 400 0
25 400 1.70087e-227
50 400 1.77737e-220
75 400 1.42175e-213
100 400 8.86852e-207
125 400 4.3106e-200
150 400 1.62762e-193
175 400 4.75795e-187
200 400 1.07289e-180
225 400 1.85895e-174
250 400 2.46456e-168
275 400 2.48897e-162
300 400 1.90551e-156
325 400 1.10018e-150
350 400 4.7637e-145
375 400 1.53756e-139
400 400 3.67528e-134
425 400 6.46032e-129
450 400 8.28695e-124
475 400 7.69304e-119
500 400 5.12186e-114
525 400 2.42154e-109
550 400 8.04259e-105
575 400 1.85439e-100
600 400 2.92997e-96
625 400 3.1273e-92
650 400 2.21961e-88
675 400 1.02949e-84
700 400 3.06078e-81
725 400 5.71017e-78
750 400 6.52845e-75
775 400 4.45625e-72
800 400 1.76451e-69
825 400 3.92723e-67
850 400 4.74826e-65
875 400 3.00759e-63
900 400 9.61331e-62
925 400 1.49427e-60
950 400 1.09166e-59
975 400 3.64497e-59
1000 400 5.45977e-59
1025 400 3.64497e-59
1050 400 1.09166e-59
1075 400 1.49427e-60
1100 400 9.61331e-62
1125 400 3.00759e-63
1150 400 4.74826e-65
1175 400 3.92723e-67
1200 400 1.76451e-69
1225 400 4.45625e-72
1250 400 6.52845e-75
1275 400 5.71017e-78
1300 400 3.06078e-81
1325 400 1.02949e-84
1350 400 2.21961e-88
1375 400 3.1273e-92
1400 400 2.92997e-96
1425 400 1.85439e-100
1450 400 8.04259e-105
1475 400 2.42154e-109
1500 400 5.12186e-114
1525 400 7.69304e-119
1550 400 8.28695e-124
1575 400 6.46032e-129
1600 400 3.67528e-134
1625 400 1.53756e-139
1650 400 4.7637e-145
1675 400 1.10018e-150
1700 400 1.90551e-156
1725 400 2.48897e-162
1750 400 2.46456e-168
1775 400 1.85895e-174
1800 400 1.07289e-180
1825 400 4.75795e-187
1850 400 1.62762e-193
1875 400 4.3106e-200
1900 400 8.86852e-207
1925 400 1.42175e-213
1950 400 1.77737e-220
1975 400 1.70087e-227
2000 400 1.13045e-234
2025 400 4.13472e-242
2050 400 6.0194e-250
2075 400 2.41895e-258
2100 400 1.66438e-267
2125 400 8.21538e-278
2150 400 1.35465e-290
2175 400 0
2200 400 0
2225 400 0
2250 400 0
2275 400 0
2300 400 0
2325 400 0
2350 400 0
2375 400 0
2400 400 0
2425 400 0
2450 400 0
2475 400 0
2500 400 0
2525 400 0
2550 400 0
2575 400 0
2600 400 0
2625 400 0
2650 400 0
2675 400 0
2700 400 0
2725 400 0
2750 400 0
2775 400 0
2800 400 0
2825 400 0
2850 400 0
2875 400 0
2900 400 0
2925 400 0
2950 400 0
2975 400 0
0 425 0
25 425 1.53812e-221
50 425 1.40323e-214
75 425 1.00171e-207
100 425 5.59245e-201
125 425 2.43484e-194
150 425 8.24071e-188
175 425 2.16074e-181
200 425 4.37322e-175
225 425 6.80557e-169
250 425 8.10911e-163
275 425 7.36505e-157
300 425 5.07427e-151
325 425 2.63821e-145
350 425 1.02933e-139
375 425 2.99557e-134
400 425 6.46032e-129
425 425 1.0252e-123
450 425 1.188e-118
475 425 9.96928e-114
500 425 6.00372e-109
525 425 2.56921e-104
550 425 7.72891e-100
575 425 1.61529e-95
600 425 2.31512e-91
625 425 2.24341e-87
650 425 1.44693e-83
675 425 6.10499e-80
700 425 1.65323e-76
725 425 2.81344e-73
750 425 2.93956e-70
775 425 1.83792e-67
800 425 6.68551e-65
825 425 1.3721e-62
850 425 1.53726e-60
875 425 9.0801e-59
900 425 2.72854e-57
925 425 4.02821e-56
950 425 2.83022e-55
975 425 9.22164e-55
1000 425 1.36984e-54
1025 425 9.22164e-55
1050 425 2.83022e-55
1075 425 4.02821e-56
1100 425 2.72854e-57
1125 425 9.0801e-59
1150 425 1.53726e-60
1175 425 1.3721e-62
1200 425 6.68551e-65
1225 425 1.83792e-67
1250 425 2.93956e-70
1275 425 2.81344e-73
1300 425 1.65323e-76
1325 425 6.10499e-80
1350 425 1.44693e-83
1375 425 2.24341e-87
1400 425 2.31512e-91
1425 425 1.61529e-95
1450 425 7.72891e-100
1475 425 2.56921e-104
1500 425 6.00372e-109
1525 425 9.96928e-114
1550 425 1.188e-118
1575 425 1.0252e-123
1600 425 6.46032e-129
1625 425 2.99557e-134
1650 425 1.02933e-139
1675 425 2.63821e-145
1700 425 5.07427e-151
1725 425 7.36505e-157
1750 425 8.10911e-163
1775 425 6.80557e-169
1800 425 4.37322e-175
1825 425 2.16074e-181
1850 425 8.24071e-188
1875 425 2.43484e-194
1900 425 5.59245e-201
1925 425 1.00171e-207
1950 425 1.40323e-214
1975 425 1.53812e-221
2000 425 1.29446e-228
2025 425 7.5834e-236
2050 425 2.44991e-243
2075 425 3.15832e-251
2100 425 1.12735e-259
2125 425 6.91251e-269
2150 425 3.05059e-279
2175 425 4.51172e-292
2200 425 0
2225 425 0
2250 425 0
2275 425 0
2300 425 0
2325 425 0
2350 425 0
2375 425 0
2400 425 0
2425 425 0
2450 425 0
2475 425 0
2500 425 0
2525 425 0
2550 425 0
2575 425 0
2600 425 0
2625 425 0
2650 425 0
2675 425 0
2700 425 0
2725 425 0
2750 425 0
2775 425 0
2800 425 0
2825 425 0
2850 425 0
2875 425 0
2900 425 0
2925 425 0
2950 425 0
2975 425 0
0 450 0
25 450 9.80511e-216
50 450 7.98316e-209
75 450 5.10103e-202
100 450 2.55119e-195
125 450 9.95704e-189
150 450 3.02298e-182
175 450 7.11502e-176
200 450 1.2935e-169
225 450 1.80928e-163
250 450 1.93898e-157
275 450 1.58494e-151
300 450 9.83395e-146
325 450 4.60739e-140
350 450 1.62092e-134
375 450 4.25618e-129
400 450 8.28695e-124
425 450 1.188e-118
450 450 1.24439e-113
475 450 9.44505e-109
500 450 5.14791e-104
525 450 1.99506e-99
550 450 5.43881e-95
575 450 1.03077e-90
600 450 1.34069e-86
625 450 1.17992e-82
650 450 6.91777e-79
675 450 2.65595e-75
700 450 6.55248e-72
725 450 1.01735e-68
750 450 9.71531e-66
775 450 5.56439e-63
800 450 1.85951e-60
825 450 3.51925e-58
850 450 3.65365e-56
875 450 2.01252e-54
900 450 5.68571e-53
925 450 7.97308e-52
950 450 5.38793e-51
975 450 1.71327e-50
1000 450 2.52395e-50
1025 450 1.71327e-50
1050 450 5.38793e-51
1075 450 7.97308e-52
1100 450 5.68571e-53
1125 450 2.01252e-54
1150 450 3.65365e-56
1175 450 3.51925e-58
1200 450 1.85951e-60
1225 450 5.56439e-63
1250 450 9.71531e-66
1275 450 1.01735e-68
1300 450 6.55248e-72
1325 450 2.65595e-75
1350 450 6.91777e-79
1375 450 1.17992e-82
1400 450 1.34069e-86
1425 450 1.03077e-90
1450 450 5.43881e-95
1475 450 1.99506e-99
1500 450 5.14791e-104
1525 450 9.44505e-109
1550 450 1.24439e-113
1575 450 1.188e-118
1600 450 8.28695e-124
1625 450 4.25618e-129
1650 450 1.62092e-134
1675 450 4.60739e-140
1700 450 9.83395e-146
1725 450 1.58494e-151
1750 450 1.93898e-157
1775 450 1.80928e-163
1800 450 1.2935e-169
1825 450 7.11502e-176
1850 450 3.02298e-182
1875 450 9.95704e-189
1900 450 2.55119e-195
1925 450 5.10103e-202
1950 450 7.98316e-209
1975 450 9.80511e-216
2000 450 9.45398e-223
2025 450 7.01806e-230
2050 450 3.63386e-237
2075 450 1.03947e-244
2100 450 1.18936e-252
2125 450 3.77938e-261
2150 450 2.06976e-270
2175 450 8.18502e-281
2200 450 1.08822e-293
2225 450 0
2250 450 0
2275 450 0
2300 450 0
2325 450 0
2350 450 0
2375 450 0
2400 450 0
2425 450 0
2450 450 0
2475 450 0
2500 450 0
2525 450 0
2550 450 0
2575 450 0
2600 450 0
2625 450 0
2650 450 0
2675 450 0
2700 450 0
2725 450 0
2750 450 0
2775 450 0
2800 450 0
2825 450 0
2850 450 0
2875 450 0
2900 450 0
2925 450 0
2950 450 0
2975 450 0
0 475 0
25 475 4.46211e-210
50 475 3.25223e-203
75 475 1.86181e-196
100 475 8.34813e-190
125 475 2.92307e-183
150 475 7.96705e-177
175 475 1.68453e-170
200 475 2.75292e-164
225 475 3.46371e-158
250 475 3.34114e-152
275 475 2.45979e-146
300 475 1.37545e-140
325 475 5.81131e-135
350 475 1.84479e-129
375 475 4.37356e-124
400 475 7.69304e-119
425 475 9.96928e-114
450 475 9.44505e-109
475 475 6.48795e-104
500 475 3.20218e-99
525 475 1.12446e-94
550 475 2.77926e-90
575 475 4.77867e-86
600 475 5.64272e-82
625 475 4.5118e-78
650 475 2.40526e-74
675 475 8.40491e-71
700 475 1.88941e-67
725 475 2.67671e-64
750 475 2.33638e-61
775 475 1.22578e-58
800 475 3.76303e-56
825 475 6.56662e-54
850 475 6.31657e-52
875 475 3.24422e-50
900 475 8.61627e-49
925 475 1.14761e-47
950 475 7.45887e-47
975 475 2.31471e-46
1000 475 3.38178e-46
1025 475 2.31471e-46
1050 475 7.45887e-47
1075 475 1.14761e-47
1100 475 8.61627e-49
1125 475 3.24422e-50
1150 475 6.31657e-52
1175 475 6.56662e-54
1200 475 3.76303e-56
1225 475 1.22578e-58
1250 475 2.33638e-61
1275 475 2.67671e-64
1300 475 1.88941e-67
1325 475 8.40491e-71
1350 475 2.40526e-74
1375 475 4.5118e-78
1400 475 5.64272e-82
1425 475 4.77867e-86
1450 475 2.77926e-90
1475 475 1.12446e-94
1500 475 3.20218e-99
1525 475 6.48795e-104
1550 475 9.44505e-109
1575 475 9.96928e-114
1600 475 7.69304e-119
1625 475 4.37356e-124
1650 475 1.84479e-129
1675 475 5.81131e-135
1700 475 1.37545e-140
1725 475 2.45979e-146
