0 0 0
25 0 0
50 0 0
75 0 0
100 0 0
125 0 0
150 0 0
175 0 0
200 0 0
225 0 0
250 0 0
275 0 0
300 0 0
325 0 0
350 0 0
375 0 0
400 0 0
425 0 0
450 0 0
475 0 0
500 0 0
525 0 0
550 0 0
575 0 0
600 0 0
625 0 0
650 0 0
675 0 0
700 0 0
725 0 0
750 0 0
775 0 0
800 0 0
825 0 0
850 0 0
875 0 0
900 0 0
925 0 0
950 0 0
975 0 0
1000 0 0
1025 0 0
1050 0 0
1075 0 0
1100 0 0
1125 0 0
1150 0 0
1175 0 0
1200 0 0
1225 0 0
1250 0 0
1275 0 0
1300 0 0
1325 0 0
1350 0 0
1375 0 0
1400 0 0
1425 0 0
1450 0 0
1475 0 0
1500 0 0
1525 0 0
1550 0 0
1575 0 0
1600 0 0
1625 0 0
1650 0 0
1675 0 0
1700 0 0
1725 0 0
1750 0 0
1775 0 0
1800 0 0
1825 0 0
1850 0 0
1875 0 0
1900 0 0
1925 0 0
1950 0 0
1975 0 0
2000 0 0
2025 0 0
2050 0 0
2075 0 0
2100 0 0
2125 0 0
2150 0 0
2175 0 0
2200 0 0
2225 0 0
2250 0 0
2275 0 0
2300 0 0
2325 0 0
2350 0 0
2375 0 0
2400 0 0
2425 0 0
2450 0 0
2475 0 0
2500 0 0
2525 0 0
2550 0 0
2575 0 0
2600 0 0
2625 0 0
2650 0 0
2675 0 0
2700 0 0
2725 0 0
2750 0 0
2775 0 0
2800 0 0
2825 0 0
2850 0 0
2875 0 0
2900 0 0
2925 0 0
2950 0 0
2975 0 0
0 25 0
25 25 1.397e-170
50 25 4.92698e-165
75 25 1.35365e-159
100 25 2.8882e-154
125 25 4.77004e-149
150 25 6.07699e-144
175 25 5.95035e-139
200 25 4.46081e-134
225 25 2.55e-129
250 25 1.1068e-124
275 25 3.63116e-120
300 25 8.96228e-116
325 25 1.65591e-111
350 25 2.27847e-107
375 25 2.3221e-103
400 25 1.74298e-99
425 25 9.57914e-96
450 25 3.83126e-92
475 25 1.10821e-88
500 25 2.30351e-85
525 25 3.41843e-82
550 25 3.59838e-79
575 25 2.66945e-76
600 25 1.38686e-73
625 25 5.01541e-71
650 25 1.25542e-68
675 25 2.16398e-66
700 25 2.55718e-64
725 25 2.06408e-62
750 25 1.13489e-60
775 25 4.24302e-59
800 25 1.07782e-57
825 25 1.86046e-56
850 25 2.18429e-55
875 25 1.74698e-54
900 25 9.53651e-54
925 25 3.56046e-53
950 25 9.10902e-53
975 25 1.5994e-52
1000 25 1.92931e-52
1025 25 1.5994e-52
1050 25 9.10902e-53
1075 25 3.56046e-53
1100 25 9.53651e-54
1125 25 1.74698e-54
1150 25 2.18429e-55
1175 25 1.86046e-56
1200 25 1.07782e-57
1225 25 4.24302e-59
1250 25 1.13489e-60
1275 25 2.06408e-62
1300 25 2.55718e-64
1325 25 2.16398e-66
1350 25 1.25542e-68
1375 25 5.01541e-71
1400 25 1.38686e-73
1425 25 2.66945e-76
1450 25 3.59838e-79
1475 25 3.41843e-82
1500 25 2.30351e-85
1525 25 1.10821e-88
1550 25 3.83126e-92
1575 25 9.57914e-96
1600 25 1.74298e-99
1625 25 2.3221e-103
1650 25 2.27847e-107
1675 25 1.65591e-111
1700 25 8.96228e-116
1725 25 3.63116e-120
1750 25 1.1068e-124
1775 25 2.55e-129
1800 25 4.46081e-134
1825 25 5.95035e-139
1850 25 6.07699e-144
1875 25 4.77004e-149
1900 25 2.8882e-154
1925 25 1.35365e-159
1950 25 4.92698e-165
1975 25 1.397e-170
2000 25 3.09479e-176
2025 25 5.37143e-182
2050 25 7.32343e-188
2075 25 7.86296e-194
2100 25 6.66389e-200
2125 25 4.46793e-206
2150 25 2.37485e-212
2175 25 1.00273e-218
2200 25 3.36949e-225
2225 25 9.02593e-232
2250 25 1.92789e-238
2275 25 3.25732e-245
2300 25 4.1912e-252
2325 25 3.72978e-259
2350 25 1.97134e-266
2375 25 5.19352e-274
2400 25 5.68862e-282
2425 25 2.11431e-290
2450 25 2.04053e-299
2475 25 3.35302e-309
2500 25 4.07159e-320
2525 25 2.96439e-323
2550 25 0
2575 25 0
2600 25 0
2625 25 0
2650 25 0
2675 25 0
2700 25 0
2725 25 0
2750 25 0
2775 25 0
2800 25 0
2825 25 0
2850 25 0
2875 25 0
2900 25 0
2925 25 0
2950 25 0
2975 25 0
0 50 0
25 50 4.92698e-165
50 50 1.54087e-159
75 50 3.75444e-154
100 50 7.10499e-149
125 50 1.04084e-143
150 50 1.17624e-138
175 50 1.02164e-133
200 50 6.79379e-129
225 50 3.4448e-124
250 50 1.32614e-119
275 50 3.85856e-115
300 50 8.44529e-111
325 50 1.38356e-106
350 50 1.68779e-102
375 50 1.52483e-98
400 50 1.01451e-94
425 50 4.94185e-91
450 50 1.75187e-87
475 50 4.49174e-84
500 50 8.27751e-81
525 50 1.08945e-77
550 50 1.01764e-74
575 50 6.70463e-72
600 50 3.09702e-69
625 50 9.97361e-67
650 50 2.22769e-64
675 50 3.4354e-62
700 50 3.64397e-60
725 50 2.65089e-58
750 50 1.32007e-56
775 50 4.4958e-55
800 50 1.04732e-53
825 50 1.6706e-52
850 50 1.82802e-51
875 50 1.3754e-50
900 50 7.13474e-50
925 50 2.55848e-49
950 50 6.35746e-49
975 50 1.09676e-48
1000 50 1.3152e-48
1025 50 1.09676e-48
1050 50 6.35746e-49
1075 50 2.55848e-49
1100 50 7.13474e-50
1125 50 1.3754e-50
1150 50 1.82802e-51
1175 50 1.6706e-52
1200 50 1.04732e-53
1225 50 4.4958e-55
1250 50 1.32007e-56
1275 50 2.65089e-58
1300 50 3.64397e-60
1325 50 3.4354e-62
1350 50 2.22769e-64
1375 50 9.97361e-67
1400 50 3.09702e-69
1425 50 6.70463e-72
1450 50 1.01764e-74
1475 50 1.08945e-77
1500 50 8.27751e-81
1525 50 4.49174e-84
1550 50 1.75187e-87
1575 50 4.94185e-91
1600 50 1.01451e-94
1625 50 1.52483e-98
1650 50 1.68779e-102
1675 50 1.38356e-106
1700 50 8.44529e-111
1725 50 3.85856e-115
1750 50 1.32614e-119
1775 50 3.4448e-124
1800 50 6.79379e-129
1825 50 1.02164e-133
1850 50 1.17624e-138
1875 50 1.04084e-143
1900 50 7.10499e-149
1925 50 3.75444e-154
1950 50 1.54087e-159
1975 50 4.92698e-165
2000 50 1.23106e-170
2025 50 2.41035e-176
2050 50 3.70796e-182
2075 50 4.49299e-188
2100 50 4.29848e-194
2125 50 3.25425e-200
2150 50 1.95374e-206
2175 50 9.32042e-213
2200 50 3.53986e-219
2225 50 1.07225e-225
2250 50 2.59445e-232
2275 50 5.01547e-239
2300 50 7.68355e-246
2325 50 8.97886e-253
2350 50 7.2673e-260
2375 50 3.49849e-267
2400 50 8.40769e-275
2425 50 8.41456e-283
2450 50 2.86245e-291
2475 50 2.53275e-300
2500 50 3.82203e-310
2525 50 4.57999e-321
2550 50 0
2575 50 0
2600 50 0
2625 50 0
2650 50 0
2675 50 0
2700 50 0
2725 50 0
2750 50 0
2775 50 0
2800 50 0
2825 50 0
2850 50 0
2875 50 0
2900 50 0
2925 50 0
2950 50 0
2975 50 0
0 75 0
25 75 1.35365e-159
50 75 3.75444e-154
75 75 8.11367e-149
100 75 1.36192e-143
125 75 1.76969e-138
150 75 1.77391e-133
175 75 1.3666e-128
200 75 8.05997e-124
225 75 3.62427e-119
250 75 1.23716e-114
275 75 3.19136e-110
300 75 6.19162e-106
325 75 8.98972e-102
350 75 9.71718e-98
375 75 7.77739e-94
400 75 4.58336e-90
425 75 1.97728e-86
450 75 6.20716e-83
475 75 1.40934e-79
500 75 2.30016e-76
525 75 2.68187e-73
550 75 2.22029e-70
575 75 1.29746e-67
600 75 5.32164e-65
625 75 1.52402e-62
650 75 3.03328e-60
675 75 4.17921e-58
700 75 3.97373e-56
725 75 2.60202e-54
750 75 1.17212e-52
775 75 3.63246e-51
800 75 7.75279e-50
825 75 1.14185e-48
850 75 1.16368e-47
875 75 8.23216e-47
900 75 4.0562e-46
925 75 1.39659e-45
950 75 3.36987e-45
975 75 5.71118e-45
1000 75 6.8081e-45
1025 75 5.71118e-45
1050 75 3.36987e-45
1075 75 1.39659e-45
1100 75 4.0562e-46
1125 75 8.23216e-47
1150 75 1.16368e-47
1175 75 1.14185e-48
1200 75 7.75279e-50
1225 75 3.63246e-51
1250 75 1.17212e-52
1275 75 2.60202e-54
1300 75 3.97373e-56
1325 75 4.17921e-58
1350 75 3.03328e-60
1375 75 1.52402e-62
1400 75 5.32164e-65
1425 75 1.29746e-67
1450 75 2.22029e-70
1475 75 2.68187e-73
1500 75 2.30016e-76
1525 75 1.40934e-79
1550 75 6.20716e-83
1575 75 1.97728e-86
1600 75 4.58336e-90
1625 75 7.77739e-94
1650 75 9.71718e-98
1675 75 8.98972e-102
1700 75 6.19162e-106
1725 75 3.19136e-110
1750 75 1.23716e-114
1775 75 3.62427e-119
1800 75 8.05997e-124
1825 75 1.3666e-128
1850 75 1.77391e-133
1875 75 1.76969e-138
1900 75 1.36192e-143
1925 75 8.11367e-149
1950 75 3.75444e-154
1975 75 1.35365e-159
2000 75 3.81418e-165
2025 75 8.42284e-171
2050 75 1.46166e-176
2075 75 1.99831e-182
2100 75 2.15754e-188
2125 75 1.84381e-194
2150 75 1.24989e-200
2175 75 6.73455e-207
2200 75 2.88977e-213
2225 75 9.89297e-220
2250 75 2.7067e-226
2275 75 5.92725e-233
2300 75 1.03897e-239
2325 75 1.44577e-246
2350 75 1.53698e-253
2375 75 1.13322e-260
2400 75 4.97619e-268
2425 75 1.09247e-275
2450 75 1.00041e-283
2475 75 3.11907e-292
2500 75 2.53367e-301
2525 75 3.51594e-311
2550 75 6.62048e-322
2575 75 0
2600 75 0
2625 75 0
2650 75 0
2675 75 0
2700 75 0
2725 75 0
2750 75 0
2775 75 0
2800 75 0
2825 75 0
2850 75 0
2875 75 0
2900 75 0
2925 75 0
2950 75 0
2975 75 0
0 100 0
25 100 2.8882e-154
50 100 7.10499e-149
75 100 1.36192e-143
100 100 2.02771e-138
125 100 2.33702e-133
150 100 2.07769e-128
175 100 1.41951e-123
200 100 7.42367e-119
225 100 2.95955e-114
250 100 8.95504e-110
275 100 2.04719e-105
300 100 3.51902e-101
325 100 4.52565e-97
350 100 4.33184e-93
375 100 3.06931e-89
400 100 1.60085e-85
425 100 6.11068e-82
450 100 1.69703e-78
475 100 3.40832e-75
500 100 4.92059e-72
525 100 5.07585e-69
550 100 3.71929e-66
575 100 1.92495e-63
600 100 6.99982e-61
625 100 1.77987e-58
650 100 3.15163e-56
675 100 3.87335e-54
700 100 3.29626e-52
725 100 1.93989e-50
750 100 7.89379e-49
775 100 2.22315e-47
800 100 4.34219e-46
825 100 5.899e-45
850 100 5.59429e-44
875 100 3.71833e-43
900 100 1.73927e-42
925 100 5.74748e-42
950 100 1.34628e-41
975 100 2.24108e-41
1000 100 2.65553e-41
1025 100 2.24108e-41
1050 100 1.34628e-41
1075 100 5.74748e-42
1100 100 1.73927e-42
1125 100 3.71833e-43
1150 100 5.59429e-44
1175 100 5.899e-45
1200 100 4.34219e-46
1225 100 2.22315e-47
1250 100 7.89379e-49
1275 100 1.93989e-50
1300 100 3.29626e-52
1325 100 3.87335e-54
1350 100 3.15163e-56
1375 100 1.77987e-58
1400 100 6.99982e-61
1425 100 1.92495e-63
1450 100 3.71929e-66
1475 100 5.07585e-69
1500 100 4.92059e-72
1525 100 3.40832e-75
1550 100 1.69703e-78
1575 100 6.11068e-82
1600 100 1.60085e-85
1625 100 3.06931e-89
1650 100 4.33184e-93
1675 100 4.52565e-97
1700 100 3.51902e-101
1725 100 2.04719e-105
1750 100 8.95504e-110
1775 100 2.95955e-114
1800 100 7.42367e-119
1825 100 1.41951e-123
1850 100 2.07769e-128
1875 100 2.33702e-133
1900 100 2.02771e-138
1925 100 1.36192e-143
1950 100 7.10499e-149
1975 100 2.8882e-154
2000 100 9.1761e-160
2025 100 2.28507e-165
2050 100 4.47228e-171
2075 100 6.89703e-177
2100 100 8.40148e-183
2125 100 8.10231e-189
2150 100 6.19963e-195
2175 100 3.77157e-201
2200 100 1.82777e-207
2225 100 7.06914e-214
2250 100 2.1858e-220
2275 100 5.41211e-227
2300 100 1.0746e-233
2325 100 1.71102e-240
2350 100 2.1664e-247
2375 100 2.09856e-254
2400 100 1.41162e-261
2425 100 5.66229e-269
2450 100 1.13714e-276
2475 100 9.54067e-285
2500 100 2.72982e-293
2525 100 2.03841e-302
2550 100 2.60455e-312
2575 100 2.56914e-322
2600 100 0
2625 100 0
2650 100 0
2675 100 0
2700 100 0
2725 100 0
2750 100 0
2775 100 0
2800 100 0
2825 100 0
2850 100 0
2875 100 0
2900 100 0
2925 100 0
2950 100 0
2975 100 0
0 125 0
25 125 4.77004e-149
50 125 1.04084e-143
75 125 1.76969e-138
100 125 2.33702e-133
125 125 2.3889e-128
150 125 1.88342e-123
175 125 1.14095e-118
200 125 5.28967e-114
225 125 1.86904e-109
250 125 5.01104e-105
275 125 1.01475e-100
300 125 1.5446e-96
325 125 1.7584e-92
350 125 1.48932e-88
375 125 9.33414e-85
400 125 4.30467e-81
425 125 1.4524e-77
450 125 3.56421e-74
475 125 6.32411e-71
500 125 8.06526e-68
525 125 7.34991e-65
550 125 4.75918e-62
575 125 2.17791e-59
600 125 7.00926e-57
625 125 1.57961e-54
650 125 2.48387e-52
675 125 2.71804e-50
700 125 2.0665e-48
725 125 1.09114e-46
750 125 4.00423e-45
775 125 1.02328e-43
800 125 1.82649e-42
825 125 2.28598e-41
850 125 2.01523e-40
875 125 1.25739e-39
900 125 5.57948e-39
925 125 1.76861e-38
950 125 4.0201e-38
975 125 6.5716e-38
1000 125 7.73974e-38
1025 125 6.5716e-38
1050 125 4.0201e-38
1075 125 1.76861e-38
1100 125 5.57948e-39
1125 125 1.25739e-39
1150 125 2.01523e-40
1175 125 2.28598e-41
1200 125 1.82649e-42
1225 125 1.02328e-43
1250 125 4.00423e-45
1275 125 1.09114e-46
1300 125 2.0665e-48
1325 125 2.71804e-50
1350 125 2.48387e-52
1375 125 1.57961e-54
1400 125 7.00926e-57
1425 125 2.17791e-59
1450 125 4.75918e-62
1475 125 7.34991e-65
1500 125 8.06526e-68
1525 125 6.32411e-71
1550 125 3.56421e-74
1575 125 1.4524e-77
1600 125 4.30467e-81
1625 125 9.33414e-85
1650 125 1.48932e-88
1675 125 1.7584e-92
1700 125 1.5446e-96
1725 125 1.01475e-100
1750 125 5.01104e-105
1775 125 1.86904e-109
1800 125 5.28967e-114
1825 125 1.14095e-118
1850 125 1.88342e-123
1875 125 2.3889e-128
1900 125 2.33702e-133
1925 125 1.76969e-138
1950 125 1.04084e-143
1975 125 4.77004e-149
2000 125 1.7086e-154
2025 125 4.79735e-160
2050 125 1.05875e-165
2075 125 1.8414e-171
2100 125 2.53007e-177
2125 125 2.75271e-183
2150 125 2.37677e-189
2175 125 1.63199e-195
2200 125 8.92914e-202
2225 125 3.90007e-208
2250 125 1.3623e-214
2275 125 3.8118e-221
2300 125 8.55714e-228
2325 125 1.5433e-234
2350 125 2.23595e-241
2375 125 2.58014e-248
2400 125 2.28092e-255
2425 125 1.40178e-262
2450 125 5.14326e-270
2475 125 9.46101e-278
2500 125 7.28196e-286
2525 125 1.91452e-294
2550 125 1.31581e-303
2575 125 1.54996e-313
2600 125 2.17389e-322
2625 125 0
2650 125 0
2675 125 0
2700 125 0
2725 125 0
2750 125 0
2775 125 0
2800 125 0
2825 125 0
2850 125 0
2875 125 0
2900 125 0
2925 125 0
2950 125 0
2975 125 0
0 150 0
25 150 6.07699e-144
50 150 1.17624e-138
75 150 1.77391e-133
100 150 2.07769e-128
125 150 1.88342e-123
150 150 1.31659e-118
175 150 7.07019e-114
200 150 2.90498e-109
225 150 9.09395e-105
250 150 2.1594e-100
275 150 3.87139e-96
300 150 5.21492e-92
325 150 5.25142e-88
350 150 3.93252e-84
375 150 2.17805e-80
400 150 8.87226e-77
425 150 2.6429e-73
450 150 5.72371e-70
475 150 8.95952e-67
500 150 1.00781e-63
525 150 8.10014e-61
550 150 4.62666e-58
575 150 1.86856e-55
600 150 5.31184e-53
625 150 1.0588e-50
650 150 1.47542e-48
675 150 1.4345e-46
700 150 9.72357e-45
725 150 4.59707e-43
750 150 1.5185e-41
775 150 3.51482e-40
800 150 5.72393e-39
825 150 6.59027e-38
850 150 5.39374e-37
875 150 3.1558e-36
900 150 1.32727e-35
925 150 4.03302e-35
950 150 8.89151e-35
975 150 1.42691e-34
1000 150 1.67022e-34
1025 150 1.42691e-34
1050 150 8.89151e-35
1075 150 4.03302e-35
1100 150 1.32727e-35
1125 150 3.1558e-36
1150 150 5.39374e-37
1175 150 6.59027e-38
1200 150 5.72393e-39
1225 150 3.51482e-40
1250 150 1.5185e-41
1275 150 4.59707e-43
1300 150 9.72357e-45
1325 150 1.4345e-46
1350 150 1.47542e-48
1375 150 1.0588e-50
1400 150 5.31184e-53
1425 150 1.86856e-55
1450 150 4.62666e-58
1475 150 8.10014e-61
1500 150 1.00781e-63
1525 150 8.95952e-67
1550 150 5.72371e-70
1575 150 2.6429e-73
1600 150 8.87226e-77
1625 150 2.17805e-80
1650 150 3.93252e-84
1675 150 5.25142e-88
1700 150 5.21492e-92
1725 150 3.87139e-96
1750 150 2.1594e-100
1775 150 9.09395e-105
1800 150 2.90498e-109
1825 150 7.07019e-114
1850 150 1.31659e-118
1875 150 1.88342e-123
1900 150 2.07769e-128
1925 150 1.77391e-133
1950 150 1.17624e-138
1975 150 6.07699e-144
2000 150 2.45392e-149
2025 150 7.76754e-155
2050 150 1.93272e-160
2075 150 3.79015e-166
2100 150 5.87262e-172
2125 150 7.20642e-178
2150 150 7.01922e-184
2175 150 5.43822e-190
2200 150 3.35809e-196
2225 150 1.65583e-202
2250 150 6.53131e-209
2275 150 2.06435e-215
2300 150 5.23664e-222
2325 150 1.06773e-228
2350 150 1.75213e-235
2375 150 2.31363e-242
2400 150 2.43701e-249
2425 150 1.96902e-256
2450 150 1.10712e-263
2475 150 3.72045e-271
2500 150 6.27639e-279
2525 150 4.43705e-287
2550 150 1.07321e-295
2575 150 6.79692e-305
2600 150 7.39005e-315
2625 150 6.42285e-323
2650 150 0
2675 150 0
2700 150 0
2725 150 0
2750 150 0
2775 150 0
2800 150 0
2825 150 0
2850 150 0
2875 150 0
2900 150 0
2925 150 0
2950 150 0
2975 150 0
0 175 0
25 175 5.95035e-139
50 175 1.02164e-133
75 175 1.3666e-128
100 175 1.41951e-123
125 175 1.14095e-118
150 175 7.07019e-114
175 175 3.36474e-109
200 175 1.22478e-104
225 175 3.39546e-100
250 175 7.13713e-96
275 175 1.13213e-91
300 175 1.34862e-87
325 175 1.20031e-83
350 175 7.93975e-80
375 175 3.88204e-76
400 175 1.39514e-72
425 175 3.66433e-69
450 175 6.99331e-66
475 175 9.6421e-63
500 175 9.54965e-60
525 175 6.75677e-57
550 175 3.39756e-54
575 175 1.2084e-51
600 175 3.02747e-49
625 175 5.32504e-47
650 175 6.56012e-45
675 175 5.65344e-43
700 175 3.40832e-41
725 175 1.43943e-39
750 175 4.27017e-38
775 175 8.93375e-37
800 175 1.32481e-35
825 175 1.40075e-34
850 175 1.06272e-33
875 175 5.82307e-33
900 175 2.31881e-32
925 175 6.74856e-32
950 175 1.44224e-31
975 175 2.27141e-31
1000 175 2.64204e-31
1025 175 2.27141e-31
1050 175 1.44224e-31
1075 175 6.74856e-32
1100 175 2.31881e-32
1125 175 5.82307e-33
1150 175 1.06272e-33
1175 175 1.40075e-34
1200 175 1.32481e-35
1225 175 8.93375e-37
1250 175 4.27017e-38
1275 175 1.43943e-39
1300 175 3.40832e-41
1325 175 5.65344e-43
1350 175 6.56012e-45
1375 175 5.32504e-47
1400 175 3.02747e-49
1425 175 1.2084e-51
1450 175 3.39756e-54
1475 175 6.75677e-57
1500 175 9.54965e-60
1525 175 9.6421e-63
1550 175 6.99331e-66
1575 175 3.66433e-69
1600 175 1.39514e-72
1625 175 3.88204e-76
1650 175 7.93975e-80
1675 175 1.20031e-83
1700 175 1.34862e-87
1725 175 1.13213e-91
1750 175 7.13713e-96
1775 175 3.39546e-100
1800 175 1.22478e-104
1825 175 3.36474e-109
1850 175 7.07019e-114
1875 175 1.14095e-118
1900 175 1.41951e-123
1925 175 1.3666e-128
1950 175 1.02164e-133
1975 175 5.95035e-139
2000 175 2.70857e-144
2025 175 9.6646e-150
2050 175 2.7108e-155
2075 175 5.99297e-161
2100 175 1.04692e-166
2125 175 1.44862e-172
2150 175 1.59128e-178
2175 175 1.39065e-184
2200 175 9.68839e-191
2225 175 5.39112e-197
2250 175 2.40041e-203
2275 175 8.56677e-210
2300 175 2.45456e-216
2325 175 5.65484e-223
2350 175 1.04901e-229
2375 175 1.56883e-236
2400 175 1.89106e-243
2425 175 1.82097e-250
2450 175 1.3466e-257
2475 175 6.93626e-265
2500 175 2.13749e-272
2525 175 3.3109e-280
2550 175 2.15232e-288
2575 175 4.79485e-297
2600 175 2.80153e-306
2625 175 2.81472e-316
2650 175 0
2675 175 0
2700 175 0
2725 175 0
2750 175 0
2775 175 0
2800 175 0
2825 175 0
2850 175 0
2875 175 0
2900 175 0
2925 175 0
2950 175 0
2975 175 0
0 200 0
25 200 4.46081e-134
50 200 6.79379e-129
75 200 8.05997e-124
100 200 7.42367e-119
125 200 5.28967e-114
150 200 2.90498e-109
175 200 1.22478e-104
200 200 3.94807e-100
225 200 9.68811e-96
250 200 1.80157e-91
275 200 2.52676e-87
300 200 2.65966e-83
325 200 2.09028e-79
350 200 1.22007e-75
375 200 5.26e-72
400 200 1.66557e-68
425 200 3.85158e-65
450 200 6.46718e-62
475 200 7.83992e-59
500 200 6.82348e-56
525 200 4.24111e-53
550 200 1.87317e-50
575 200 5.85299e-48
600 200 1.28905e-45
625 200 1.99543e-43
650 200 2.16735e-41
675 200 1.65098e-39
700 200 8.82824e-38
725 200 3.32158e-36
750 200 8.82654e-35
775 200 1.66499e-33
800 200 2.24323e-32
825 200 2.17363e-31
850 200 1.5259e-30
875 200 7.81796e-30
900 200 2.94383e-29
925 200 8.19775e-29
950 200 1.69704e-28
975 200 2.62177e-28
1000 200 3.03e-28
1025 200 2.62177e-28
1050 200 1.69704e-28
1075 200 8.19775e-29
1100 200 2.94383e-29
1125 200 7.81796e-30
1150 200 1.5259e-30
1175 200 2.17363e-31
1200 200 2.24323e-32
1225 200 1.66499e-33
1250 200 8.82654e-35
1275 200 3.32158e-36
1300 200 8.82824e-38
1325 200 1.65098e-39
1350 200 2.16735e-41
1375 200 1.99543e-43
1400 200 1.28905e-45
1425 200 5.85299e-48
1450 200 1.87317e-50
1475 200 4.24111e-53
1500 200 6.82348e-56
1525 200 7.83992e-59
1550 200 6.46718e-62
1575 200 3.85158e-65
1600 200 1.66557e-68
1625 200 5.26e-72
1650 200 1.22007e-75
1675 200 2.09028e-79
1700 200 2.65966e-83
1725 200 2.52676e-87
1750 200 1.80157e-91
1775 200 9.68811e-96
1800 200 3.94807e-100
1825 200 1.22478e-104
1850 200 2.90498e-109
1875 200 5.28967e-114
1900 200 7.42367e-119
1925 200 8.05997e-124
1950 200 6.79379e-129
1975 200 4.46081e-134
2000 200 2.28888e-139
2025 200 9.20556e-145
2050 200 2.91031e-150
2075 200 7.25218e-156
2100 200 1.42807e-161
2125 200 2.22762e-167
2150 200 2.75891e-173
2175 200 2.71885e-179
2200 200 2.13638e-185
2225 200 1.34109e-191
2250 200 6.73792e-198
2275 200 2.71415e-204
2300 200 8.78005e-211
2325 200 2.28448e-217
2350 200 4.78786e-224
2375 200 8.09384e-231
2400 200 1.10491e-237
2425 200 1.21762e-244
2450 200 1.07343e-251
2475 200 7.27511e-259
2500 200 3.43727e-266
2525 200 9.72471e-274
2550 200 1.38462e-281
2575 200 8.28605e-290
2600 200 1.70203e-298
2625 200 9.18458e-308
2650 200 8.53691e-318
2675 200 0
2700 200 0
2725 200 0
2750 200 0
2775 200 0
2800 200 0
2825 200 0
2850 200 0
2875 200 0
2900 200 0
2925 200 0
2950 200 0
2975 200 0
0 225 0
25 225 2.55e-129
50 225 3.4448e-124
75 225 3.62427e-119
100 225 2.95955e-114
125 225 1.86904e-109
150 225 9.09395e-105
175 225 3.39546e-100
200 225 9.68811e-96
225 225 2.10313e-91
250 225 3.45764e-87
275 225 4.28447e-83
300 225 3.98145e-79
325 225 2.76029e-75
350 225 1.42004e-71
375 225 5.39117e-68
400 225 1.50192e-64
425 225 3.05289e-61
450 225 4.50185e-58
475 225 4.78887e-55
500 225 3.65476e-52
525 225 1.99079e-49
550 225 7.70342e-47
575 225 2.1089e-44
600 225 4.07119e-42
625 225 5.52968e-40
650 225 5.27887e-38
675 225 3.54316e-36
700 225 1.67513e-34
725 225 5.59733e-33
750 225 1.32832e-31
775 225 2.25272e-30
800 225 2.75012e-29
825 225 2.43618e-28
850 225 1.57905e-27
875 225 7.55072e-27
900 225 2.68437e-26
925 225 7.14386e-26
950 225 1.43127e-25
975 225 2.16789e-25
1000 225 2.48895e-25
1025 225 2.16789e-25
1050 225 1.43127e-25
1075 225 7.14386e-26
1100 225 2.68437e-26
1125 225 7.55072e-27
1150 225 1.57905e-27
1175 225 2.43618e-28
1200 225 2.75012e-29
1225 225 2.25272e-30
1250 225 1.32832e-31
1275 225 5.59733e-33
1300 225 1.67513e-34
1325 225 3.54316e-36
1350 225 5.27887e-38
1375 225 5.52968e-40
1400 225 4.07119e-42
1425 225 2.1089e-44
1450 225 7.70342e-47
1475 225 1.99079e-49
1500 225 3.65476e-52
1525 225 4.78887e-55
1550 225 4.50185e-58
1575 225 3.05289e-61
1600 225 1.50192e-64
1625 225 5.39117e-68
1650 225 1.42004e-71
1675 225 2.76029e-75
1700 225 3.98145e-79
1725 225 4.28447e-83
1750 225 3.45764e-87
1775 225 2.10313e-91
1800 225 9.68811e-96
1825 225 3.39546e-100
1850 225 9.09395e-105
1875 225 1.86904e-109
1900 225 2.95955e-114
1925 225 3.62427e-119
1950 225 3.4448e-124
1975 225 2.55e-129
2000 225 1.47487e-134
2025 225 6.6856e-140
2050 225 2.3821e-145
2075 225 6.68972e-151
2100 225 1.48463e-156
2125 225 2.61013e-162
2150 225 3.6438e-168
2175 225 4.04811e-174
2200 225 3.58645e-180
2225 225 2.53892e-186
2250 225 1.43886e-192
2275 225 6.53934e-199
2300 225 2.3874e-205
2325 225 7.01248e-212
2350 225 1.65967e-218
2375 225 3.16944e-225
2400 225 4.89021e-232
2425 225 6.10279e-239
2450 225 6.15747e-246
2475 225 4.97656e-253
2500 225 3.09518e-260
2525 225 1.34296e-267
2550 225 3.49212e-275
2575 225 4.57528e-283
2600 225 2.52313e-291
2625 225 4.78374e-300
2650 225 2.38662e-309
2675 225 2.05645e-319
2700 225 0
2725 225 0
2750 225 0
2775 225 0
2800 225 0
2825 225 0
2850 225 0
2875 225 0
2900 225 0
2925 225 0
2950 225 0
2975 225 0
0 250 0
25 250 1.1068e-124
50 250 1.32614e-119
75 250 1.23716e-114
100 250 8.95504e-110
125 250 5.01104e-105
150 250 2.1594e-100
175 250 7.13713e-96
200 250 1.80157e-91
225 250 3.45764e-87
250 250 5.02203e-83
275 250 5.49327e-79
300 250 4.50226e-75
325 250 2.75037e-71
350 250 1.24552e-67
375 250 4.15802e-64
400 250 1.0175e-60
425 250 1.81469e-57
450 250 2.34538e-54
475 250 2.18441e-51
500 250 1.45826e-48
525 250 6.94293e-46
550 250 2.347e-43
575 250 5.61202e-41
600 250 9.46532e-39
625 250 1.12418e-36
650 250 9.39897e-35
675 250 5.53843e-33
700 250 2.30664e-31
725 250 6.82028e-30
750 250 1.44036e-28
775 250 2.18877e-27
800 250 2.41358e-26
825 250 1.94903e-25
850 250 1.16342e-24
875 250 5.18068e-24
900 250 1.73567e-23
925 250 4.40791e-23
950 250 8.53789e-23
975 250 1.26709e-22
1000 250 1.44485e-22
1025 250 1.26709e-22
1050 250 8.53789e-23
1075 250 4.40791e-23
1100 250 1.73567e-23
1125 250 5.18068e-24
1150 250 1.16342e-24
1175 250 1.94903e-25
1200 250 2.41358e-26
1225 250 2.18877e-27
1250 250 1.44036e-28
1275 250 6.82028e-30
1300 250 2.30664e-31
1325 250 5.53843e-33
1350 250 9.39897e-35
1375 250 1.12418e-36
1400 250 9.46532e-39
1425 250 5.61202e-41
1450 250 2.347e-43
1475 250 6.94293e-46
1500 250 1.45826e-48
1525 250 2.18441e-51
1550 250 2.34538e-54
1575 250 1.81469e-57
1600 250 1.0175e-60
1625 250 4.15802e-64
1650 250 1.24552e-67
1675 250 2.75037e-71
1700 250 4.50226e-75
1725 250 5.49327e-79
1750 250 5.02203e-83
1775 250 3.45764e-87
1800 250 1.80157e-91
1825 250 7.13713e-96
1850 250 2.1594e-100
1875 250 5.01104e-105
1900 250 8.95504e-110
1925 250 1.23716e-114
1950 250 1.32614e-119
1975 250 1.1068e-124
2000 250 7.21593e-130
2025 250 3.68652e-135
2050 250 1.48022e-140
2075 250 4.68419e-146
2100 250 1.17138e-151
2125 250 2.32061e-157
2150 250 3.65073e-163
2175 250 4.57095e-169
2200 250 4.56463e-175
2225 250 3.6429e-181
2250 250 2.32786e-187
2275 250 1.1932e-193
2300 250 4.91419e-200
2325 250 1.6288e-206
2350 250 4.3513e-213
2375 250 9.38258e-220
2400 250 1.63517e-226
2425 250 2.30614e-233
2450 250 2.63477e-240
2475 250 2.4373e-247
2500 250 1.80833e-254
2525 250 1.03338e-261
2550 250 4.12222e-269
2575 250 9.86219e-277
2600 250 1.19016e-284
2625 250 6.05431e-293
2650 250 1.06054e-301
2675 250 4.89672e-311
2700 250 4.0464e-321
2725 250 0
2750 250 0
2775 250 0
2800 250 0
2825 250 0
2850 250 0
2875 250 0
2900 250 0
2925 250 0
2950 250 0
2975 250 0
0 275 0
25 275 3.63116e-120
50 275 3.85856e-115
75 275 3.19136e-110
100 275 2.04719e-105
125 275 1.01475e-100
150 275 3.87139e-96
175 275 1.13213e-91
200 275 2.52676e-87
225 275 4.28447e-83
250 275 5.49327e-79
275 275 5.29922e-75
300 275 3.82647e-71
325 275 2.05717e-67
350 275 8.18902e-64
375 275 2.40013e-60
400 275 5.14978e-57
425 275 8.04252e-54
450 275 9.09005e-51
475 275 7.39429e-48
500 275 4.30617e-45
525 275 1.78668e-42
550 275 5.25927e-40
575 275 1.09459e-37
600 275 1.60698e-35
625 275 1.6624e-33
650 275 1.21232e-31
675 275 6.24546e-30
700 275 2.28171e-28
725 275 5.94496e-27
750 275 1.11272e-25
775 275 1.50915e-24
800 275 1.49762e-23
825 275 1.0987e-22
850 275 6.02146e-22
875 275 2.49034e-21
900 275 7.84516e-21
925 275 1.8979e-20
950 275 3.54951e-20
975 275 5.15737e-20
1000 275 5.83938e-20
1025 275 5.15737e-20
1050 275 3.54951e-20
1075 275 1.8979e-20
1100 275 7.84516e-21
1125 275 2.49034e-21
1150 275 6.02146e-22
1175 275 1.0987e-22
1200 275 1.49762e-23
1225 275 1.50915e-24
1250 275 1.11272e-25
1275 275 5.94496e-27
1300 275 2.28171e-28
1325 275 6.24546e-30
1350 275 1.21232e-31
1375 275 1.6624e-33
1400 275 1.60698e-35
1425 275 1.09459e-37
1450 275 5.25927e-40
1475 275 1.78668e-42
1500 275 4.30617e-45
1525 275 7.39429e-48
1550 275 9.09005e-51
1575 275 8.04252e-54
1600 275 5.14978e-57
1625 275 2.40013e-60
1650 275 8.18902e-64
1675 275 2.05717e-67
1700 275 3.82647e-71
1725 275 5.29922e-75
1750 275 5.49327e-79
1775 275 4.28447e-83
1800 275 2.52676e-87
1825 275 1.13213e-91
1850 275 3.87139e-96
1875 275 1.01475e-100
1900 275 2.04719e-105
1925 275 3.19136e-110
1950 275 3.85856e-115
1975 275 3.63116e-120
2000 275 2.66864e-125
2025 275 1.53653e-130
2050 275 6.95192e-136
2075 275 2.47869e-141
2100 275 6.98333e-147
2125 275 1.55861e-152
2150 275 2.76246e-158
2175 275 3.89701e-164
2200 275 4.38512e-170
2225 275 3.94397e-176
2250 275 2.84071e-182
2275 275 1.64155e-188
2300 275 7.62364e-195
2325 275 2.8501e-201
2350 275 8.59043e-208
2375 275 2.09053e-214
2400 275 4.11317e-221
2425 275 6.55145e-228
2450 275 8.45788e-235
2475 275 8.85876e-242
2500 275 7.52335e-249
2525 275 5.13064e-256
2550 275 2.69706e-263
2575 275 9.90185e-271
2600 275 2.18172e-278
2625 275 2.42743e-286
2650 275 1.14009e-294
2675 275 1.84691e-303
2700 275 7.89949e-313
2725 275 9.38725e-323
2750 275 0
2775 275 0
2800 275 0
2825 275 0
2850 275 0
2875 275 0
2900 275 0
2925 275 0
2950 275 0
2975 275 0
0 300 0
25 300 8.96228e-116
50 300 8.44529e-111
75 300 6.19162e-106
100 300 3.51902e-101
125 300 1.5446e-96
150 300 5.21492e-92
175 300 1.34862e-87
200 300 2.65966e-83
225 300 3.98145e-79
250 300 4.50226e-75
275 300 3.82647e-71
300 300 2.43144e-67
325 300 1.14884e-63
350 300 4.01383e-60
375 300 1.03103e-56
400 300 1.93589e-53
425 300 2.64156e-50
450 300 2.60452e-47
475 300 1.84534e-44
500 300 9.34646e-42
525 300 3.36825e-39
550 300 8.60232e-37
575 300 1.55225e-34
600 300 1.9753e-32
625 300 1.77193e-30
650 300 1.12186e-28
675 300 5.02859e-27
700 300 1.60371e-25
725 300 3.66406e-24
750 300 6.04903e-23
775 300 7.2886e-22
800 300 6.48085e-21
825 300 4.30208e-20
850 300 2.15688e-19
875 300 8.25859e-19
900 300 2.43977e-18
925 300 5.61053e-18
950 300 1.01159e-17
975 300 1.43767e-17
1000 300 1.6158e-17
1025 300 1.43767e-17
1050 300 1.01159e-17
1075 300 5.61053e-18
1100 300 2.43977e-18
1125 300 8.25859e-19
1150 300 2.15688e-19
1175 300 4.30208e-20
1200 300 6.48085e-21
1225 300 7.2886e-22
1250 300 6.04903e-23
1275 300 3.66406e-24
1300 300 1.60371e-25
1325 300 5.02859e-27
1350 300 1.12186e-28
1375 300 1.77193e-30
1400 300 1.9753e-32
1425 300 1.55225e-34
1450 300 8.60232e-37
1475 300 3.36825e-39
1500 300 9.34646e-42
1525 300 1.84534e-44
1550 300 2.60452e-47
1575 300 2.64156e-50
1600 300 1.93589e-53
1625 300 1.03103e-56
1650 300 4.01383e-60
1675 300 1.14884e-63
1700 300 2.43144e-67
1725 300 3.82647e-71
1750 300 4.50226e-75
1775 300 3.98145e-79
1800 300 2.65966e-83
1825 300 1.34862e-87
1850 300 5.21492e-92
1875 300 1.5446e-96
1900 300 3.51902e-101
1925 300 6.19162e-106
1950 300 8.44529e-111
1975 300 8.96228e-116
2000 300 7.42509e-121
2025 300 4.81805e-126
2050 300 2.45618e-131
2075 300 9.86581e-137
2100 300 3.13099e-142
2125 300 7.87116e-148
2150 300 1.57135e-153
2175 300 2.49686e-159
2200 300 3.16491e-165
2225 300 3.20683e-171
2250 300 2.60252e-177
2275 300 1.69481e-183
2300 300 8.87194e-190
2325 300 3.73945e-196
2350 300 1.27106e-202
2375 300 3.4893e-209
2400 300 7.74685e-216
2425 300 1.39283e-222
2450 300 2.03045e-229
2475 300 2.40276e-236
2500 300 2.31021e-243
2525 300 1.8035e-250
2550 300 1.13186e-257
2575 300 5.47943e-265
2600 300 1.85332e-272
2625 300 3.76418e-280
2650 300 3.86463e-288
2675 300 1.67732e-296
2700 300 2.51504e-305
2725 300 9.97397e-315
2750 300 0
2775 300 0
2800 300 0
2825 300 0
2850 300 0
2875 300 0
2900 300 0
2925 300 0
2950 300 0
2975 300 0
0 325 0
25 325 1.65591e-111
50 325 1.38356e-106
75 325 8.98972e-102
100 325 4.52565e-97
125 325 1.7584e-92
150 325 5.25142e-88
175 325 1.20031e-83
200 325 2.09028e-79
225 325 2.76029e-75
250 325 2.75037e-71
275 325 2.05717e-67
300 325 1.14884e-63
325 325 4.76377e-60
350 325 1.45835e-56
375 325 3.27688e-53
400 325 5.37267e-50
425 325 6.38994e-47
450 325 5.4812e-44
475 325 3.37228e-41
500 325 1.4805e-38
525 325 4.61691e-36
550 325 1.01888e-33
575 325 1.58694e-31
600 325 1.74211e-29
625 325 1.34826e-27
650 325 7.37161e-26
675 325 2.85904e-24
700 325 7.9146e-23
725 325 1.5767e-21
750 325 2.28309e-20
775 325 2.43071e-19
800 325 1.92661e-18
825 325 1.15166e-17
850 325 5.25904e-17
875 325 1.85716e-16
900 325 5.12848e-16
925 325 1.11817e-15
950 325 1.93999e-15
975 325 2.69375e-15
1000 325 3.00404e-15
1025 325 2.69375e-15
1050 325 1.93999e-15
1075 325 1.11817e-15
1100 325 5.12848e-16
1125 325 1.85716e-16
1150 325 5.25904e-17
1175 325 1.15166e-17
1200 325 1.92661e-18
1225 325 2.43071e-19
1250 325 2.28309e-20
1275 325 1.5767e-21
1300 325 7.9146e-23
1325 325 2.85904e-24
1350 325 7.37161e-26
1375 325 1.34826e-27
1400 325 1.74211e-29
1425 325 1.58694e-31
1450 325 1.01888e-33
1475 325 4.61691e-36
1500 325 1.4805e-38
1525 325 3.37228e-41
1550 325 5.4812e-44
1575 325 6.38994e-47
1600 325 5.37267e-50
1625 325 3.27688e-53
1650 325 1.45835e-56
1675 325 4.76377e-60
1700 325 1.14884e-63
1725 325 2.05717e-67
1750 325 2.75037e-71
1775 325 2.76029e-75
1800 325 2.09028e-79
1825 325 1.20031e-83
1850 325 5.25142e-88
1875 325 1.7584e-92
1900 325 4.52565e-97
1925 325 8.98972e-102
1950 325 1.38356e-106
1975 325 1.65591e-111
2000 325 1.5466e-116
2025 325 1.131e-121
2050 325 6.49603e-127
2075 325 2.93916e-132
2100 325 1.05053e-137
2125 325 2.97411e-143
2150 325 6.68588e-149
2175 325 1.19631e-154
2200 325 1.70762e-160
2225 325 1.94858e-166
2250 325 1.78114e-172
2275 325 1.30662e-178
2300 325 7.70643e-185
2325 325 3.66049e-191
2350 325 1.40249e-197
2375 325 4.34101e-204
2400 325 1.08699e-210
2425 325 2.20487e-217
2450 325 3.62753e-224
2475 325 4.84648e-231
2500 325 5.26388e-238
2525 325 4.65187e-245
2550 325 3.34232e-252
2575 325 1.93261e-259
2600 325 8.62512e-267
2625 325 2.69014e-274
2650 325 5.04082e-282
2675 325 4.77947e-290
2700 325 1.91845e-298
2725 325 2.6648e-307
2750 325 9.80679e-317
2775 325 0
2800 325 0
2825 325 0
2850 325 0
2875 325 0
2900 325 0
2925 325 0
2950 325 0
2975 325 0
0 350 0
25 350 2.27847e-107
50 350 1.68779e-102
75 350 9.71718e-98
100 350 4.33184e-93
125 350 1.48932e-88
150 350 3.93252e-84
175 350 7.93975e-80
200 350 1.22007e-75
225 350 1.42004e-71
250 350 1.24552e-67
275 350 8.18902e-64
300 350 4.01383e-60
325 350 1.45835e-56
350 350 3.90483e-53
375 350 7.6594e-50
400 350 1.09403e-46
425 350 1.13113e-43
450 350 8.41604e-41
475 350 4.48127e-38
500 350 1.69893e-35
525 350 4.56563e-33
550 350 8.66659e-31
575 350 1.15933e-28
600 350 1.09197e-26
625 350 7.24897e-25
650 350 3.40171e-23
675 350 1.13431e-21
700 350 2.7078e-20
725 350 4.67234e-19
750 350 5.8952e-18
775 350 5.51022e-17
800 350 3.86933e-16
825 350 2.07089e-15
850 350 8.56836e-15
875 350 2.77775e-14
900 350 7.14209e-14
925 350 1.47179e-13
950 350 2.4515e-13
975 350 3.32112e-13
1000 350 3.67325e-13
1025 350 3.32112e-13
1050 350 2.4515e-13
1075 350 1.47179e-13
1100 350 7.14209e-14
1125 350 2.77775e-14
1150 350 8.56836e-15
1175 350 2.07089e-15
1200 350 3.86933e-16
1225 350 5.51022e-17
1250 350 5.8952e-18
1275 350 4.67234e-19
1300 350 2.7078e-20
1325 350 1.13431e-21
1350 350 3.40171e-23
1375 350 7.24897e-25
1400 350 1.09197e-26
1425 350 1.15933e-28
1450 350 8.66659e-31
1475 350 4.56563e-33
1500 350 1.69893e-35
1525 350 4.48127e-38
1550 350 8.41604e-41
1575 350 1.13113e-43
1600 350 1.09403e-46
1625 350 7.6594e-50
1650 350 3.90483e-53
1675 350 1.45835e-56
1700 350 4.01383e-60
1725 350 8.18902e-64
1750 350 1.24552e-67
1775 350 1.42004e-71
1800 350 1.22007e-75
1825 350 7.93975e-80
1850 350 3.93252e-84
1875 350 1.48932e-88
1900 350 4.33184e-93
1925 350 9.71718e-98
1950 350 1.68779e-102
1975 350 2.27847e-107
2000 350 2.3992e-112
2025 350 1.97723e-117
2050 350 1.2794e-122
2075 350 6.51979e-128
2100 350 2.6241e-133
2125 350 8.36423e-139
2150 350 2.11682e-144
2175 350 4.2639e-150
2200 350 6.85158e-156
2225 350 8.80185e-162
2250 350 9.05828e-168
2275 350 7.48245e-174
2300 350 4.97005e-180
2325 350 2.65916e-186
2350 350 1.14789e-192
2375 350 4.00397e-199
2400 350 1.13018e-205
2425 350 2.58498e-212
2450 350 4.79714e-219
2475 350 7.23176e-226
2500 350 8.86619e-233
2525 350 8.84952e-240
2550 350 7.19691e-247
2575 350 4.7646e-254
2600 350 2.54109e-261
2625 350 1.04653e-268
2650 350 3.01254e-276
2675 350 5.21197e-284
2700 350 4.56712e-292
2725 350 1.69667e-300
2750 350 2.18489e-309
2775 350 7.46785e-319
2800 350 0
2825 350 0
2850 350 0
2875 350 0
2900 350 0
2925 350 0
2950 350 0
2975 350 0
0 375 0
25 375 2.3221e-103
50 375 1.52483e-98
75 375 7.77739e-94
100 375 3.06931e-89
125 375 9.33414e-85
150 375 2.17805e-80
175 375 3.88204e-76
200 375 5.26e-72
225 375 5.39117e-68
250 375 4.15802e-64
275 375 2.40013e-60
300 375 1.03103e-56
325 375 3.27688e-53
350 375 7.6594e-50
375 375 1.30864e-46
400 375 1.62429e-43
425 375 1.4557e-40
450 375 9.36409e-38
475 375 4.29935e-35
500 375 1.40174e-32
525 375 3.23125e-30
550 375 5.24889e-28
575 375 5.9965e-26
600 375 4.81644e-24
625 375 2.72447e-22
650 375 1.08962e-20
675 375 3.10076e-19
700 375 6.33442e-18
725 375 9.39388e-17
750 375 1.02475e-15
775 375 8.34506e-15
800 375 5.15357e-14
825 375 2.45252e-13
850 375 9.13603e-13
875 375 2.70369e-12
900 375 6.4416e-12
925 375 1.24979e-11
950 375 1.99291e-11
975 375 2.62957e-11
1000 375 2.88281e-11
1025 375 2.62957e-11
1050 375 1.99291e-11
1075 375 1.24979e-11
1100 375 6.4416e-12
1125 375 2.70369e-12
1150 375 9.13603e-13
1175 375 2.45252e-13
1200 375 5.15357e-14
1225 375 8.34506e-15
1250 375 1.02475e-15
1275 375 9.39388e-17
1300 375 6.33442e-18
1325 375 3.10076e-19
1350 375 1.08962e-20
1375 375 2.72447e-22
1400 375 4.81644e-24
1425 375 5.9965e-26
1450 375 5.24889e-28
1475 375 3.23125e-30
1500 375 1.40174e-32
1525 375 4.29935e-35
1550 375 9.36409e-38
1575 375 1.4557e-40
1600 375 1.62429e-43
1625 375 1.30864e-46
1650 375 7.6594e-50
1675 375 3.27688e-53
1700 375 1.03103e-56
1725 375 2.40013e-60
1750 375 4.15802e-64
1775 375 5.39117e-68
1800 375 5.26e-72
1825 375 3.88204e-76
1850 375 2.17805e-80
1875 375 9.33414e-85
1900 375 3.06931e-89
1925 375 7.77739e-94
1950 375 1.52483e-98
1975 375 2.3221e-103
2000 375 2.75678e-108
2025 375 2.5603e-113
2050 375 1.86625e-118
2075 375 1.07099e-123
2100 375 4.85301e-129
2125 375 1.74122e-134
2150 375 4.95961e-140
2175 375 1.12427e-145
2200 375 2.03302e-151
2225 375 2.93911e-157
2250 375 3.40411e-163
2275 375 3.16489e-169
2300 375 2.36641e-175
2325 375 1.42548e-181
2350 375 6.92933e-188
2375 375 2.72244e-194
2400 375 8.6577e-201
2425 375 2.23165e-207
2450 375 4.66874e-214
2475 375 7.93699e-221
2500 375 1.09774e-227
2525 375 1.23652e-234
2550 375 1.13554e-241
2575 375 8.5081e-249
2600 375 5.19584e-256
2625 375 2.55857e-263
2650 375 9.73288e-271
2675 375 2.58788e-278
2700 375 4.13677e-286
2725 375 3.35237e-294
2750 375 1.15341e-302
2775 375 1.37797e-311
2800 375 4.35272e-321
2825 375 0
2850 375 0
2875 375 0
2900 375 0
2925 375 0
2950 375 0
2975 375 0
0 400 0
25 400 1.74298e-99
50 400 1.01451e-94
75 400 4.58336e-90
100 400 1.60085e-85
125 400 4.30467e-81
150 400 8.87226e-77
175 400 1.39514e-72
200 400 1.66557e-68
225 400 1.50192e-64
250 400 1.0175e-60
275 400 5.14978e-57
300 400 1.93589e-53
325 400 5.37267e-50
350 400 1.09403e-46
375 400 1.62429e-43
400 400 1.74717e-40
425 400 1.35307e-37
450 400 7.49842e-35
475 400 2.95665e-32
500 400 8.25233e-30
525 400 1.62341e-27
550 400 2.24381e-25
575 400 2.17536e-23
600 400 1.47964e-21
625 400 7.07806e-20
650 400 2.39305e-18
675 400 5.76207e-17
700 400 9.98354e-16
725 400 1.26084e-14
750 400 1.17822e-13
775 400 8.28342e-13
800 400 4.45913e-12
825 400 1.87106e-11
850 400 6.22679e-11
875 400 1.67052e-10
900 400 3.6661e-10
925 400 6.66463e-10
950 400 1.01381e-09
975 400 1.30003e-09
1000 400 1.41168e-09
1025 400 1.30003e-09
1050 400 1.01381e-09
1075 400 6.66463e-10
1100 400 3.6661e-10
1125 400 1.67052e-10
1150 400 6.22679e-11
1175 400 1.87106e-11
1200 400 4.45913e-12
1225 400 8.28342e-13
1250 400 1.17822e-13
1275 400 1.26084e-14
1300 400 9.98354e-16
1325 400 5.76207e-17
1350 400 2.39305e-18
1375 400 7.07806e-20
1400 400 1.47964e-21
1425 400 2.17536e-23
1450 400 2.24381e-25
1475 400 1.62341e-27
1500 400 8.25233e-30
1525 400 2.95665e-32
1550 400 7.49842e-35
1575 400 1.35307e-37
1600 400 1.74717e-40
1625 400 1.62429e-43
1650 400 1.09403e-46
1675 400 5.37267e-50
1700 400 1.93589e-53
1725 400 5.14978e-57
1750 400 1.0175e-60
1775 400 1.50192e-64
1800 400 1.66557e-68
1825 400 1.39514e-72
1850 400 8.87226e-77
1875 400 4.30467e-81
1900 400 1.60085e-85
1925 400 4.58336e-90
1950 400 1.01451e-94
1975 400 1.74298e-99
2000 400 2.33304e-104
2025 400 2.44166e-109
2050 400 2.00468e-114
2075 400 1.29532e-119
2100 400 6.60678e-125
2125 400 2.66756e-130
2150 400 8.54898e-136
2175 400 2.18018e-141
2200 400 4.4349e-147
2225 400 7.2123e-153
2250 400 9.39695e-159
2275 400 9.82875e-165
2300 400 8.26863e-171
2325 400 5.60494e-177
2350 400 3.06652e-183
2375 400 1.35628e-189
2400 400 4.85665e-196
2425 400 1.41001e-202
2450 400 3.32342e-209
2475 400 6.36754e-216
2500 400 9.92876e-223
2525 400 1.26136e-229
2550 400 1.30694e-236
2575 400 1.10551e-243
2600 400 7.63963e-251
2625 400 4.30819e-258
2650 400 1.9607e-265
2675 400 6.89514e-273
2700 400 1.69465e-280
2725 400 2.50447e-288
2750 400 1.87808e-296
2775 400 5.98804e-305
2800 400 6.64111e-314
2825 400 0
2850 400 0
2875 400 0
2900 400 0
2925 400 0
2950 400 0
2975 400 0
0 425 0
25 425 9.57914e-96
50 425 4.94185e-91
75 425 1.97728e-86
100 425 6.11068e-82
125 425 1.4524e-77
150 425 2.6429e-73
175 425 3.66433e-69
200 425 3.85158e-65
225 425 3.05289e-61
250 425 1.81469e-57
275 425 8.04252e-54
300 425 2.64156e-50
325 425 6.38994e-47
350 425 1.13113e-43
375 425 1.4557e-40
400 425 1.35307e-37
425 425 9.02465e-35
450 425 4.29213e-32
475 425 1.44708e-29
500 425 3.44038e-27
525 425 5.74307e-25
550 425 6.71104e-23
575 425 5.48215e-21
600 425 3.13286e-19
625 425 1.25645e-17
650 425 3.55763e-16
675 425 7.17602e-15
700 425 1.04352e-13
725 425 1.11019e-12
750 425 8.7895e-12
775 425 5.27637e-11
800 425 2.44936e-10
825 425 8.96893e-10
850 425 2.64102e-09
875 425 6.3676e-09
900 425 1.27758e-08
925 425 2.16291e-08
950 425 3.12453e-08
975 425 3.88314e-08
1000 425 4.1726e-08
1025 425 3.88314e-08
1050 425 3.12453e-08
1075 425 2.16291e-08
1100 425 1.27758e-08
1125 425 6.3676e-09
1150 425 2.64102e-09
1175 425 8.96893e-10
1200 425 2.44936e-10
1225 425 5.27637e-11
1250 425 8.7895e-12
1275 425 1.11019e-12
1300 425 1.04352e-13
1325 425 7.17602e-15
1350 425 3.55763e-16
1375 425 1.25645e-17
1400 425 3.13286e-19
1425 425 5.48215e-21
1450 425 6.71104e-23
1475 425 5.74307e-25
1500 425 3.44038e-27
1525 425 1.44708e-29
1550 425 4.29213e-32
1575 425 9.02465e-35
1600 425 1.35307e-37
1625 425 1.4557e-40
1650 425 1.13113e-43
1675 425 6.38994e-47
1700 425 2.64156e-50
