0 0 0
25 0 0
50 0 0
75 0 0
100 0 0
125 0 0
150 0 0
175 0 0
200 0 0
225 0 0
250 0 0
275 0 0
300 0 0
325 0 0
350 0 0
375 0 0
400 0 0
425 0 0
450 0 0
475 0 0
500 0 0
525 0 0
550 0 0
575 0 0
600 0 0
625 0 0
650 0 0
675 0 0
700 0 0
725 0 0
750 0 0
775 0 0
800 0 0
825 0 0
850 0 0
875 0 0
900 0 0
925 0 0
950 0 0
975 0 0
1000 0 0
1025 0 0
1050 0 0
1075 0 0
1100 0 0
1125 0 0
1150 0 0
1175 0 0
1200 0 0
1225 0 0
1250 0 0
1275 0 0
1300 0 0
1325 0 0
1350 0 0
1375 0 0
1400 0 0
1425 0 0
1450 0 0
1475 0 0
1500 0 0
1525 0 0
1550 0 0
1575 0 0
1600 0 0
1625 0 0
1650 0 0
1675 0 0
1700 0 0
1725 0 0
1750 0 0
1775 0 0
1800 0 0
1825 0 0
1850 0 0
1875 0 0
1900 0 0
1925 0 0
1950 0 0
1975 0 0
2000 0 0
2025 0 0
2050 0 0
2075 0 0
2100 0 0
2125 0 0
2150 0 0
2175 0 0
2200 0 0
2225 0 0
2250 0 0
2275 0 0
2300 0 0
2325 0 0
2350 0 0
2375 0 0
2400 0 0
2425 0 0
2450 0 0
2475 0 0
2500 0 0
2525 0 0
2550 0 0
2575 0 0
2600 0 0
2625 0 0
2650 0 0
2675 0 0
2700 0 0
2725 0 0
2750 0 0
2775 0 0
2800 0 0
2825 0 0
2850 0 0
2875 0 0
2900 0 0
2925 0 0
2950 0 0
2975 0 0
0 25 0
25 25 -1.26944e-08
50 25 -2.57435e-08
75 25 -3.95267e-08
100 25 -5.44756e-08
125 25 -7.1109e-08
150 25 -9.008e-08
175 25 -1.12245e-07
200 25 -1.38765e-07
225 25 -1.71274e-07
250 25 -2.12139e-07
275 25 -2.64926e-07
300 25 -3.35225e-07
325 25 -4.32237e-07
350 25 -5.72048e-07
375 25 -7.85098e-07
400 25 -1.13585e-06
425 25 -1.79038e-06
450 25 -3.34867e-06
475 25 -7.23176e-06
500 25 -9.12588e-06
525 25 8.90553e-06
550 25 3.71923e-05
575 25 2.83377e-05
600 25 -7.23578e-06
625 25 -2.10638e-05
650 25 -1.28199e-05
675 25 -4.10838e-06
700 25 -7.99643e-07
725 25 -8.65355e-08
750 25 1.17239e-08
775 25 2.07161e-08
800 25 2.10974e-08
825 25 2.0925e-08
850 25 2.07534e-08
875 25 2.06088e-08
900 25 2.04916e-08
925 25 2.0401e-08
950 25 2.03367e-08
975 25 2.02982e-08
1000 25 2.02854e-08
1025 25 2.02982e-08
1050 25 2.03367e-08
1075 25 2.0401e-08
1100 25 2.04916e-08
1125 25 2.06088e-08
1150 25 2.07534e-08
1175 25 2.09261e-08
1200 25 2.11279e-08
1225 25 2.13599e-08
1250 25 2.16234e-08
1275 25 2.19201e-08
1300 25 2.22515e-08
1325 25 2.26199e-08
1350 25 2.30274e-08
1375 25 2.34766e-08
1400 25 2.39705e-08
1425 25 2.45125e-08
1450 25 2.51062e-08
1475 25 2.57561e-08
1500 25 2.6467e-08
1525 25 2.72444e-08
1550 25 2.80945e-08
1575 25 2.90246e-08
1600 25 3.00429e-08
1625 25 3.11587e-08
1650 25 3.23828e-08
1675 25 3.37277e-08
1700 25 3.52077e-08
1725 25 3.68396e-08
1750 25 3.86429e-08
1775 25 4.06404e-08
1800 25 4.28591e-08
1825 25 4.53308e-08
1850 25 4.80934e-08
1875 25 5.11923e-08
1900 25 5.46822e-08
1925 25 5.86295e-08
1950 25 6.31153e-08
1975 25 6.82397e-08
2000 25 7.41272e-08
2025 25 8.09341e-08
2050 25 8.88588e-08
2075 25 9.81562e-08
2100 25 1.09158e-07
2125 25 1.22301e-07
2150 25 1.38173e-07
2175 25 1.57575e-07
2200 25 1.81624e-07
2225 25 2.11914e-07
2250 25 2.50782e-07
2275 25 3.01765e-07
2300 25 3.70432e-07
2325 25 4.65965e-07
2350 25 6.04431e-07
2375 25 8.16256e-07
2400 25 1.16589e-06
2425 25 1.81941e-06
2450 25 3.37677e-06
2475 25 7.259e-06
2500 25 9.15234e-06
2525 25 -8.87978e-06
2550 25 -3.71672e-05
2575 25 -2.83132e-05
2600 25 7.25975e-06
2625 25 2.10873e-05
2650 25 1.2843e-05
2675 25 4.131e-06
2700 25 8.21894e-07
2725 25 1.08456e-07
2750 25 9.89954e-09
2775 25 6.43772e-10
2800 25 3.05091e-11
2825 25 1.07312e-12
2850 25 2.84462e-14
2875 25 5.75765e-16
2900 25 9.0005e-18
2925 25 1.09765e-19
2950 25 1.05376e-21
2975 25 8.02611e-24
0 50 0
25 50 -2.57435e-08
50 50 -5.22155e-08
75 50 -8.01957e-08
100 50 -1.10573e-07
125 50 -1.44419e-07
150 50 -1.83088e-07
175 50 -2.28362e-07
200 50 -2.82672e-07
225 50 -3.49453e-07
250 50 -4.33726e-07
275 50 -5.4312e-07
300 50 -6.8974e-07
325 50 -8.93835e-07
350 50 -1.19165e-06
375 50 -1.65435e-06
400 50 -2.44408e-06
425 50 -4.05305e-06
450 50 -7.98414e-06
475 50 -1.40409e-05
500 50 -8.52234e-06
525 50 2.42246e-05
550 50 5.78412e-05
575 50 4.42286e-05
600 50 -5.74312e-06
625 50 -3.35848e-05
650 50 -2.55144e-05
675 50 -1.00249e-05
700 50 -2.38564e-06
725 50 -3.41271e-07
750 50 1.56583e-09
775 50 3.96734e-08
800 50 4.22376e-08
825 50 4.20021e-08
850 50 4.16617e-08
875 50 4.1371e-08
900 50 4.11351e-08
925 50 4.0953e-08
950 50 4.08236e-08
975 50 4.07462e-08
1000 50 4.07205e-08
1025 50 4.07462e-08
1050 50 4.08236e-08
1075 50 4.0953e-08
1100 50 4.11351e-08
1125 50 4.1371e-08
1150 50 4.16619e-08
1175 50 4.20094e-08
1200 50 4.24154e-08
1225 50 4.28822e-08
1250 50 4.34126e-08
1275 50 4.40095e-08
1300 50 4.46766e-08
1325 50 4.54179e-08
1350 50 4.6238e-08
1375 50 4.71422e-08
1400 50 4.81365e-08
1425 50 4.92276e-08
1450 50 5.04231e-08
1475 50 5.17317e-08
1500 50 5.31633e-08
1525 50 5.4729e-08
1550 50 5.64415e-08
1575 50 5.83154e-08
1600 50 6.03672e-08
1625 50 6.26159e-08
1650 50 6.50834e-08
1675 50 6.77948e-08
1700 50 7.07794e-08
1725 50 7.40711e-08
1750 50 7.77094e-08
1775 50 8.17408e-08
1800 50 8.622e-08
1825 50 9.12116e-08
1850 50 9.67928e-08
1875 50 1.03056e-07
1900 50 1.10113e-07
1925 50 1.18099e-07
1950 50 1.27179e-07
1975 50 1.37559e-07
2000 50 1.49494e-07
2025 50 1.63303e-07
2050 50 1.79395e-07
2075 50 1.98294e-07
2100 50 2.20686e-07
2125 50 2.47475e-07
2150 50 2.79881e-07
2175 50 3.19573e-07
2200 50 3.68892e-07
2225 50 4.31194e-07
2250 50 5.11435e-07
2275 50 6.17191e-07
2300 50 7.60519e-07
2325 50 9.6163e-07
2350 50 1.25673e-06
2375 50 1.71697e-06
2400 50 2.50445e-06
2425 50 4.11137e-06
2450 50 8.04058e-06
2475 50 1.40956e-05
2500 50 8.57551e-06
2525 50 -2.41729e-05
2550 50 -5.77908e-05
2575 50 -4.41794e-05
2600 50 5.79125e-06
2625 50 3.3632e-05
2650 50 2.55607e-05
2675 50 1.00703e-05
2700 50 2.43032e-06
2725 50 3.85281e-07
2750 50 4.18467e-08
2775 50 3.20883e-09
2800 50 1.77814e-10
2825 50 7.2576e-12
2850 50 2.21716e-13
2875 50 5.14001e-15
2900 50 9.15222e-17
2925 50 1.26504e-18
2950 50 1.37029e-20
2975 50 1.1728e-22
0 75 0
25 75 -3.95267e-08
50 75 -8.01957e-08
75 75 -1.23232e-07
100 75 -1.70036e-07
125 75 -2.22305e-07
150 75 -2.82199e-07
175 75 -3.52575e-07
200 75 -4.37372e-07
225 75 -5.42204e-07
250 75 -6.7539e-07
275 75 -8.49766e-07
300 75 -1.08614e-06
325 75 -1.42033e-06
350 75 -1.91933e-06
375 75 -2.72495e-06
400 75 -4.21932e-06
425 75 -7.61866e-06
450 75 -1.41e-05
475 75 -1.52746e-05
500 75 6.20076e-06
525 75 4.07767e-05
550 75 5.72474e-05
575 75 4.42163e-05
600 75 4.59411e-06
625 75 -3.25307e-05
650 75 -3.5734e-05
675 75 -1.8576e-05
700 75 -5.65145e-06
725 75 -1.05584e-06
750 75 -8.23884e-08
775 75 5.11809e-08
800 75 6.31396e-08
825 75 6.33681e-08
850 75 6.28824e-08
875 75 6.24432e-08
900 75 6.20859e-08
925 75 6.18099e-08
950 75 6.16139e-08
975 75 6.14967e-08
1000 75 6.14577e-08
1025 75 6.14967e-08
1050 75 6.16139e-08
1075 75 6.18099e-08
1100 75 6.20859e-08
1125 75 6.24432e-08
1150 75 6.28839e-08
1175 75 6.34104e-08
1200 75 6.40255e-08
1225 75 6.47329e-08
1250 75 6.55366e-08
1275 75 6.64412e-08
1300 75 6.74523e-08
1325 75 6.85759e-08
1350 75 6.98193e-08
1375 75 7.11902e-08
1400 75 7.26979e-08
1425 75 7.43527e-08
1450 75 7.61661e-08
1475 75 7.81515e-08
1500 75 8.03238e-08
1525 75 8.27001e-08
1550 75 8.52999e-08
1575 75 8.81453e-08
1600 75 9.12618e-08
1625 75 9.46783e-08
1650 75 9.84283e-08
1675 75 1.02551e-07
1700 75 1.0709e-07
1725 75 1.12098e-07
1750 75 1.17636e-07
1775 75 1.23776e-07
1800 75 1.30601e-07
1825 75 1.38211e-07
1850 75 1.46726e-07
1875 75 1.56288e-07
1900 75 1.6707e-07
1925 75 1.79282e-07
1950 75 1.93182e-07
1975 75 2.09088e-07
2000 75 2.27398e-07
2025 75 2.48615e-07
2050 75 2.73378e-07
2075 75 3.02514e-07
2100 75 3.37106e-07
2125 75 3.78594e-07
2150 75 4.28925e-07
2175 75 4.90787e-07
2200 75 5.67973e-07
2225 75 6.6598e-07
2250 75 7.93026e-07
2275 75 9.61864e-07
2300 75 1.19323e-06
2325 75 1.52288e-06
2350 75 2.01776e-06
2375 75 2.81963e-06
2400 75 4.31058e-06
2425 75 7.70681e-06
2450 75 1.41853e-05
2475 75 1.53573e-05
2500 75 -6.12044e-06
2525 75 -4.06986e-05
2550 75 -5.71712e-05
2575 75 -4.41419e-05
2600 75 -4.52141e-06
2625 75 3.26019e-05
2650 75 3.58038e-05
2675 75 1.86446e-05
2700 75 5.7189e-06
2725 75 1.12228e-06
2750 75 1.47925e-07
2775 75 1.35521e-08
2800 75 8.85957e-10
2825 75 4.22168e-11
2850 75 1.49247e-12
2875 75 3.974e-14
2900 75 8.07459e-16
2925 75 1.26638e-17
2950 75 1.54872e-19
2975 75 1.48984e-21
0 100 0
25 100 -5.44756e-08
50 100 -1.10573e-07
75 100 -1.70036e-07
100 100 -2.34869e-07
125 100 -3.07518e-07
150 100 -3.9112e-07
175 100 -4.89877e-07
200 100 -6.09641e-07
225 100 -7.58893e-07
250 100 -9.50427e-07
275 100 -1.20447e-06
300 100 -1.55487e-06
325 100 -2.0627e-06
350 100 -2.8509e-06
375 100 -4.22352e-06
400 100 -7.13082e-06
425 100 -1.31651e-05
450 100 -1.76655e-05
475 100 -3.89303e-06
500 100 2.81263e-05
525 100 4.74213e-05
550 100 4.31744e-05
575 100 3.41983e-05
600 100 1.62388e-05
625 100 -1.91445e-05
650 100 -3.92002e-05
675 100 -2.86406e-05
700 100 -1.13938e-05
725 100 -2.7352e-06
750 100 -3.66714e-07
775 100 3.70997e-08
800 100 8.22644e-08
825 100 8.50811e-08
850 100 8.45756e-08
875 100 8.39883e-08
900 100 8.35054e-08
925 100 8.31323e-08
950 100 8.28673e-08
975 100 8.27088e-08
1000 100 8.26561e-08
1025 100 8.27088e-08
1050 100 8.28673e-08
1075 100 8.31323e-08
1100 100 8.35054e-08
1125 100 8.39886e-08
1150 100 8.45844e-08
1175 100 8.52963e-08
1200 100 8.61283e-08
1225 100 8.7085e-08
1250 100 8.8172e-08
1275 100 8.93958e-08
1300 100 9.07638e-08
1325 100 9.22843e-08
1350 100 9.39669e-08
1375 100 9.58227e-08
1400 100 9.7864e-08
1425 100 1.00105e-07
1450 100 1.02561e-07
1475 100 1.05251e-07
1500 100 1.08195e-07
1525 100 1.11416e-07
1550 100 1.14942e-07
1575 100 1.18802e-07
1600 100 1.23031e-07
1625 100 1.27669e-07
1650 100 1.32763e-07
1675 100 1.38364e-07
1700 100 1.44536e-07
1725 100 1.51349e-07
1750 100 1.58888e-07
1775 100 1.67251e-07
1800 100 1.76555e-07
1825 100 1.86939e-07
1850 100 1.98567e-07
1875 100 2.11638e-07
1900 100 2.26394e-07
1925 100 2.43127e-07
1950 100 2.62199e-07
1975 100 2.84059e-07
2000 100 3.09267e-07
2025 100 3.38535e-07
2050 100 3.72772e-07
2075 100 4.13163e-07
2100 100 4.61262e-07
2125 100 5.19156e-07
2150 100 5.89687e-07
2175 100 6.76815e-07
2200 100 7.86197e-07
2225 100 9.26145e-07
2250 100 1.10932e-06
2275 100 1.35582e-06
2300 100 1.69941e-06
2325 100 2.20106e-06
2350 100 2.98366e-06
2375 100 4.35119e-06
2400 100 7.25385e-06
2425 100 1.32839e-05
2450 100 1.77804e-05
2475 100 4.00445e-06
2500 100 -2.80181e-05
2525 100 -4.7316e-05
2550 100 -4.30719e-05
2575 100 -3.40982e-05
2600 100 -1.61409e-05
2625 100 1.92403e-05
2650 100 3.92942e-05
2675 100 2.87329e-05
2700 100 1.14845e-05
2725 100 2.82459e-06
2750 100 4.54886e-07
2775 100 4.99852e-08
2800 100 3.86385e-09
2825 100 2.15219e-10
2850 100 8.81002e-12
2875 100 2.69469e-13
2900 100 6.2467e-15
2925 100 1.11117e-16
2950 100 1.53334e-18
2975 100 1.65669e-20
0 125 0
25 125 -7.1109e-08
50 125 -1.44419e-07
75 125 -2.22305e-07
100 125 -3.07518e-07
125 125 -4.03444e-07
150 125 -5.14477e-07
175 125 -6.46587e-07
200 125 -8.08237e-07
225 125 -1.01194e-06
250 125 -1.27707e-06
275 125 -1.63532e-06
300 125 -2.14234e-06
325 125 -2.90608e-06
350 125 -4.17722e-06
375 125 -6.70742e-06
400 125 -1.21033e-05
425 125 -1.81688e-05
450 125 -1.0418e-05
475 125 1.84917e-05
500 125 4.27121e-05
525 125 4.06083e-05
550 125 2.68987e-05
575 125 2.25727e-05
600 125 2.2113e-05
625 125 -5.87376e-07
650 125 -3.27779e-05
675 125 -3.68733e-05
700 125 -1.96848e-05
725 125 -6.0652e-06
750 125 -1.11208e-06
775 125 -5.17401e-08
800 125 9.40791e-08
825 125 1.06879e-07
850 125 1.06893e-07
875 125 1.06179e-07
900 125 1.05565e-07
925 125 1.05091e-07
950 125 1.04753e-07
975 125 1.04552e-07
1000 125 1.04484e-07
1025 125 1.04552e-07
1050 125 1.04753e-07
1075 125 1.05091e-07
1100 125 1.05565e-07
1125 125 1.0618e-07
1150 125 1.06939e-07
1175 125 1.07845e-07
1200 125 1.08904e-07
1225 125 1.10122e-07
1250 125 1.11507e-07
1275 125 1.13066e-07
1300 125 1.14808e-07
1325 125 1.16745e-07
1350 125 1.1889e-07
1375 125 1.21255e-07
1400 125 1.23858e-07
1425 125 1.26716e-07
1450 125 1.2985e-07
1475 125 1.33283e-07
1500 125 1.37041e-07
1525 125 1.41155e-07
1550 125 1.4566e-07
1575 125 1.50594e-07
1600 125 1.56003e-07
1625 125 1.61938e-07
1650 125 1.68459e-07
1675 125 1.75636e-07
1700 125 1.83549e-07
1725 125 1.92291e-07
1750 125 2.01972e-07
1775 125 2.12721e-07
1800 125 2.24692e-07
1825 125 2.38065e-07
1850 125 2.5306e-07
1875 125 2.69939e-07
1900 125 2.8902e-07
1925 125 3.10696e-07
1950 125 3.35446e-07
1975 125 3.63873e-07
2000 125 3.96731e-07
2025 125 4.34982e-07
2050 125 4.79865e-07
2075 125 5.33001e-07
2100 125 5.96539e-07
2125 125 6.73383e-07
2150 125 7.67537e-07
2175 125 8.84653e-07
2200 125 1.03293e-06
2225 125 1.22466e-06
2250 125 1.47904e-06
2275 125 1.82761e-06
2300 125 2.32589e-06
2325 125 3.08172e-06
2350 125 4.34568e-06
2375 125 6.86936e-06
2400 125 1.22593e-05
2425 125 1.83194e-05
2450 125 1.05637e-05
2475 125 -1.83505e-05
2500 125 -4.2575e-05
2525 125 -4.0475e-05
2550 125 -2.67689e-05
2575 125 -2.2446e-05
2600 125 -2.19891e-05
2625 125 7.08631e-07
2650 125 3.28968e-05
2675 125 3.69901e-05
2700 125 1.97996e-05
2725 125 6.17827e-06
2750 125 1.22359e-06
2775 125 1.61863e-07
2800 125 1.48252e-08
2825 125 9.66313e-10
2850 125 4.58221e-11
2875 125 1.60993e-12
2900 125 4.25649e-14
2925 125 8.58262e-16
2950 125 1.33536e-17
2975 125 1.61906e-19
0 150 0
25 150 -9.008e-08
50 150 -1.83088e-07
75 150 -2.82199e-07
100 150 -3.9112e-07
125 150 -5.14477e-07
150 150 -6.58361e-07
175 150 -8.31205e-07
200 150 -1.04523e-06
225 150 -1.31902e-06
250 150 -1.6824e-06
275 150 -2.18656e-06
300 150 -2.92811e-06
325 150 -4.12111e-06
350 150 -6.37838e-06
375 150 -1.11804e-05
400 150 -1.7822e-05
425 150 -1.45095e-05
450 150 1.04176e-05
475 150 3.81494e-05
500 150 4.16116e-05
525 150 2.70028e-05
550 150 1.51215e-05
575 150 1.41839e-05
600 150 2.10985e-05
625 150 1.45209e-05
650 150 -1.76968e-05
675 150 -3.89869e-05
700 150 -2.91308e-05
725 150 -1.16383e-05
750 150 -2.75491e-06
775 150 -3.28235e-07
800 150 8.22668e-08
825 150 1.2741e-07
850 150 1.29926e-07
875 150 1.29198e-07
900 150 1.28451e-07
925 150 1.27869e-07
950 150 1.27455e-07
975 150 1.27208e-07
1000 150 1.27125e-07
1025 150 1.27208e-07
1050 150 1.27455e-07
1075 150 1.27869e-07
1100 150 1.28451e-07
1125 150 1.29206e-07
1150 150 1.30137e-07
1175 150 1.31249e-07
1200 150 1.32549e-07
1225 150 1.34045e-07
1250 150 1.35745e-07
1275 150 1.37659e-07
1300 150 1.39799e-07
1325 150 1.4218e-07
1350 150 1.44815e-07
1375 150 1.47723e-07
1400 150 1.50924e-07
1425 150 1.5444e-07
1450 150 1.58296e-07
1475 150 1.62523e-07
1500 150 1.67152e-07
1525 150 1.72222e-07
1550 150 1.77776e-07
1575 150 1.83863e-07
1600 150 1.9054e-07
1625 150 1.97871e-07
1650 150 2.05933e-07
1675 150 2.14812e-07
1700 150 2.2461e-07
1725 150 2.35445e-07
1750 150 2.47457e-07
1775 150 2.60809e-07
1800 150 2.75697e-07
1825 150 2.92353e-07
1850 150 3.11057e-07
1875 150 3.32146e-07
1900 150 3.56032e-07
1925 150 3.83222e-07
1950 150 4.14342e-07
1975 150 4.50179e-07
2000 150 4.91727e-07
2025 150 5.40259e-07
2050 150 5.9743e-07
2075 150 6.6542e-07
2100 150 7.47153e-07
2125 150 8.46623e-07
2150 150 9.69418e-07
2175 150 1.12356e-06
2200 150 1.32093e-06
2225 150 1.57983e-06
2250 150 1.92986e-06
2275 150 2.42201e-06
2300 150 3.15272e-06
2325 150 4.33593e-06
2350 150 6.58432e-06
2375 150 1.13783e-05
2400 150 1.80126e-05
2425 150 1.46933e-05
2450 150 -1.02398e-05
2475 150 -3.79772e-05
2500 150 -4.14445e-05
2525 150 -2.68403e-05
2550 150 -1.49632e-05
2575 150 -1.40295e-05
2600 150 -2.09476e-05
2625 150 -1.43732e-05
2650 150 1.78416e-05
2675 150 3.91291e-05
2700 150 2.92706e-05
2725 150 1.1776e-05
2750 150 2.89066e-06
2775 150 4.6228e-07
2800 150 5.02825e-08
2825 150 3.83953e-09
2850 150 2.10988e-10
2875 150 8.51408e-12
2900 150 2.56614e-13
2925 150 5.86108e-15
2950 150 1.0273e-16
2975 150 1.39628e-18
0 175 0
25 175 -1.12245e-07
50 175 -2.28362e-07
75 175 -3.52575e-07
100 175 -4.89877e-07
125 175 -6.46587e-07
150 175 -8.31205e-07
175 175 -1.05578e-06
200 175 -1.33828e-06
225 175 -1.70707e-06
250 175 -2.20999e-06
275 175 -2.93527e-06
300 175 -4.07181e-06
325 175 -6.13799e-06
350 175 -1.0463e-05
375 175 -1.71783e-05
400 175 -1.69183e-05
425 175 3.92929e-06
450 175 3.33259e-05
475 175 4.23357e-05
500 175 2.95145e-05
525 175 1.49495e-05
550 175 8.72607e-06
575 175 9.53279e-06
600 175 1.65807e-05
625 175 2.14121e-05
650 175 3.3971e-07
675 175 -3.23605e-05
700 175 -3.67332e-05
725 175 -1.94258e-05
750 175 -5.85872e-06
775 175 -1.01058e-06
800 175 5.80465e-09
825 175 1.42154e-07
850 175 1.53523e-07
875 175 1.53232e-07
900 175 1.52367e-07
925 175 1.5167e-07
950 175 1.51174e-07
975 175 1.50878e-07
1000 175 1.50779e-07
1025 175 1.50878e-07
1050 175 1.51174e-07
1075 175 1.5167e-07
1100 175 1.52368e-07
1125 175 1.53272e-07
1150 175 1.54388e-07
1175 175 1.55721e-07
1200 175 1.57279e-07
1225 175 1.59072e-07
1250 175 1.6111e-07
1275 175 1.63406e-07
1300 175 1.65974e-07
1325 175 1.68831e-07
1350 175 1.71995e-07
1375 175 1.75487e-07
1400 175 1.79332e-07
1425 175 1.83558e-07
1450 175 1.88195e-07
1475 175 1.93279e-07
1500 175 1.98851e-07
1525 175 2.04958e-07
1550 175 2.11651e-07
1575 175 2.18992e-07
1600 175 2.2705e-07
1625 175 2.35906e-07
1650 175 2.45653e-07
1675 175 2.56398e-07
1700 175 2.68268e-07
1725 175 2.8141e-07
1750 175 2.95998e-07
1775 175 3.12236e-07
1800 175 3.3037e-07
1825 175 3.50691e-07
1850 175 3.73554e-07
1875 175 3.99386e-07
1900 175 4.28712e-07
1925 175 4.6218e-07
1950 175 5.00598e-07
1975 175 5.44984e-07
2000 175 5.96636e-07
2025 175 6.57229e-07
2050 175 7.2896e-07
2075 175 8.14755e-07
2100 175 9.18588e-07
2125 175 1.04597e-06
2150 175 1.20476e-06
2175 175 1.40647e-06
2200 175 1.66865e-06
2225 175 2.01931e-06
2250 175 2.50599e-06
2275 175 3.21668e-06
2300 175 4.34007e-06
2325 175 6.39439e-06
2350 175 1.07086e-05
2375 175 1.74142e-05
2400 175 1.71453e-05
2425 175 -3.7103e-06
2450 175 -3.31143e-05
2475 175 -4.21308e-05
2500 175 -2.93157e-05
2525 175 -1.47563e-05
2550 175 -8.53787e-06
2575 175 -9.34924e-06
2600 175 -1.64014e-05
2625 175 -2.12366e-05
2650 175 -1.67715e-07
2675 175 3.25293e-05
2700 175 3.68991e-05
2725 175 1.95892e-05
2750 175 6.01983e-06
2775 175 1.16966e-06
2800 175 1.51474e-07
2825 175 1.35661e-08
2850 175 8.6418e-10
2875 175 4.00441e-11
2900 175 1.37507e-12
2925 175 3.55457e-14
2950 175 7.01136e-16
2975 175 1.06704e-17
0 200 0
25 200 -1.38765e-07
50 200 -2.82672e-07
75 200 -4.37372e-07
100 200 -6.09641e-07
125 200 -8.08237e-07
150 200 -1.04523e-06
175 200 -1.33828e-06
200 200 -1.71475e-06
225 200 -2.22011e-06
250 200 -2.93671e-06
275 200 -4.03647e-06
300 200 -5.97521e-06
325 200 -9.94977e-06
350 200 -1.65259e-05
375 200 -1.82354e-05
400 200 -1.00068e-06
425 200 2.86475e-05
450 200 4.2319e-05
475 200 3.22142e-05
500 200 1.64471e-05
525 200 7.82586e-06
550 200 5.84824e-06
575 200 7.21066e-06
600 200 1.20833e-05
625 200 2.0877e-05
650 200 1.4617e-05
675 200 -1.81817e-05
700 200 -3.89288e-05
725 200 -2.82454e-05
750 200 -1.08986e-05
775 200 -2.44775e-06
800 200 -2.23873e-07
825 200 1.38667e-07
850 200 1.76761e-07
875 200 1.78441e-07
900 200 1.77537e-07
925 200 1.7672e-07
950 200 1.76136e-07
975 200 1.75787e-07
1000 200 1.7567e-07
1025 200 1.75787e-07
1050 200 1.76136e-07
1075 200 1.76721e-07
1100 200 1.77544e-07
1125 200 1.7861e-07
1150 200 1.79925e-07
1175 200 1.81497e-07
1200 200 1.83335e-07
1225 200 1.85451e-07
1250 200 1.87856e-07
1275 200 1.90567e-07
1300 200 1.93599e-07
1325 200 1.96974e-07
1350 200 2.00712e-07
1375 200 2.04841e-07
1400 200 2.09389e-07
1425 200 2.14389e-07
1450 200 2.19879e-07
1475 200 2.25902e-07
1500 200 2.32508e-07
1525 200 2.39751e-07
1550 200 2.47698e-07
1575 200 2.5642e-07
1600 200 2.66004e-07
1625 200 2.76546e-07
1650 200 2.88162e-07
1675 200 3.00982e-07
1700 200 3.15162e-07
1725 200 3.30884e-07
1750 200 3.48362e-07
1775 200 3.67851e-07
1800 200 3.89654e-07
1825 200 4.14139e-07
1850 200 4.41747e-07
1875 200 4.7302e-07
1900 200 5.08623e-07
1925 200 5.49382e-07
1950 200 5.96336e-07
1975 200 6.50803e-07
2000 200 7.14477e-07
2025 200 7.89568e-07
2050 200 8.79008e-07
2075 200 9.86754e-07
2100 200 1.11826e-06
2125 200 1.28126e-06
2150 200 1.48698e-06
2175 200 1.75242e-06
2200 200 2.10441e-06
2225 200 2.58796e-06
2250 200 3.28507e-06
2275 200 4.36736e-06
2300 200 6.29037e-06
2325 200 1.02508e-05
2350 200 1.6814e-05
2375 200 1.85119e-05
2400 200 1.26668e-06
2425 200 -2.83911e-05
2450 200 -4.20713e-05
2475 200 -3.19744e-05
2500 200 -1.62146e-05
2525 200 -7.59996e-06
2550 200 -5.62836e-06
2575 200 -6.99627e-06
2600 200 -1.1874e-05
2625 200 -2.06722e-05
2650 200 -1.44162e-05
2675 200 1.83787e-05
2700 200 3.91224e-05
2725 200 2.8436e-05
2750 200 1.10865e-05
2775 200 2.6332e-06
2800 200 4.07209e-07
2825 200 4.28303e-08
2850 200 3.16379e-09
2875 200 1.68295e-10
2900 200 6.57957e-12
2925 200 1.9231e-13
2950 200 4.26391e-15
2975 200 7.25644e-17
0 225 0
25 225 -1.71274e-07
50 225 -3.49453e-07
75 225 -5.42204e-07
100 225 -7.58893e-07
125 225 -1.01194e-06
150 225 -1.31902e-06
175 225 -1.70707e-06
200 225 -2.22011e-06
225 225 -2.93676e-06
250 225 -4.01822e-06
275 225 -5.88111e-06
300 225 -9.62223e-06
325 225 -1.60044e-05
350 225 -1.88962e-05
375 225 -4.52533e-06
400 225 2.45346e-05
425 225 4.17024e-05
450 225 3.4538e-05
475 225 1.84022e-05
500 225 8.05906e-06
525 225 4.67205e-06
550 225 4.61917e-06
575 225 5.95026e-06
600 225 9.02067e-06
625 225 1.67567e-05
650 225 2.14392e-05
675 225 -1.19862e-06
700 225 -3.35114e-05
725 225 -3.56925e-05
750 225 -1.78849e-05
775 225 -5.08276e-06
800 225 -7.70461e-07
825 225 8.74375e-08
850 225 1.96611e-07
875 225 2.04845e-07
900 225 2.04209e-07
925 225 2.03277e-07
950 225 2.02596e-07
975 225 2.02189e-07
1000 225 2.02054e-07
1025 225 2.02189e-07
1050 225 2.02596e-07
1075 225 2.03278e-07
1100 225 2.04237e-07
1125 225 2.0548e-07
1150 225 2.07014e-07
1175 225 2.08848e-07
1200 225 2.10993e-07
1225 225 2.13462e-07
1250 225 2.1627e-07
1275 225 2.19435e-07
1300 225 2.22978e-07
1325 225 2.26921e-07
1350 225 2.31292e-07
1375 225 2.36122e-07
1400 225 2.41444e-07
1425 225 2.47299e-07
1450 225 2.53733e-07
1475 225 2.60796e-07
1500 225 2.68547e-07
1525 225 2.77055e-07
1550 225 2.86396e-07
1575 225 2.9666e-07
1600 225 3.07949e-07
1625 225 3.20382e-07
1650 225 3.34098e-07
1675 225 3.49258e-07
1700 225 3.66051e-07
1725 225 3.84701e-07
1750 225 4.05471e-07
1775 225 4.28678e-07
1800 225 4.54698e-07
1825 225 4.83989e-07
1850 225 5.17107e-07
1875 225 5.54734e-07
1900 225 5.97716e-07
1925 225 6.47111e-07
1950 225 7.04258e-07
1975 225 7.70874e-07
2000 225 8.49188e-07
2025 225 9.42147e-07
2050 225 1.05371e-06
2075 225 1.18931e-06
2100 225 1.35661e-06
2125 225 1.56667e-06
2150 225 1.83613e-06
2175 225 2.19106e-06
2200 225 2.6748e-06
2225 225 3.36544e-06
2250 225 4.42369e-06
2275 225 6.26581e-06
2300 225 9.98828e-06
2325 225 1.63537e-05
2350 225 1.92303e-05
2375 225 4.84571e-06
2400 225 -2.42266e-05
2425 225 -4.14057e-05
2450 225 -3.42516e-05
2475 225 -1.81252e-05
2500 225 -7.79052e-06
2525 225 -4.41126e-06
2550 225 -4.36543e-06
2575 225 -5.70296e-06
2600 225 -8.77923e-06
2625 225 -1.65205e-05
2650 225 -2.12079e-05
2675 225 1.42554e-06
2700 225 3.37344e-05
2725 225 3.59119e-05
2750 225 1.81012e-05
2775 225 5.29622e-06
2800 225 9.81454e-07
2825 225 1.21411e-07
2850 225 1.04031e-08
2875 225 6.35033e-10
2900 225 2.82434e-11
2925 225 9.32369e-13
2950 225 2.32074e-14
2975 225 4.4101e-16
0 250 0
25 250 -2.12139e-07
50 250 -4.33726e-07
75 250 -6.7539e-07
100 250 -9.50427e-07
125 250 -1.27707e-06
150 250 -1.6824e-06
175 250 -2.20999e-06
200 250 -2.93671e-06
225 250 -4.01822e-06
250 250 -5.85033e-06
275 250 -9.46319e-06
300 250 -1.56759e-05
325 250 -1.91935e-05
350 250 -6.84967e-06
375 250 2.12805e-05
400 250 4.07906e-05
425 250 3.63138e-05
450 250 2.03478e-05
475 250 8.73001e-06
500 250 4.26494e-06
525 250 3.50831e-06
550 250 4.01504e-06
575 250 5.13823e-06
600 250 7.21131e-06
625 250 1.2459e-05
650 250 2.14373e-05
675 250 1.29525e-05
700 250 -2.11826e-05
725 250 -3.8872e-05
750 250 -2.59913e-05
775 250 -9.30971e-06
800 250 -1.88988e-06
825 250 -7.24057e-08
850 250 2.05091e-07
875 250 2.32025e-07
900 250 2.32639e-07
925 250 2.31633e-07
950 250 2.30849e-07
975 250 2.30378e-07
1000 250 2.30221e-07
1025 250 2.30378e-07
1050 250 2.30849e-07
1075 250 2.31638e-07
1100 250 2.32748e-07
1125 250 2.34187e-07
1150 250 2.35962e-07
1175 250 2.38086e-07
1200 250 2.4057e-07
1225 250 2.4343e-07
1250 250 2.46684e-07
1275 250 2.50353e-07
1300 250 2.54461e-07
1325 250 2.59037e-07
1350 250 2.64112e-07
1375 250 2.69721e-07
1400 250 2.75908e-07
1425 250 2.82718e-07
1450 250 2.90206e-07
1475 250 2.98434e-07
1500 250 3.07472e-07
1525 250 3.17401e-07
1550 250 3.28314e-07
1575 250 3.40319e-07
1600 250 3.5354e-07
1625 250 3.68121e-07
1650 250 3.84229e-07
1675 250 4.02063e-07
1700 250 4.21853e-07
1725 250 4.43873e-07
1750 250 4.68451e-07
1775 250 4.95976e-07
1800 250 5.26919e-07
1825 250 5.61853e-07
1850 250 6.01479e-07
1875 250 6.46662e-07
1900 250 6.98485e-07
1925 250 7.58314e-07
1950 250 8.27892e-07
1975 250 9.09483e-07
2000 250 1.00606e-06
2025 250 1.12162e-06
2050 250 1.26162e-06
2075 250 1.4337e-06
2100 250 1.64891e-06
2125 250 1.92373e-06
2150 250 2.28388e-06
2175 250 2.77184e-06
2200 250 3.46363e-06
2225 250 4.5142e-06
2250 250 6.31878e-06
2275 250 9.90706e-06
2300 250 1.60977e-05
2325 250 1.95955e-05
2350 250 7.2339e-06
2375 250 -2.09124e-05
2400 250 -4.0437e-05
2425 250 -3.59735e-05
2450 250 -2.00195e-05
2475 250 -8.41261e-06
2500 250 -3.95747e-06
2525 250 -3.20987e-06
2550 250 -3.72484e-06
2575 250 -4.85551e-06
2600 250 -6.9354e-06
2625 250 -1.21893e-05
2650 250 -2.11732e-05
2675 250 -1.26935e-05
2700 250 2.1437e-05
2725 250 3.91223e-05
2750 250 2.6238e-05
2775 250 9.55314e-06
2800 250 2.13045e-06
2825 250 3.10491e-07
2850 250 3.08717e-08
2875 250 2.16163e-09
2900 250 1.09271e-10
2925 250 4.06927e-12
2950 250 1.13546e-13
2975 250 2.40554e-15
0 275 0
25 275 -2.64926e-07
50 275 -5.4312e-07
75 275 -8.49766e-07
100 275 -1.20447e-06
125 275 -1.63532e-06
150 275 -2.18656e-06
175 275 -2.93527e-06
200 275 -4.03647e-06
225 275 -5.88111e-06
250 275 -9.46319e-06
275 275 -1.55643e-05
300 275 -1.93018e-05
325 275 -8.16034e-06
350 275 1.90506e-05
375 275 3.9893e-05
400 275 3.7541e-05
425 275 2.20305e-05
450 275 9.53118e-06
475 275 4.19871e-06
500 275 2.94568e-06
525 275 3.07128e-06
550 275 3.638e-06
575 275 4.55654e-06
600 275 6.10004e-06
625 275 9.41541e-06
650 275 1.77867e-05
675 275 2.07942e-05
700 275 -5.49032e-06
725 275 -3.57308e-05
750 275 -3.34706e-05
775 275 -1.52293e-05
800 275 -3.91097e-06
825 275 -4.50168e-07
850 275 1.84049e-07
875 275 2.58411e-07
900 275 2.6304e-07
925 275 2.62128e-07
950 275 2.61236e-07
975 275 2.60694e-07
1000 275 2.60513e-07
1025 275 2.60694e-07
1050 275 2.61236e-07
1075 275 2.62144e-07
1100 275 2.63423e-07
1125 275 2.6508e-07
1150 275 2.67125e-07
1175 275 2.69572e-07
1200 275 2.72435e-07
1225 275 2.75733e-07
1250 275 2.79486e-07
1275 275 2.8372e-07
1300 275 2.88464e-07
1325 275 2.93749e-07
1350 275 2.99614e-07
1375 275 3.06103e-07
1400 275 3.13263e-07
1425 275 3.21151e-07
1450 275 3.29833e-07
1475 275 3.3938e-07
1500 275 3.49879e-07
1525 275 3.61426e-07
1550 275 3.74133e-07
1575 275 3.88129e-07
1600 275 4.03566e-07
1625 275 4.20617e-07
1650 275 4.39488e-07
1675 275 4.60419e-07
1700 275 4.83695e-07
1725 275 5.09654e-07
1750 275 5.38701e-07
1775 275 5.71321e-07
1800 275 6.08106e-07
1825 275 6.49778e-07
1850 275 6.97228e-07
1875 275 7.51566e-07
1900 275 8.14192e-07
1925 275 8.86891e-07
1950 275 9.71972e-07
1975 275 1.07247e-06
2000 275 1.19243e-06
2025 275 1.33739e-06
2050 275 1.51509e-06
2075 275 1.73666e-06
2100 275 2.01866e-06
2125 275 2.38689e-06
2150 275 2.88379e-06
2175 275 3.58505e-06
2200 275 4.64458e-06
2225 275 6.45243e-06
2250 275 1.00019e-05
2275 275 1.6074e-05
2300 275 1.97855e-05
2325 275 8.62076e-06
2350 275 -1.86111e-05
2375 275 -3.94724e-05
2400 275 -3.71375e-05
2425 275 -2.16424e-05
2450 275 -9.15704e-06
2475 275 -3.83728e-06
2500 275 -2.59581e-06
2525 275 -2.7319e-06
2550 275 -3.30817e-06
2575 275 -4.23539e-06
2600 275 -5.78678e-06
2625 275 -9.10931e-06
2650 275 -1.7487e-05
2675 275 -2.05005e-05
2700 275 5.77878e-06
2725 275 3.60145e-05
2750 275 3.37501e-05
2775 275 1.5505e-05
2800 275 4.1834e-06
2825 275 7.1974e-07
2850 275 8.3076e-08
2875 275 6.66934e-09
2900 275 3.82802e-10
2925 275 1.60602e-11
2950 275 5.01593e-13
2975 275 1.18269e-14
0 300 0
25 300 -3.35225e-07
50 300 -6.8974e-07
75 300 -1.08614e-06
100 300 -1.55487e-06
125 300 -2.14234e-06
150 300 -2.92811e-06
175 300 -4.07181e-06
200 300 -5.97521e-06
225 300 -9.62223e-06
250 300 -1.56759e-05
275 300 -1.93018e-05
300 300 -8.58268e-06
325 300 1.7922e-05
350 300 3.92537e-05
375 300 3.829e-05
400 300 2.33054e-05
425 300 1.02754e-05
450 300 4.28464e-06
475 300 2.6486e-06
500 300 2.54261e-06
525 300 2.85507e-06
550 300 3.36385e-06
575 300 4.12248e-06
600 300 5.33632e-06
625 300 7.57573e-06
650 300 1.35604e-05
675 300 2.22387e-05
700 300 8.92988e-06
725 300 -2.62332e-05
750 300 -3.80719e-05
775 300 -2.23935e-05
800 300 -7.15515e-06
825 300 -1.21558e-06
850 300 9.72406e-08
875 300 2.79837e-07
900 300 2.95453e-07
925 300 2.95147e-07
950 300 2.9416e-07
975 300 2.93539e-07
1000 300 2.93332e-07
1025 300 2.93539e-07
1050 300 2.94162e-07
1075 300 2.95204e-07
1100 300 2.96673e-07
1125 300 2.98576e-07
1150 300 3.00926e-07
1175 300 3.03738e-07
1200 300 3.07029e-07
1225 300 3.10821e-07
1250 300 3.15139e-07
1275 300 3.20013e-07
1300 300 3.25476e-07
1325 300 3.31567e-07
1350 300 3.38331e-07
1375 300 3.45818e-07
1400 300 3.54089e-07
1425 300 3.63208e-07
1450 300 3.73255e-07
1475 300 3.84316e-07
1500 300 3.96493e-07
1525 300 4.09903e-07
1550 300 4.24681e-07
1575 300 4.40985e-07
1600 300 4.58995e-07
1625 300 4.78927e-07
1650 300 5.01031e-07
1675 300 5.25602e-07
1700 300 5.52992e-07
1725 300 5.83621e-07
1750 300 6.17995e-07
1775 300 6.56725e-07
1800 300 7.00559e-07
1825 300 7.50419e-07
1850 300 8.07452e-07
1875 300 8.73102e-07
1900 300 9.49207e-07
1925 300 1.03814e-06
1950 300 1.14302e-06
1975 300 1.26801e-06
2000 300 1.41878e-06
2025 300 1.60324e-06
2050 300 1.83276e-06
2075 300 2.12428e-06
2100 300 2.50408e-06
2125 300 3.01544e-06
2150 300 3.73557e-06
2175 300 4.82223e-06
2200 300 6.67577e-06
2225 300 1.0279e-05
2250 300 1.62939e-05
2275 300 1.98854e-05
2300 300 9.13567e-06
2325 300 -1.73964e-05
2350 300 -3.87527e-05
2375 300 -3.78111e-05
2400 300 -2.28464e-05
2425 300 -9.83443e-06
2450 300 -3.85996e-06
2475 300 -2.2387e-06
2500 300 -2.14612e-06
2525 300 -2.47076e-06
2550 300 -2.99059e-06
2575 300 -3.75927e-06
2600 300 -4.98223e-06
2625 300 -7.22991e-06
2650 300 -1.32221e-05
2675 300 -2.19072e-05
2700 300 -8.6044e-06
2725 300 2.65532e-05
2750 300 3.8387e-05
2775 300 2.27043e-05
2800 300 7.46218e-06
2825 300 1.51931e-06
2850 300 2.03685e-07
2875 300 1.87386e-08
2900 300 1.21991e-09
2925 300 5.75761e-11
2950 300 2.00941e-12
2975 300 5.26343e-14
0 325 0
25 325 -4.32237e-07
50 325 -8.93835e-07
75 325 -1.42033e-06
100 325 -2.0627e-06
125 325 -2.90608e-06
150 325 -4.12111e-06
175 325 -6.13799e-06
200 325 -9.94977e-06
225 325 -1.60044e-05
250 325 -1.91935e-05
275 325 -8.16034e-06
300 325 1.7922e-05
325 325 3.90237e-05
350 325 3.86401e-05
375 325 2.40943e-05
400 325 1.08374e-05
425 325 4.41404e-06
450 325 2.49478e-06
475 325 2.23012e-06
500 325 2.40032e-06
525 325 2.71295e-06
550 325 3.15444e-06
575 325 3.79213e-06
600 325 4.77515e-06
625 325 6.45148e-06
650 325 1.03229e-05
675 325 1.95837e-05
700 325 1.86025e-05
725 325 -1.25804e-05
750 325 -3.7878e-05
775 325 -2.96971e-05
800 325 -1.17943e-05
825 325 -2.59272e-06
850 325 -1.19262e-07
875 325 2.87004e-07
900 325 3.29435e-07
925 325 3.31115e-07
950 325 3.30101e-07
975 325 3.29394e-07
1000 325 3.29156e-07
1025 325 3.29394e-07
1050 325 3.30108e-07
1075 325 3.31304e-07
1100 325 3.32988e-07
1125 325 3.35172e-07
1150 325 3.37868e-07
1175 325 3.41096e-07
1200 325 3.44876e-07
1225 325 3.49233e-07
1250 325 3.54197e-07
1275 325 3.59802e-07
1300 325 3.66089e-07
1325 325 3.73104e-07
1350 325 3.809e-07
1375 325 3.89538e-07
1400 325 3.99088e-07
1425 325 4.0963e-07
1450 325 4.21256e-07
1475 325 4.34073e-07
1500 325 4.48202e-07
1525 325 4.63784e-07
1550 325 4.80985e-07
1575 325 4.99995e-07
1600 325 5.21037e-07
1625 325 5.44373e-07
1650 325 5.70312e-07
1675 325 5.99222e-07
1700 325 6.31541e-07
1725 325 6.67796e-07
1750 325 7.08625e-07
1775 325 7.54807e-07
1800 325 8.07301e-07
1825 325 8.67301e-07
1850 325 9.36308e-07
1875 325 1.01623e-06
1900 325 1.10954e-06
1925 325 1.21947e-06
1950 325 1.35033e-06
1975 325 1.50801e-06
2000 325 1.70072e-06
2025 325 1.94025e-06
2050 325 2.24417e-06
2075 325 2.6398e-06
2100 325 3.17224e-06
2125 325 3.92232e-06
2150 325 5.05742e-06
2175 325 7.00529e-06
2200 325 1.07571e-05
2225 325 1.67592e-05
2250 325 1.99021e-05
2275 325 8.82814e-06
2300 325 -1.72904e-05
2325 325 -3.84245e-05
2350 325 -3.80697e-05
2375 325 -2.35499e-05
2400 325 -1.03164e-05
2425 325 -3.91405e-06
2450 325 -2.0138e-06
2475 325 -1.76633e-06
2500 325 -1.95212e-06
2525 325 -2.27888e-06
2550 325 -2.73318e-06
2575 325 -3.3825e-06
2600 325 -4.37607e-06
2625 325 -6.06194e-06
2650 325 -9.94201e-06
2675 325 -1.92106e-05
2700 325 -1.82364e-05
2725 325 1.29402e-05
2750 325 3.82322e-05
2775 325 3.00463e-05
2800 325 1.21391e-05
2825 325 2.93382e-06
2850 325 4.57131e-07
2875 325 4.81681e-08
2900 325 3.55255e-09
2925 325 1.88331e-10
2950 325 7.33161e-12
2975 325 2.12926e-13
0 350 0
25 350 -5.72048e-07
50 350 -1.19165e-06
75 350 -1.91933e-06
100 350 -2.8509e-06
125 350 -4.17722e-06
150 350 -6.37838e-06
175 350 -1.0463e-05
200 350 -1.65259e-05
225 350 -1.88962e-05
250 350 -6.84967e-06
275 350 1.90506e-05
300 350 3.92537e-05
325 350 3.86401e-05
350 350 2.43607e-05
375 350 1.11378e-05
400 350 4.51813e-06
425 350 2.42072e-06
450 350 2.04682e-06
475 350 2.12735e-06
500 350 2.32937e-06
525 350 2.61007e-06
550 350 2.99424e-06
575 350 3.53872e-06
600 350 4.35423e-06
625 350 5.68696e-06
650 350 8.27478e-06
675 350 1.55706e-05
700 350 2.24938e-05
725 350 1.72199e-06
750 350 -3.21689e-05
775 350 -3.55485e-05
800 350 -1.76875e-05
825 350 -4.82301e-06
850 350 -5.64871e-07
875 350 2.61668e-07
900 350 3.63465e-07
925 350 3.70464e-07
950 350 3.69633e-07
975 350 3.68837e-07
1000 350 3.68565e-07
1025 350 3.68838e-07
1050 350 3.69657e-07
1075 350 3.71029e-07
1100 350 3.72962e-07
1125 350 3.75468e-07
1150 350 3.78564e-07
1175 350 3.82271e-07
1200 350 3.86614e-07
1225 350 3.91623e-07
1250 350 3.97332e-07
1275 350 4.03784e-07
1300 350 4.11026e-07
1325 350 4.19113e-07
1350 350 4.28108e-07
1375 350 4.38085e-07
1400 350 4.49127e-07
1425 350 4.6133e-07
1450 350 4.74807e-07
1475 350 4.89684e-07
1500 350 5.06111e-07
1525 350 5.2426e-07
1550 350 5.44332e-07
1575 350 5.6656e-07
1600 350 5.9122e-07
1625 350 6.18637e-07
1650 350 6.49197e-07
1675 350 6.83359e-07
1700 350 7.21678e-07
1725 350 7.64822e-07
1750 350 8.1361e-07
1775 350 8.69047e-07
1800 350 9.32388e-07
1825 350 1.00521e-06
1850 350 1.08951e-06
1875 350 1.18788e-06
1900 350 1.30371e-06
1925 350 1.44155e-06
1950 350 1.60757e-06
1975 350 1.81042e-06
2000 350 2.06253e-06
2025 350 2.38247e-06
2050 350 2.79922e-06
2075 350 3.36089e-06
2100 350 4.15462e-06
2125 350 5.3651e-06
2150 350 7.46789e-06
2175 350 1.14682e-05
2200 350 1.74583e-05
2225 350 1.97653e-05
2250 350 7.66328e-06
2275 350 -1.82858e-05
2300 350 -3.8532e-05
2325 350 -3.79567e-05
2350 350 -2.37115e-05
2375 350 -1.05192e-05
2400 350 -3.92691e-06
2425 350 -1.85416e-06
2450 350 -1.50249e-06
2475 350 -1.60309e-06
2500 350 -1.82326e-06
2525 350 -2.12039e-06
2550 350 -2.51943e-06
2575 350 -3.07739e-06
2600 350 -3.9051e-06
2625 350 -5.24888e-06
2650 350 -7.84667e-06
2675 350 -1.51515e-05
2700 350 -2.20828e-05
2725 350 -1.3182e-06
2750 350 3.25662e-05
2775 350 3.59401e-05
2800 350 1.80741e-05
2825 350 5.20528e-06
2850 350 9.43435e-07
2875 350 1.13799e-07
2900 350 9.49661e-09
2925 350 5.64543e-10
2950 350 2.44681e-11
2975 350 7.86241e-13
0 375 0
25 375 -7.85098e-07
50 375 -1.65435e-06
75 375 -2.72495e-06
100 375 -4.22352e-06
125 375 -6.70742e-06
150 375 -1.11804e-05
175 375 -1.71783e-05
200 375 -1.82354e-05
225 375 -4.52533e-06
250 375 2.12805e-05
275 375 3.9893e-05
300 375 3.829e-05
325 375 2.40943e-05
350 375 1.11378e-05
375 375 4.5572e-06
400 375 2.39164e-06
425 375 1.95025e-06
450 375 1.97046e-06
475 375 2.10241e-06
500 375 2.28898e-06
525 375 2.53769e-06
550 375 2.87456e-06
575 375 3.3455e-06
600 375 4.03571e-06
625 375 5.12449e-06
650 375 7.03627e-06
675 375 1.20133e-05
700 375 2.17723e-05
725 375 1.33777e-05
750 375 -2.18243e-05
775 375 -3.83214e-05
800 375 -2.42743e-05
825 375 -8.09375e-06
850 375 -1.37483e-06
875 375 1.7198e-07
900 375 3.93913e-07
925 375 4.1354e-07
950 375 4.13447e-07
975 375 4.12577e-07
1000 375 4.12267e-07
1025 375 4.1258e-07
1050 375 4.13522e-07
1075 375 4.15098e-07
1100 375 4.17319e-07
1125 375 4.202e-07
1150 375 4.23761e-07
1175 375 4.28027e-07
1200 375 4.33026e-07
1225 375 4.38795e-07
1250 375 4.45376e-07
1275 375 4.52818e-07
1300 375 4.61178e-07
1325 375 4.70523e-07
1350 375 4.80927e-07
1375 375 4.9248e-07
1400 375 5.05283e-07
1425 375 5.19452e-07
1450 375 5.35123e-07
1475 375 5.52452e-07
1500 375 5.71621e-07
1525 375 5.92842e-07
1550 375 6.16362e-07
1575 375 6.42472e-07
1600 375 6.71516e-07
1625 375 7.039e-07
1650 375 7.40113e-07
1675 375 7.8074e-07
1700 375 8.26488e-07
1725 375 8.78224e-07
1750 375 9.37013e-07
1775 375 1.00418e-06
1800 375 1.0814e-06
1825 375 1.1708e-06
1850 375 1.27512e-06
1875 375 1.39798e-06
1900 375 1.54421e-06
1925 375 1.7204e-06
1950 375 1.93579e-06
1975 375 2.20375e-06
2000 375 2.54428e-06
2025 375 2.98885e-06
2050 375 3.59015e-06
2075 375 4.44535e-06
2100 375 5.76773e-06
2125 375 8.10541e-06
2150 375 1.24555e-05
2175 375 1.83491e-05
2200 375 1.93168e-05
2225 375 5.52951e-06
2250 375 -2.03435e-05
2275 375 -3.90148e-05
2300 375 -3.74635e-05
2325 375 -2.33136e-05
2350 375 -1.03977e-05
2375 375 -3.8533e-06
2400 375 -1.72012e-06
2425 375 -1.30777e-06
2450 375 -1.35409e-06
2475 375 -1.50956e-06
2500 375 -1.71736e-06
2525 375 -1.98524e-06
2550 375 -2.33943e-06
2575 375 -2.82605e-06
2600 375 -3.53042e-06
2625 375 -4.63201e-06
2650 375 -6.55535e-06
2675 375 -1.15428e-05
2700 375 -2.13111e-05
2725 375 -1.29248e-05
2750 375 2.22696e-05
2775 375 3.87602e-05
2800 375 2.47074e-05
2825 375 8.52178e-06
2850 375 1.79859e-06
2875 375 2.4822e-07
2900 375 2.34064e-08
2925 375 1.55755e-09
2950 375 7.5006e-11
2975 375 2.66084e-12
0 400 0
25 400 -1.13585e-06
50 400 -2.44408e-06
75 400 -4.21932e-06
100 400 -7.13082e-06
125 400 -1.21033e-05
150 400 -1.7822e-05
175 400 -1.69183e-05
200 400 -1.00068e-06
225 400 2.45346e-05
250 400 4.07906e-05
275 400 3.7541e-05
300 400 2.33054e-05
325 400 1.08374e-05
350 400 4.51813e-06
375 400 2.39164e-06
400 400 1.92008e-06
425 400 1.89843e-06
450 400 1.98137e-06
475 400 2.10612e-06
500 400 2.27219e-06
525 400 2.4927e-06
550 400 2.78999e-06
575 400 3.20154e-06
600 400 3.79462e-06
625 400 4.70265e-06
650 400 6.22828e-06
675 400 9.53074e-06
700 400 1.85993e-05
725 400 2.05091e-05
750 400 -9.02726e-06
775 400 -3.69162e-05
800 400 -3.06011e-05
825 400 -1.24467e-05
850 400 -2.70701e-06
875 400 -3.18014e-08
900 400 4.13537e-07
925 400 4.60427e-07
950 400 4.62371e-07
975 400 4.6149e-07
1000 400 4.61137e-07
1025 400 4.61498e-07
1050 400 4.62583e-07
1075 400 4.64399e-07
1100 400 4.6696e-07
1125 400 4.70283e-07
1150 400 4.74391e-07
1175 400 4.79313e-07
1200 400 4.85087e-07
1225 400 4.91754e-07
1250 400 4.99364e-07
1275 400 5.07978e-07
1300 400 5.17664e-07
1325 400 5.28501e-07
1350 400 5.40583e-07
1375 400 5.54016e-07
1400 400 5.68923e-07
1425 400 5.85448e-07
1450 400 6.03757e-07
1475 400 6.24041e-07
1500 400 6.46528e-07
1525 400 6.71478e-07
1550 400 6.99204e-07
1575 400 7.30069e-07
1600 400 7.64508e-07
1625 400 8.03041e-07
1650 400 8.46292e-07
1675 400 8.95019e-07
1700 400 9.50146e-07
1725 400 1.01281e-06
1750 400 1.08444e-06
1775 400 1.16683e-06
1800 400 1.26225e-06
1825 400 1.37367e-06
1850 400 1.50498e-06
1875 400 1.6614e-06
1900 400 1.85009e-06
1925 400 2.08112e-06
1950 400 2.36912e-06
1975 400 2.73616e-06
2000 400 3.21728e-06
2025 400 3.87201e-06
2050 400 4.8132e-06
2075 400 6.30044e-06
2100 400 8.98091e-06
2125 400 1.37647e-05
2150 400 1.9327e-05
2175 400 1.82919e-05
2200 400 2.26293e-06
2225 400 -2.33678e-05
2250 400 -3.97061e-05
2275 400 -3.65282e-05
2300 400 -2.23552e-05
2325 400 -9.94242e-06
2350 400 -3.67184e-06
2375 400 -1.58859e-06
2400 400 -1.15557e-06
2425 400 -1.16836e-06
2450 400 -1.28216e-06
