0 0 0
25 0 0
50 0 0
75 0 0
100 0 0
125 0 0
150 0 0
175 0 0
200 0 0
225 0 0
250 0 0
275 0 0
300 0 0
325 0 0
350 0 0
375 0 0
400 0 0
425 0 0
450 0 0
475 0 0
500 0 0
525 0 0
550 0 0
575 0 0
600 0 0
625 0 0
650 0 0
675 0 0
700 0 0
725 0 0
750 0 0
775 0 0
800 0 0
825 0 0
850 0 0
875 0 0
900 0 0
925 0 0
950 0 0
975 0 0
1000 0 0
1025 0 0
1050 0 0
1075 0 0
1100 0 0
1125 0 0
1150 0 0
1175 0 0
1200 0 0
1225 0 0
1250 0 0
1275 0 0
1300 0 0
1325 0 0
1350 0 0
1375 0 0
1400 0 0
1425 0 0
1450 0 0
1475 0 0
1500 0 0
1525 0 0
1550 0 0
1575 0 0
1600 0 0
1625 0 0
1650 0 0
1675 0 0
1700 0 0
1725 0 0
1750 0 0
1775 0 0
1800 0 0
1825 0 0
1850 0 0
1875 0 0
1900 0 0
1925 0 0
1950 0 0
1975 0 0
2000 0 0
2025 0 0
2050 0 0
2075 0 0
2100 0 0
2125 0 0
2150 0 0
2175 0 0
2200 0 0
2225 0 0
2250 0 0
2275 0 0
2300 0 0
2325 0 0
2350 0 0
2375 0 0
2400 0 0
2425 0 0
2450 0 0
2475 0 0
2500 0 0
2525 0 0
2550 0 0
2575 0 0
2600 0 0
2625 0 0
2650 0 0
2675 0 0
2700 0 0
2725 0 0
2750 0 0
2775 0 0
2800 0 0
2825 0 0
2850 0 0
2875 0 0
2900 0 0
2925 0 0
2950 0 0
2975 0 0
0 25 0
25 25 1.41097e-05
50 25 2.95867e-05
75 25 3.2761e-05
100 25 6.47879e-06
125 25 -3.73648e-05
150 25 -6.00875e-05
175 25 -4.40386e-05
200 25 -1.16068e-05
225 25 9.40187e-06
250 25 1.36561e-05
275 25 1.02006e-05
300 25 6.36892e-06
325 25 4.04716e-06
350 25 2.80685e-06
375 25 2.09898e-06
400 25 1.65011e-06
425 25 1.34292e-06
450 25 1.12192e-06
475 25 9.57118e-07
500 25 8.30807e-07
525 25 7.31851e-07
550 25 6.52925e-07
575 25 5.89043e-07
600 25 5.36702e-07
625 25 4.93385e-07
650 25 4.57242e-07
675 25 4.26891e-07
700 25 4.01283e-07
725 25 3.79612e-07
750 25 3.61249e-07
775 25 3.45704e-07
800 25 3.32588e-07
825 25 3.21594e-07
850 25 3.12478e-07
875 25 3.05048e-07
900 25 2.99154e-07
925 25 2.94681e-07
950 25 2.91543e-07
975 25 2.89684e-07
1000 25 2.89068e-07
1025 25 2.89684e-07
1050 25 2.91543e-07
1075 25 2.94681e-07
1100 25 2.99154e-07
1125 25 3.05048e-07
1150 25 3.12478e-07
1175 25 3.21594e-07
1200 25 3.32588e-07
1225 25 3.45704e-07
1250 25 3.61249e-07
1275 25 3.79612e-07
1300 25 4.01283e-07
1325 25 4.26891e-07
1350 25 4.57242e-07
1375 25 4.93385e-07
1400 25 5.36702e-07
1425 25 5.89043e-07
1450 25 6.52925e-07
1475 25 7.31851e-07
1500 25 8.30807e-07
1525 25 9.57118e-07
1550 25 1.12192e-06
1575 25 1.34292e-06
1600 25 1.65011e-06
1625 25 2.09898e-06
1650 25 2.80685e-06
1675 25 4.04716e-06
1700 25 6.36892e-06
1725 25 1.02006e-05
1750 25 1.36561e-05
1775 25 9.40187e-06
1800 25 -1.16068e-05
1825 25 -4.40386e-05
1850 25 -6.00875e-05
1875 25 -3.73648e-05
1900 25 6.4803e-06
1925 25 3.27804e-05
1950 25 2.97633e-05
1975 25 1.52432e-05
2000 25 5.04881e-06
2025 25 1.13354e-06
2050 25 1.76584e-07
2075 25 1.93722e-08
2100 25 1.51364e-09
2125 25 8.50486e-11
2150 25 3.4668e-12
2175 25 1.0337e-13
2200 25 2.27243e-15
2225 25 3.71106e-17
2250 25 4.53486e-19
2275 25 4.17546e-21
2300 25 2.91611e-23
2325 25 1.55458e-25
2350 25 6.36422e-28
2375 25 2.0123e-30
2400 25 4.94103e-33
2425 25 9.47019e-36
2450 25 1.42376e-38
2475 25 1.68681e-41
2500 25 1.58177e-44
2525 25 1.17888e-47
2550 25 7.01056e-51
2575 25 3.33887e-54
2600 25 1.27801e-57
2625 25 3.9446e-61
2650 25 9.84844e-65
2675 25 1.99489e-68
2700 25 3.28763e-72
2725 25 4.41989e-76
2750 25 4.85962e-80
2775 25 4.38016e-84
2800 25 3.24381e-88
2825 25 1.978e-92
2850 25 9.95137e-97
2875 25 4.1386e-101
2900 25 1.42536e-105
2925 25 4.07231e-110
2950 25 9.66729e-115
2975 25 1.90977e-119
0 50 0
25 50 2.95867e-05
50 50 4.56758e-05
75 50 3.23742e-05
100 50 -6.92706e-06
125 50 -4.70893e-05
150 50 -6.80971e-05
175 50 -6.45278e-05
200 50 -4.00481e-05
225 50 -8.56061e-06
250 50 1.29788e-05
275 50 1.8943e-05
300 50 1.55942e-05
325 50 1.05504e-05
350 50 6.97958e-06
375 50 4.9176e-06
400 50 3.71856e-06
425 50 2.95698e-06
450 50 2.43326e-06
475 50 2.05359e-06
500 50 1.7682e-06
525 50 1.54781e-06
550 50 1.37398e-06
575 50 1.2345e-06
600 50 1.12104e-06
625 50 1.02768e-06
650 50 9.50165e-07
675 50 8.85333e-07
700 50 8.30819e-07
725 50 7.84819e-07
750 50 7.45938e-07
775 50 7.13091e-07
800 50 6.85427e-07
825 50 6.62272e-07
850 50 6.43098e-07
875 50 6.27486e-07
900 50 6.15112e-07
925 50 6.05726e-07
950 50 5.99147e-07
975 50 5.95248e-07
1000 50 5.93957e-07
1025 50 5.95248e-07
1050 50 5.99147e-07
1075 50 6.05726e-07
1100 50 6.15112e-07
1125 50 6.27486e-07
1150 50 6.43098e-07
1175 50 6.62272e-07
1200 50 6.85427e-07
1225 50 7.13091e-07
1250 50 7.45938e-07
1275 50 7.84819e-07
1300 50 8.30819e-07
1325 50 8.85333e-07
1350 50 9.50165e-07
1375 50 1.02768e-06
1400 50 1.12104e-06
1425 50 1.2345e-06
1450 50 1.37398e-06
1475 50 1.54781e-06
1500 50 1.7682e-06
1525 50 2.05359e-06
1550 50 2.43326e-06
1575 50 2.95698e-06
1600 50 3.71856e-06
1625 50 4.9176e-06
1650 50 6.97958e-06
1675 50 1.05504e-05
1700 50 1.55942e-05
1725 50 1.8943e-05
1750 50 1.29788e-05
1775 50 -8.56061e-06
1800 50 -4.00481e-05
1825 50 -6.45278e-05
1850 50 -6.8097e-05
1875 50 -4.70882e-05
1900 50 -6.91207e-06
1925 50 3.25222e-05
1950 50 4.67007e-05
1975 50 3.44939e-05
2000 50 1.59808e-05
2025 50 4.90719e-06
2050 50 1.02494e-06
2075 50 1.48062e-07
2100 50 1.4987e-08
2125 50 1.07496e-09
2150 50 5.52009e-11
2175 50 2.04903e-12
2200 50 5.54825e-14
2225 50 1.10541e-15
2250 50 1.63389e-17
2275 50 1.80571e-19
2300 50 1.50318e-21
2325 50 9.4921e-24
2350 50 4.57701e-26
2375 50 1.69587e-28
2400 50 4.857e-31
2425 50 1.08127e-33
2450 50 1.88096e-36
2475 50 2.56961e-39
2500 50 2.76969e-42
2525 50 2.3659e-45
2550 50 1.60833e-48
2575 50 8.73531e-52
2600 50 3.80471e-55
2625 50 1.33362e-58
2650 50 3.77437e-62
2675 50 8.65217e-66
2700 50 1.61122e-69
2725 50 2.44429e-73
2750 50 3.02875e-77
2775 50 3.07308e-81
2800 50 2.55924e-85
2825 50 1.75325e-89
2850 50 9.90123e-94
2875 50 4.61866e-98
2900 50 1.78298e-102
2925 50 5.70626e-107
2950 50 1.51659e-111
2975 50 3.35263e-116
0 75 0
25 75 3.2761e-05
50 75 3.23742e-05
75 75 3.56877e-06
100 75 -2.29443e-05
125 75 -3.44381e-05
150 75 -4.20907e-05
175 75 -5.23022e-05
200 75 -5.58375e-05
225 75 -4.23369e-05
250 75 -1.57437e-05
275 75 8.65222e-06
300 75 2.00561e-05
325 75 1.97481e-05
350 75 1.47902e-05
375 75 1.01559e-05
400 75 7.1442e-06
425 75 5.35869e-06
450 75 4.25035e-06
475 75 3.50333e-06
500 75 2.96679e-06
525 75 2.56495e-06
550 75 2.25499e-06
575 75 2.01054e-06
600 75 1.81435e-06
625 75 1.65469e-06
650 75 1.52331e-06
675 75 1.41424e-06
700 75 1.32311e-06
725 75 1.24661e-06
750 75 1.18224e-06
775 75 1.12806e-06
800 75 1.08258e-06
825 75 1.04461e-06
850 75 1.01324e-06
875 75 9.87751e-07
900 75 9.67574e-07
925 75 9.52288e-07
950 75 9.41582e-07
975 75 9.35241e-07
1000 75 9.33141e-07
1025 75 9.35241e-07
1050 75 9.41582e-07
1075 75 9.52288e-07
1100 75 9.67574e-07
1125 75 9.87751e-07
1150 75 1.01324e-06
1175 75 1.04461e-06
1200 75 1.08258e-06
1225 75 1.12806e-06
1250 75 1.18224e-06
1275 75 1.24661e-06
1300 75 1.32311e-06
1325 75 1.41424e-06
1350 75 1.52331e-06
1375 75 1.65469e-06
1400 75 1.81435e-06
1425 75 2.01054e-06
1450 75 2.25499e-06
1475 75 2.56495e-06
1500 75 2.96679e-06
1525 75 3.50333e-06
1550 75 4.25035e-06
1575 75 5.35869e-06
1600 75 7.1442e-06
1625 75 1.01559e-05
1650 75 1.47902e-05
1675 75 1.97481e-05
1700 75 2.00561e-05
1725 75 8.65222e-06
1750 75 -1.57437e-05
1775 75 -4.23369e-05
1800 75 -5.58375e-05
1825 75 -5.23022e-05
1850 75 -4.20901e-05
1875 75 -3.44278e-05
1900 75 -2.28331e-05
1925 75 4.40337e-06
1950 75 3.66658e-05
1975 75 4.76097e-05
2000 75 3.36607e-05
2025 75 1.48487e-05
2050 75 4.29162e-06
2075 75 8.34593e-07
2100 75 1.11244e-07
2125 75 1.03151e-08
2150 75 6.74009e-10
2175 75 3.13991e-11
2200 75 1.05418e-12
2225 75 2.57647e-14
2250 75 4.62746e-16
2275 75 6.16183e-18
2300 75 6.13386e-20
2325 75 4.60047e-22
2350 75 2.61878e-24
2375 75 1.13922e-26
2400 75 3.81184e-29
2425 75 9.86992e-32
2450 75 1.98892e-34
2475 75 3.13596e-37
2500 75 3.88827e-40
2525 75 3.80915e-43
2550 75 2.96154e-46
2575 75 1.83503e-49
2600 75 9.09735e-53
2625 75 3.62199e-56
2650 75 1.16214e-59
2675 75 3.01499e-63
2700 75 6.34418e-67
2725 75 1.08594e-70
2750 75 1.51629e-74
2775 75 1.73156e-78
2800 75 1.62125e-82
2825 75 1.24748e-86
2850 75 7.90574e-91
2875 75 4.13511e-95
2900 75 1.78863e-99
2925 75 6.40989e-104
2950 75 1.90653e-108
2975 75 4.71431e-113
0 100 0
25 100 6.47879e-06
50 100 -6.92706e-06
75 100 -2.29443e-05
100 100 -2.47744e-05
125 100 -1.97965e-05
150 100 -1.95048e-05
175 100 -2.77588e-05
200 100 -4.16462e-05
225 100 -5.17818e-05
250 100 -4.7412e-05
275 100 -2.69784e-05
300 100 -1.26903e-06
325 100 1.65948e-05
350 100 2.20709e-05
375 100 1.93028e-05
400 100 1.42423e-05
425 100 1.01023e-05
450 100 7.43611e-06
475 100 5.79905e-06
500 100 4.739e-06
525 100 4.00004e-06
550 100 3.45582e-06
575 100 3.04023e-06
600 100 2.71466e-06
625 100 2.45467e-06
650 100 2.24393e-06
675 100 2.07115e-06
700 100 1.92823e-06
725 100 1.80928e-06
750 100 1.7099e-06
775 100 1.62676e-06
800 100 1.55731e-06
825 100 1.49958e-06
850 100 1.45205e-06
875 100 1.41353e-06
900 100 1.38312e-06
925 100 1.36012e-06
950 100 1.34403e-06
975 100 1.33451e-06
1000 100 1.33136e-06
1025 100 1.33451e-06
1050 100 1.34403e-06
1075 100 1.36012e-06
1100 100 1.38312e-06
1125 100 1.41353e-06
1150 100 1.45205e-06
1175 100 1.49958e-06
1200 100 1.55731e-06
1225 100 1.62676e-06
1250 100 1.7099e-06
1275 100 1.80928e-06
1300 100 1.92823e-06
1325 100 2.07115e-06
1350 100 2.24393e-06
1375 100 2.45467e-06
1400 100 2.71466e-06
1425 100 3.04023e-06
1450 100 3.45582e-06
1475 100 4.00004e-06
1500 100 4.739e-06
1525 100 5.79905e-06
1550 100 7.43611e-06
1575 100 1.01023e-05
1600 100 1.42423e-05
1625 100 1.93028e-05
1650 100 2.20709e-05
1675 100 1.65948e-05
1700 100 -1.26903e-06
1725 100 -2.69784e-05
1750 100 -4.7412e-05
1775 100 -5.17818e-05
1800 100 -4.16462e-05
1825 100 -2.77584e-05
1850 100 -1.94985e-05
1875 100 -1.9721e-05
1900 100 -2.41523e-05
1925 100 -1.94554e-05
1950 100 6.12163e-06
1975 100 3.81029e-05
2000 100 4.72308e-05
2025 100 3.16241e-05
2050 100 1.30487e-05
2075 100 3.48891e-06
2100 100 6.22022e-07
2125 100 7.54715e-08
2150 100 6.33591e-09
2175 100 3.73348e-10
2200 100 1.56418e-11
2225 100 4.71453e-13
2250 100 1.03342e-14
2275 100 1.66406e-16
2300 100 1.98687e-18
2325 100 1.77441e-20
2350 100 1.19492e-22
2375 100 6.11366e-25
2400 100 2.39335e-27
2425 100 7.21627e-30
2450 100 1.68614e-32
2475 100 3.07077e-35
2500 100 4.38247e-38
2525 100 4.92608e-41
2550 100 4.38179e-44
2575 100 3.09814e-47
2600 100 1.7485e-50
2625 100 7.90766e-54
2650 100 2.87642e-57
2675 100 8.4448e-61
2700 100 2.00761e-64
2725 100 3.87669e-68
2750 100 6.09814e-72
2775 100 7.83573e-76
2800 100 8.24574e-80
2825 100 7.12375e-84
2850 100 5.06426e-88
2875 100 2.96892e-92
2900 100 1.43829e-96
2925 100 5.76901e-101
2950 100 1.91937e-105
2975 100 5.30606e-110
0 125 0
25 125 -3.73648e-05
50 125 -4.70893e-05
75 125 -3.44381e-05
100 125 -1.97965e-05
125 125 -1.18824e-05
150 125 -9.55388e-06
175 125 -1.18327e-05
200 125 -1.97774e-05
225 125 -3.31119e-05
250 125 -4.64557e-05
275 125 -5.03255e-05
300 125 -3.87122e-05
325 125 -1.58232e-05
350 125 6.81033e-06
375 125 2.00191e-05
400 125 2.26797e-05
425 125 1.92457e-05
450 125 1.4431e-05
475 125 1.05699e-05
500 125 8.02046e-06
525 125 6.40515e-06
550 125 5.33485e-06
575 125 4.57695e-06
600 125 4.01183e-06
625 125 3.57591e-06
650 125 3.23173e-06
675 125 2.95528e-06
700 125 2.73038e-06
725 125 2.54571e-06
750 125 2.39313e-06
775 125 2.26666e-06
800 125 2.16183e-06
825 125 2.07526e-06
850 125 2.00435e-06
875 125 1.94713e-06
900 125 1.90211e-06
925 125 1.86816e-06
950 125 1.84445e-06
975 125 1.83044e-06
1000 125 1.82581e-06
1025 125 1.83044e-06
1050 125 1.84445e-06
1075 125 1.86816e-06
1100 125 1.90211e-06
1125 125 1.94713e-06
1150 125 2.00435e-06
1175 125 2.07526e-06
1200 125 2.16183e-06
1225 125 2.26666e-06
1250 125 2.39313e-06
1275 125 2.54571e-06
1300 125 2.73038e-06
1325 125 2.95528e-06
1350 125 3.23173e-06
1375 125 3.57591e-06
1400 125 4.01183e-06
1425 125 4.57695e-06
1450 125 5.33485e-06
1475 125 6.40515e-06
1500 125 8.02046e-06
1525 125 1.05699e-05
1550 125 1.4431e-05
1575 125 1.92457e-05
1600 125 2.26797e-05
1625 125 2.00191e-05
1650 125 6.81033e-06
1675 125 -1.58232e-05
1700 125 -3.87122e-05
1725 125 -5.03255e-05
1750 125 -4.64557e-05
1775 125 -3.31119e-05
1800 125 -1.97773e-05
1825 125 -1.18292e-05
1850 125 -9.50789e-06
1875 125 -1.14604e-05
1900 125 -1.71749e-05
1925 125 -2.36465e-05
1950 125 -1.85271e-05
1975 125 8.86267e-06
2000 125 4.04644e-05
2025 125 4.62275e-05
2050 125 2.85622e-05
2075 125 1.07916e-05
2100 125 2.62159e-06
2125 125 4.21932e-07
2150 125 4.5989e-08
2175 125 3.45619e-09
2200 125 1.81894e-10
2225 125 6.7972e-12
2250 125 1.82631e-13
2275 125 3.56886e-15
2300 125 5.12579e-17
2325 125 5.46365e-19
2350 125 4.36102e-21
2375 125 2.62834e-23
2400 125 1.20533e-25
2425 125 4.23614e-28
2450 125 1.14859e-30
2475 125 2.41755e-33
2500 125 3.97302e-36
2525 125 5.12555e-39
2550 125 5.2171e-42
2575 125 4.20956e-45
2600 125 2.70449e-48
2625 125 1.38925e-51
2650 125 5.72805e-55
2675 125 1.90265e-58
2700 125 5.10893e-62
2725 125 1.11256e-65
2750 125 1.97091e-69
2775 125 2.84839e-73
2800 125 3.36745e-77
2825 125 3.26495e-81
2850 125 2.60238e-85
2875 125 1.7091e-89
2900 125 9.26823e-94
2925 125 4.15849e-98
2950 125 1.54672e-102
2975 125 4.77756e-107
0 150 0
25 150 -6.00875e-05
50 150 -6.80971e-05
75 150 -4.20907e-05
100 150 -1.95048e-05
125 150 -9.55388e-06
150 150 -6.36555e-06
175 150 -5.86954e-06
200 150 -7.81131e-06
225 150 -1.37524e-05
250 150 -2.47991e-05
275 150 -3.87173e-05
300 150 -4.8737e-05
325 150 -4.71842e-05
350 150 -3.20468e-05
375 150 -9.60487e-06
400 150 1.02631e-05
425 150 2.12118e-05
450 150 2.32101e-05
475 150 2.00437e-05
500 150 1.55376e-05
525 150 1.17281e-05
550 150 9.07543e-06
575 150 7.33785e-06
600 150 6.17543e-06
625 150 5.35311e-06
650 150 4.74031e-06
675 150 4.26711e-06
700 150 3.89325e-06
725 150 3.59324e-06
750 150 3.34989e-06
775 150 3.15117e-06
800 150 2.98843e-06
825 150 2.85536e-06
850 150 2.74725e-06
875 150 2.6606e-06
900 150 2.59277e-06
925 150 2.54182e-06
950 150 2.50635e-06
975 150 2.48543e-06
1000 150 2.47852e-06
1025 150 2.48543e-06
1050 150 2.50635e-06
1075 150 2.54182e-06
1100 150 2.59277e-06
1125 150 2.6606e-06
1150 150 2.74725e-06
1175 150 2.85536e-06
1200 150 2.98843e-06
1225 150 3.15117e-06
1250 150 3.34989e-06
1275 150 3.59324e-06
1300 150 3.89325e-06
1325 150 4.26711e-06
1350 150 4.74031e-06
1375 150 5.35311e-06
1400 150 6.17543e-06
1425 150 7.33785e-06
1450 150 9.07543e-06
1475 150 1.17281e-05
1500 150 1.55376e-05
1525 150 2.00437e-05
1550 150 2.32101e-05
1575 150 2.12118e-05
1600 150 1.02631e-05
1625 150 -9.60487e-06
1650 150 -3.20468e-05
1675 150 -4.71842e-05
1700 150 -4.8737e-05
1725 150 -3.87173e-05
1750 150 -2.47991e-05
1775 150 -1.37523e-05
1800 150 -7.80964e-06
1825 150 -5.84452e-06
1850 150 -6.10688e-06
1875 150 -7.7471e-06
1900 150 -1.11757e-05
1925 150 -1.75158e-05
1950 150 -2.39025e-05
1975 150 -1.66745e-05
2000 150 1.34658e-05
2025 150 4.34129e-05
2050 150 4.41946e-05
2075 150 2.45749e-05
2100 150 8.32913e-06
2125 150 1.80678e-06
2150 150 2.58673e-07
2175 150 2.5013e-08
2200 150 1.66499e-09
2225 150 7.75578e-11
2250 150 2.56529e-12
2275 150 6.10423e-14
2300 150 1.05748e-15
2325 150 1.34825e-17
2350 150 1.27772e-19
2375 150 9.08312e-22
2400 150 4.88456e-24
2425 150 2.00254e-26
2450 150 6.30415e-29
2475 150 1.53413e-31
2500 150 2.90386e-34
2525 150 4.30006e-37
2550 150 5.00834e-40
2575 150 4.61117e-43
2600 150 3.3718e-46
2625 150 1.96676e-49
2650 150 9.18884e-53
2675 150 3.45196e-56
2700 150 1.04649e-59
2725 150 2.56885e-63
2750 150 5.12232e-67
2775 150 8.32188e-71
2800 150 1.10466e-74
2825 150 1.20129e-78
2850 150 1.07291e-82
2875 150 7.88863e-87
2900 150 4.78556e-91
2925 150 2.40031e-95
2950 150 9.97395e-100
2975 150 3.43988e-104
0 175 0
25 175 -4.40386e-05
50 175 -6.45278e-05
75 175 -5.23022e-05
100 175 -2.77588e-05
125 175 -1.18327e-05
150 175 -5.86954e-06
175 175 -4.20401e-06
200 175 -3.99973e-06
225 175 -5.19768e-06
250 175 -9.0684e-06
275 175 -1.71219e-05
300 175 -2.92959e-05
325 175 -4.20841e-05
350 175 -4.90387e-05
375 175 -4.47108e-05
400 175 -2.91046e-05
425 175 -8.21079e-06
450 175 1.00865e-05
475 175 2.08575e-05
500 175 2.38349e-05
525 175 2.17581e-05
550 175 1.77743e-05
575 175 1.39164e-05
600 175 1.09522e-05
625 175 8.8926e-06
650 175 7.49316e-06
675 175 6.51621e-06
700 175 5.80228e-06
725 175 5.2588e-06
750 175 4.83346e-06
775 175 4.49517e-06
800 175 4.22383e-06
825 175 4.00566e-06
850 175 3.83082e-06
875 175 3.69219e-06
900 175 3.58459e-06
925 175 3.50429e-06
950 175 3.44865e-06
975 175 3.41593e-06
1000 175 3.40513e-06
1025 175 3.41593e-06
1050 175 3.44865e-06
1075 175 3.50429e-06
1100 175 3.58459e-06
1125 175 3.69219e-06
1150 175 3.83082e-06
1175 175 4.00566e-06
1200 175 4.22383e-06
1225 175 4.49517e-06
1250 175 4.83346e-06
1275 175 5.2588e-06
1300 175 5.80228e-06
1325 175 6.51621e-06
1350 175 7.49316e-06
1375 175 8.8926e-06
1400 175 1.09522e-05
1425 175 1.39164e-05
1450 175 1.77743e-05
1475 175 2.17581e-05
1500 175 2.38349e-05
1525 175 2.08575e-05
1550 175 1.00865e-05
1575 175 -8.21079e-06
1600 175 -2.91046e-05
1625 175 -4.47108e-05
1650 175 -4.90387e-05
1675 175 -4.20841e-05
1700 175 -2.92959e-05
1725 175 -1.71219e-05
1750 175 -9.06837e-06
1775 175 -5.19698e-06
1800 175 -3.98767e-06
1825 175 -4.0618e-06
1850 175 -4.73755e-06
1875 175 -5.89309e-06
1900 175 -7.84263e-06
1925 175 -1.15761e-05
1950 175 -1.83571e-05
1975 175 -2.41519e-05
2000 175 -1.33663e-05
2025 175 1.98867e-05
2050 175 4.61707e-05
2075 175 4.07261e-05
2100 175 1.99162e-05
2125 175 5.93959e-06
2150 175 1.13199e-06
2175 175 1.42204e-07
2200 175 1.20588e-08
2225 175 7.04045e-10
2250 175 2.87876e-11
2275 175 8.36868e-13
2300 175 1.75307e-14
2325 175 2.67858e-16
2350 175 3.0183e-18
2375 175 2.53359e-20
2400 175 1.59891e-22
2425 175 7.65061e-25
2450 175 2.79723e-27
2475 175 7.8712e-30
2500 175 1.71601e-32
2525 175 2.91637e-35
2550 175 3.88589e-38
2575 175 4.08111e-41
2600 175 3.39515e-44
2625 175 2.24774e-47
2650 175 1.18937e-50
2675 175 5.05048e-54
2700 175 1.72758e-57
2725 175 4.77729e-61
2750 175 1.07155e-64
2775 175 1.95565e-68
2800 175 2.91272e-72
2825 175 3.55012e-76
2850 175 3.55024e-80
2875 175 2.92018e-84
2900 175 1.98019e-88
2925 175 1.10943e-92
2950 175 5.1461e-97
2975 175 1.98011e-101
0 200 0
25 200 -1.16068e-05
50 200 -4.00481e-05
75 200 -5.58375e-05
100 200 -4.16462e-05
125 200 -1.97774e-05
150 200 -7.81131e-06
175 200 -3.99973e-06
200 200 -3.04755e-06
225 200 -2.89441e-06
250 200 -3.4936e-06
275 200 -5.68967e-06
300 200 -1.08094e-05
325 200 -1.98178e-05
350 200 -3.18471e-05
375 200 -4.32446e-05
400 200 -4.86795e-05
425 200 -4.42593e-05
450 200 -3.03338e-05
475 200 -1.15145e-05
500 200 6.10704e-06
525 200 1.81994e-05
550 200 2.36417e-05
575 200 2.38518e-05
600 200 2.11786e-05
625 200 1.76198e-05
650 200 1.43336e-05
675 200 1.17451e-05
700 200 9.85747e-06
725 200 8.51711e-06
750 200 7.55856e-06
775 200 6.85579e-06
800 200 6.32595e-06
825 200 5.9179e-06
850 200 5.60035e-06
875 200 5.35365e-06
900 200 5.16495e-06
925 200 5.02561e-06
950 200 4.92979e-06
975 200 4.87372e-06
1000 200 4.85526e-06
1025 200 4.87372e-06
1050 200 4.92979e-06
1075 200 5.02561e-06
1100 200 5.16495e-06
1125 200 5.35365e-06
1150 200 5.60035e-06
1175 200 5.9179e-06
1200 200 6.32595e-06
1225 200 6.85579e-06
1250 200 7.55856e-06
1275 200 8.51711e-06
1300 200 9.85747e-06
1325 200 1.17451e-05
1350 200 1.43336e-05
1375 200 1.76198e-05
1400 200 2.11786e-05
1425 200 2.38518e-05
1450 200 2.36417e-05
1475 200 1.81994e-05
1500 200 6.10704e-06
1525 200 -1.15145e-05
1550 200 -3.03338e-05
1575 200 -4.42593e-05
1600 200 -4.86795e-05
1625 200 -4.32446e-05
1650 200 -3.18471e-05
1675 200 -1.98178e-05
1700 200 -1.08094e-05
1725 200 -5.68966e-06
1750 200 -3.49334e-06
1775 200 -2.8893e-06
1800 200 -2.97804e-06
1825 200 -3.36127e-06
1850 200 -3.94144e-06
1875 200 -4.76887e-06
1900 200 -6.01727e-06
1925 200 -8.13966e-06
1950 200 -1.23029e-05
1975 200 -1.96267e-05
2000 200 -2.40148e-05
2025 200 -8.01986e-06
2050 200 2.77452e-05
2075 200 4.76979e-05
2100 200 3.5629e-05
2125 200 1.50086e-05
2150 200 3.86987e-06
2175 200 6.38462e-07
2200 200 6.95062e-08
2225 200 5.11504e-09
2250 200 2.59634e-10
2275 200 9.24942e-12
2300 200 2.34828e-13
2325 200 4.30714e-15
2350 200 5.77764e-17
2375 200 5.73117e-19
2400 200 4.24658e-21
2425 200 2.37207e-23
2450 200 1.0073e-25
2475 200 3.27713e-28
2500 200 8.22661e-31
2525 200 1.60398e-33
2550 200 2.44383e-36
2575 200 2.92611e-39
2600 200 2.76781e-42
2625 200 2.07841e-45
2650 200 1.24467e-48
2675 200 5.96971e-52
2700 200 2.30228e-55
2725 200 7.16616e-59
2750 200 1.80657e-62
2775 200 3.70074e-66
2800 200 6.17904e-70
2825 200 8.43354e-74
2850 200 9.43487e-78
2875 200 8.67383e-82
2900 200 6.56871e-86
2925 200 4.10705e-90
2950 200 2.12466e-94
2975 200 9.1124e-99
0 225 0
25 225 9.40187e-06
50 225 -8.56061e-06
75 225 -4.23369e-05
100 225 -5.17818e-05
125 225 -3.31119e-05
150 225 -1.37524e-05
175 225 -5.19768e-06
200 225 -2.89441e-06
225 225 -2.35089e-06
250 225 -2.21173e-06
275 225 -2.43678e-06
300 225 -3.49847e-06
325 225 -6.29412e-06
350 225 -1.19095e-05
375 225 -2.08666e-05
400 225 -3.21025e-05
425 225 -4.25495e-05
450 225 -4.81088e-05
475 225 -4.57378e-05
500 225 -3.52464e-05
525 225 -1.94687e-05
550 225 -2.75201e-06
575 225 1.10844e-05
600 225 2.00547e-05
625 225 2.41141e-05
650 225 2.44475e-05
675 225 2.25948e-05
700 225 1.98547e-05
725 225 1.7063e-05
750 225 1.46296e-05
775 225 1.26787e-05
800 225 1.11851e-05
825 225 1.00682e-05
850 225 9.24173e-06
875 225 8.63387e-06
900 225 8.19139e-06
925 225 7.87747e-06
950 225 7.66782e-06
975 225 7.54742e-06
1000 225 7.50814e-06
1025 225 7.54742e-06
1050 225 7.66782e-06
1075 225 7.87747e-06
1100 225 8.19139e-06
1125 225 8.63387e-06
1150 225 9.24173e-06
1175 225 1.00682e-05
1200 225 1.11851e-05
1225 225 1.26787e-05
1250 225 1.46296e-05
1275 225 1.7063e-05
1300 225 1.98547e-05
1325 225 2.25948e-05
1350 225 2.44475e-05
1375 225 2.41141e-05
1400 225 2.00547e-05
1425 225 1.10844e-05
1450 225 -2.75201e-06
1475 225 -1.94687e-05
1500 225 -3.52464e-05
1525 225 -4.57378e-05
1550 225 -4.81088e-05
1575 225 -4.25495e-05
1600 225 -3.21025e-05
1625 225 -2.08666e-05
1650 225 -1.19095e-05
1675 225 -6.29412e-06
1700 225 -3.49847e-06
1725 225 -2.4367e-06
1750 225 -2.20984e-06
1775 225 -2.32095e-06
1800 225 -2.57354e-06
1825 225 -2.92128e-06
1850 225 -3.3801e-06
1875 225 -4.00139e-06
1900 225 -4.88465e-06
1925 225 -6.24181e-06
1950 225 -8.62729e-06
1975 225 -1.34268e-05
2000 225 -2.12624e-05
2025 225 -2.28287e-05
2050 225 -6.66836e-08
2075 225 3.60951e-05
2100 225 4.68972e-05
2125 225 2.91105e-05
2150 225 1.03723e-05
2175 225 2.27641e-06
2200 225 3.2087e-07
2225 225 2.99396e-08
2250 225 1.89443e-09
2275 225 8.29493e-11
2300 225 2.55763e-12
2325 225 5.63917e-14
2350 225 9.01286e-16
2375 225 1.05702e-17
2400 225 9.19738e-20
2425 225 5.99705e-22
2450 225 2.95703e-24
2475 225 1.1118e-26
2500 225 3.21193e-29
2525 225 7.1799e-32
2550 225 1.24996e-34
2575 225 1.7049e-37
2600 225 1.83206e-40
2625 225 1.55902e-43
2650 225 1.05565e-46
2675 225 5.71327e-50
2700 225 2.48176e-53
2725 225 8.68635e-57
2750 225 2.45868e-60
2775 225 5.6473e-64
2800 225 1.05595e-67
2825 225 1.61221e-71
2850 225 2.01559e-75
2875 225 2.0689e-79
2900 225 1.74792e-83
2925 225 1.21834e-87
2950 225 7.02176e-92
2975 225 3.35321e-96
0 250 0
25 250 1.36561e-05
50 250 1.29788e-05
75 250 -1.57437e-05
100 250 -4.7412e-05
125 250 -4.64557e-05
150 250 -2.47991e-05
175 250 -9.0684e-06
200 250 -3.4936e-06
225 250 -2.21173e-06
250 250 -1.90137e-06
275 250 -1.778e-06
300 250 -1.81335e-06
325 250 -2.22943e-06
350 250 -3.51323e-06
375 250 -6.43195e-06
400 250 -1.18038e-05
425 250 -1.99461e-05
450 250 -3.00368e-05
475 250 -3.98967e-05
500 250 -4.65794e-05
525 250 -4.75923e-05
550 250 -4.2048e-05
575 250 -3.1042e-05
600 250 -1.70922e-05
625 250 -3.06299e-06
650 250 8.80355e-06
675 250 1.7356e-05
700 250 2.24789e-05
725 250 2.47361e-05
750 250 2.49652e-05
775 250 2.39794e-05
800 250 2.24163e-05
825 250 2.07045e-05
850 250 1.90936e-05
875 250 1.77062e-05
900 250 1.65872e-05
925 250 1.57405e-05
950 250 1.51529e-05
975 250 1.48084e-05
1000 250 1.4695e-05
1025 250 1.48084e-05
1050 250 1.51529e-05
1075 250 1.57405e-05
1100 250 1.65872e-05
1125 250 1.77062e-05
1150 250 1.90936e-05
1175 250 2.07045e-05
1200 250 2.24163e-05
1225 250 2.39794e-05
1250 250 2.49652e-05
1275 250 2.47361e-05
1300 250 2.24789e-05
1325 250 1.7356e-05
1350 250 8.80355e-06
1375 250 -3.06299e-06
1400 250 -1.70922e-05
1425 250 -3.1042e-05
1450 250 -4.2048e-05
1475 250 -4.75923e-05
1500 250 -4.65794e-05
1525 250 -3.98967e-05
1550 250 -3.00368e-05
1575 250 -1.99461e-05
1600 250 -1.18038e-05
1625 250 -6.43195e-06
1650 250 -3.51323e-06
1675 250 -2.22943e-06
1700 250 -1.81332e-06
1725 250 -1.77739e-06
1750 250 -1.89011e-06
1775 250 -2.06953e-06
1800 250 -2.29928e-06
1825 250 -2.58798e-06
1850 250 -2.9572e-06
1875 250 -3.44314e-06
1900 250 -4.10789e-06
1925 250 -5.06834e-06
1950 250 -6.58394e-06
1975 250 -9.36648e-06
2000 250 -1.50529e-05
2025 250 -2.30225e-05
2050 250 -1.95628e-05
2075 250 1.06754e-05
2100 250 4.33041e-05
2125 250 4.30126e-05
2150 250 2.18419e-05
2175 250 6.48043e-06
2200 250 1.19432e-06
2225 250 1.42197e-07
2250 250 1.12638e-08
2275 250 6.07901e-10
2300 250 2.28057e-11
2325 250 6.05119e-13
2350 250 1.15298e-14
2375 250 1.59899e-16
2400 250 1.63359e-18
2425 250 1.2429e-20
2450 250 7.1119e-23
2475 250 3.08802e-25
2500 250 1.0258e-27
2525 250 2.62654e-30
2550 250 5.21952e-33
2575 250 8.10133e-36
2600 250 9.87886e-39
2625 250 9.51569e-42
2650 250 7.2769e-45
2675 250 4.43876e-48
2700 250 2.16911e-51
2725 250 8.52669e-55
2750 250 2.70652e-58
2775 250 6.96179e-62
2800 250 1.456e-65
2825 250 2.48366e-69
2850 250 3.46571e-73
2875 250 3.96696e-77
2900 250 3.73438e-81
2925 250 2.89824e-85
2950 250 1.85867e-89
2975 250 9.87102e-94
0 275 0
25 275 1.02006e-05
50 275 1.8943e-05
75 275 8.65222e-06
100 275 -2.69784e-05
125 275 -5.03255e-05
150 275 -3.87173e-05
175 275 -1.71219e-05
200 275 -5.68967e-06
225 275 -2.43678e-06
250 275 -1.778e-06
275 275 -1.59408e-06
300 275 -1.4905e-06
325 275 -1.45092e-06
350 275 -1.56209e-06
375 275 -2.03837e-06
400 275 -3.28203e-06
425 275 -5.8759e-06
450 275 -1.04179e-05
475 275 -1.71821e-05
500 275 -2.57457e-05
525 275 -3.48321e-05
550 275 -4.25608e-05
575 275 -4.70492e-05
600 275 -4.70808e-05
625 275 -4.25019e-05
650 275 -3.4186e-05
675 275 -2.36441e-05
700 275 -1.25124e-05
725 275 -2.1374e-06
750 275 6.63128e-06
775 275 1.34483e-05
800 275 1.83561e-05
825 275 2.1629e-05
850 275 2.36352e-05
875 275 2.47418e-05
900 275 2.52642e-05
925 275 2.54474e-05
950 275 2.54663e-05
975 275 2.54354e-05
1000 275 2.54183e-05
1025 275 2.54354e-05
1050 275 2.54663e-05
1075 275 2.54474e-05
1100 275 2.52642e-05
1125 275 2.47418e-05
1150 275 2.36352e-05
1175 275 2.1629e-05
1200 275 1.83561e-05
1225 275 1.34483e-05
1250 275 6.63128e-06
1275 275 -2.1374e-06
1300 275 -1.25124e-05
1325 275 -2.36441e-05
1350 275 -3.4186e-05
1375 275 -4.25019e-05
1400 275 -4.70808e-05
1425 275 -4.70492e-05
1450 275 -4.25608e-05
1475 275 -3.48321e-05
1500 275 -2.57457e-05
1525 275 -1.71821e-05
1550 275 -1.04179e-05
1575 275 -5.8759e-06
1600 275 -3.28203e-06
1625 275 -2.03837e-06
1650 275 -1.56209e-06
1675 275 -1.45091e-06
1700 275 -1.49034e-06
1725 275 -1.59041e-06
1750 275 -1.723e-06
1775 275 -1.88465e-06
1800 275 -2.08114e-06
1825 275 -2.32332e-06
1850 275 -2.62776e-06
1875 275 -3.02002e-06
1900 275 -3.54172e-06
1925 275 -4.26558e-06
1950 275 -5.33342e-06
1975 275 -7.07962e-06
2000 275 -1.04603e-05
2025 275 -1.72802e-05
2050 275 -2.42764e-05
2075 275 -1.29178e-05
2100 275 2.34367e-05
2125 275 4.73055e-05
2150 275 3.60895e-05
2175 275 1.47986e-05
2200 275 3.60853e-06
2225 275 5.52132e-07
2250 275 5.49954e-08
2275 275 3.66846e-09
2300 275 1.67721e-10
2325 275 5.36001e-12
2350 275 1.21785e-13
2375 275 1.99684e-15
2400 275 2.39415e-17
2425 275 2.12395e-19
2450 275 1.40908e-21
2475 275 7.05829e-24
2500 275 2.69294e-26
2525 275 7.88826e-29
2550 275 1.78704e-31
2575 275 3.1521e-34
2600 275 4.35577e-37
2625 275 4.74255e-40
2650 275 4.09016e-43
2675 275 2.80791e-46
2700 275 1.54144e-49
2725 275 6.79551e-53
2750 275 2.41542e-56
2775 275 6.94785e-60
2800 275 1.62295e-63
2825 275 3.08867e-67
2850 275 4.80369e-71
2875 275 6.1229e-75
2900 275 6.41341e-79
2925 275 5.53435e-83
2950 275 3.94389e-87
2975 275 2.32614e-91
0 300 0
25 300 6.36892e-06
50 300 1.55942e-05
75 300 2.00561e-05
100 300 -1.26903e-06
125 300 -3.87122e-05
150 300 -4.8737e-05
175 300 -2.92959e-05
200 300 -1.08094e-05
225 300 -3.49847e-06
250 300 -1.81335e-06
275 300 -1.4905e-06
300 300 -1.37255e-06
325 300 -1.28856e-06
350 300 -1.23045e-06
375 300 -1.22584e-06
400 300 -1.35105e-06
425 300 -1.76943e-06
450 300 -2.76533e-06
475 300 -4.73525e-06
500 300 -8.09703e-06
525 300 -1.3114e-05
550 300 -1.96957e-05
575 300 -2.72824e-05
600 300 -3.49017e-05
625 300 -4.1399e-05
650 300 -4.5753e-05
675 300 -4.73422e-05
700 300 -4.60645e-05
725 300 -4.22914e-05
750 300 -3.67052e-05
775 300 -3.00999e-05
800 300 -2.32139e-05
825 300 -1.66283e-05
850 300 -1.07325e-05
875 300 -5.73995e-06
900 300 -1.72971e-06
925 300 1.30469e-06
950 300 3.41149e-06
975 300 4.64717e-06
1000 300 5.05393e-06
1025 300 4.64717e-06
1050 300 3.41149e-06
1075 300 1.30469e-06
1100 300 -1.72971e-06
1125 300 -5.73995e-06
1150 300 -1.07325e-05
1175 300 -1.66283e-05
1200 300 -2.32139e-05
1225 300 -3.00999e-05
1250 300 -3.67052e-05
1275 300 -4.22914e-05
1300 300 -4.60645e-05
1325 300 -4.73422e-05
1350 300 -4.5753e-05
1375 300 -4.1399e-05
1400 300 -3.49017e-05
1425 300 -2.72824e-05
1450 300 -1.96957e-05
1475 300 -1.3114e-05
1500 300 -8.09703e-06
1525 300 -4.73525e-06
1550 300 -2.76533e-06
1575 300 -1.76943e-06
1600 300 -1.35105e-06
1625 300 -1.22584e-06
1650 300 -1.23045e-06
1675 300 -1.28853e-06
1700 300 -1.37152e-06
1725 300 -1.47213e-06
1750 300 -1.59107e-06
1775 300 -1.73229e-06
1800 300 -1.9019e-06
1825 300 -2.10856e-06
1850 300 -2.36482e-06
1875 300 -2.68946e-06
1900 300 -3.1119e-06
1925 300 -3.68097e-06
1950 300 -4.48456e-06
1975 300 -5.70221e-06
2000 300 -7.79105e-06
2025 300 -1.20711e-05
2050 300 -2.00787e-05
2075 300 -2.37371e-05
2100 300 -1.84287e-06
2125 300 3.60228e-05
2150 300 4.63721e-05
2175 300 2.71874e-05
2200 300 8.90755e-06
2225 300 1.76618e-06
2250 300 2.22279e-07
2275 300 1.83766e-08
2300 300 1.02539e-09
2325 300 3.94906e-11
2350 300 1.0699e-12
2375 300 2.07302e-14
2400 300 2.91449e-16
2425 300 3.0116e-18
2450 300 2.31361e-20
2475 300 1.33514e-22
2500 300 5.84202e-25
2525 300 1.95471e-27
2550 300 5.04026e-30
2575 300 1.00868e-32
2600 300 1.57695e-35
2625 300 1.93755e-38
2650 300 1.88138e-41
2675 300 1.45118e-44
2700 300 8.93431e-48
2725 300 4.40987e-51
2750 300 1.75232e-54
2775 300 5.62734e-58
2800 300 1.46575e-61
2825 300 3.10709e-65
2850 300 5.37723e-69
2875 300 7.62012e-73
2900 300 8.86696e-77
2925 300 8.4944e-81
2950 300 6.7159e-85
2975 300 4.39232e-89
0 325 0
25 325 4.04716e-06
50 325 1.05504e-05
75 325 1.97481e-05
100 325 1.65948e-05
125 325 -1.58232e-05
150 325 -4.71842e-05
175 325 -4.20841e-05
200 325 -1.98178e-05
225 325 -6.29412e-06
250 325 -2.22943e-06
275 325 -1.45092e-06
300 325 -1.28856e-06
325 325 -1.20548e-06
350 325 -1.13813e-06
375 325 -1.08285e-06
400 325 -1.04635e-06
425 325 -1.0503e-06
450 325 -1.14659e-06
475 325 -1.43802e-06
500 325 -2.09528e-06
525 325 -3.35365e-06
550 325 -5.47425e-06
575 325 -8.66809e-06
600 325 -1.30045e-05
625 325 -1.83424e-05
650 325 -2.43208e-05
675 325 -3.04189e-05
700 325 -3.60687e-05
725 325 -4.07766e-05
750 325 -4.4217e-05
775 325 -4.62722e-05
800 325 -4.70202e-05
825 325 -4.66853e-05
850 325 -4.55738e-05
875 325 -4.40149e-05
900 325 -4.23154e-05
925 325 -4.07337e-05
950 325 -3.9468e-05
975 325 -3.86556e-05
1000 325 -3.83761e-05
1025 325 -3.86556e-05
1050 325 -3.9468e-05
1075 325 -4.07337e-05
1100 325 -4.23154e-05
1125 325 -4.40149e-05
1150 325 -4.55738e-05
1175 325 -4.66853e-05
1200 325 -4.70202e-05
1225 325 -4.62722e-05
1250 325 -4.4217e-05
1275 325 -4.07766e-05
1300 325 -3.60687e-05
1325 325 -3.04189e-05
1350 325 -2.43208e-05
1375 325 -1.83424e-05
1400 325 -1.30045e-05
1425 325 -8.66809e-06
1450 325 -5.47425e-06
1475 325 -3.35365e-06
1500 325 -2.09528e-06
1525 325 -1.43802e-06
1550 325 -1.14659e-06
1575 325 -1.0503e-06
1600 325 -1.04635e-06
1625 325 -1.08285e-06
1650 325 -1.13813e-06
1675 325 -1.20523e-06
1700 325 -1.28331e-06
1725 325 -1.37386e-06
1750 325 -1.47955e-06
1775 325 -1.60406e-06
1800 325 -1.75238e-06
1825 325 -1.9314e-06
1850 325 -2.15087e-06
1875 325 -2.42507e-06
1900 325 -2.77568e-06
1925 325 -3.2373e-06
1950 325 -3.8689e-06
1975 325 -4.78053e-06
2000 325 -6.21147e-06
2025 325 -8.82769e-06
2050 325 -1.44193e-05
2075 325 -2.29854e-05
2100 325 -1.93705e-05
2125 325 1.33981e-05
2150 325 4.50333e-05
2175 325 4.01527e-05
2200 325 1.80654e-05
2225 325 4.69006e-06
2250 325 7.49877e-07
2275 325 7.70565e-08
2300 325 5.25445e-09
2325 325 2.43946e-10
2350 325 7.87787e-12
2375 325 1.80226e-13
2400 325 2.96772e-15
2425 325 3.56689e-17
2450 325 3.16813e-19
2475 325 2.1027e-21
2500 325 1.05328e-23
2525 325 4.01819e-26
2550 325 1.17706e-28
2575 325 2.66748e-31
2600 325 4.70898e-34
2625 325 6.5165e-37
2650 325 7.11039e-40
2675 325 6.15036e-43
2700 325 4.23841e-46
2725 325 2.33782e-49
2750 325 1.03656e-52
2775 325 3.70937e-56
2800 325 1.07536e-59
2825 325 2.53439e-63
2850 325 4.87179e-67
2875 325 7.6618e-71
2900 325 9.88669e-75
2925 325 1.0496e-78
2950 325 9.19076e-83
2975 325 6.65384e-87
0 350 0
25 350 2.80685e-06
50 350 6.97958e-06
75 350 1.47902e-05
100 350 2.20709e-05
125 350 6.81033e-06
150 350 -3.20468e-05
175 350 -4.90387e-05
200 350 -3.18471e-05
225 350 -1.19095e-05
250 350 -3.51323e-06
275 350 -1.56209e-06
300 350 -1.23045e-06
325 350 -1.13813e-06
350 350 -1.07504e-06
375 350 -1.02079e-06
400 350 -9.73649e-07
425 350 -9.34486e-07
450 350 -9.07908e-07
475 350 -9.0665e-07
500 350 -9.58852e-07
525 350 -1.11716e-06
550 350 -1.466e-06
575 350 -2.1213e-06
600 350 -3.21719e-06
625 350 -4.879e-06
650 350 -7.18838e-06
675 350 -1.01522e-05
700 350 -1.36874e-05
725 350 -1.76282e-05
750 350 -2.17538e-05
775 350 -2.58278e-05
800 350 -2.96372e-05
825 350 -3.30209e-05
850 350 -3.58825e-05
875 350 -3.81892e-05
900 350 -3.99586e-05
925 350 -4.12402e-05
950 350 -4.20959e-05
975 350 -4.25828e-05
1000 350 -4.27405e-05
1025 350 -4.25828e-05
1050 350 -4.20959e-05
1075 350 -4.12402e-05
1100 350 -3.99586e-05
1125 350 -3.81892e-05
1150 350 -3.58825e-05
1175 350 -3.30209e-05
1200 350 -2.96372e-05
1225 350 -2.58278e-05
1250 350 -2.17538e-05
1275 350 -1.76282e-05
1300 350 -1.36874e-05
1325 350 -1.01522e-05
1350 350 -7.18838e-06
1375 350 -4.879e-06
1400 350 -3.21719e-06
1425 350 -2.1213e-06
1450 350 -1.466e-06
1475 350 -1.11716e-06
1500 350 -9.58852e-07
1525 350 -9.0665e-07
1550 350 -9.07908e-07
1575 350 -9.34486e-07
1600 350 -9.73649e-07
1625 350 -1.02079e-06
1650 350 -1.07499e-06
1675 350 -1.13686e-06
1700 350 -1.20769e-06
1725 350 -1.2893e-06
1750 350 -1.38401e-06
1775 350 -1.49493e-06
1800 350 -1.62615e-06
1825 350 -1.78325e-06
1850 350 -1.97401e-06
1875 350 -2.20958e-06
1900 350 -2.50647e-06
1925 350 -2.89028e-06
1950 350 -3.40282e-06
1975 350 -4.11752e-06
2000 350 -5.17809e-06
2025 350 -6.92437e-06
2050 350 -1.03824e-05
2075 350 -1.76805e-05
2100 350 -2.45774e-05
2125 350 -9.01991e-06
2150 350 3.00728e-05
2175 350 4.72555e-05
2200 350 3.0221e-05
2225 350 1.04145e-05
2250 350 2.12922e-06
2275 350 2.728e-07
2300 350 2.27611e-08
2325 350 1.27398e-09
2350 350 4.90072e-11
2375 350 1.32227e-12
2400 350 2.54636e-14
2425 350 3.55357e-16
2450 350 3.64225e-18
2475 350 2.77462e-20
2500 350 1.58779e-22
2525 350 6.89144e-25
2550 350 2.28837e-27
2575 350 5.85976e-30
2600 350 1.16549e-32
2625 350 1.81255e-35
2650 350 2.21754e-38
2675 350 2.14632e-41
2700 350 1.65204e-44
2725 350 1.0161e-47
2750 350 5.01644e-51
2775 350 1.99619e-54
2800 350 6.42758e-58
2825 350 1.68076e-61
2850 350 3.58136e-65
2875 350 6.23816e-69
2900 350 8.90886e-73
2925 350 1.04606e-76
2950 350 1.01252e-80
2975 350 8.09887e-85
0 375 0
25 375 2.09898e-06
50 375 4.9176e-06
75 375 1.01559e-05
100 375 1.93028e-05
125 375 2.00191e-05
150 375 -9.60487e-06
175 375 -4.47108e-05
200 375 -4.32446e-05
225 375 -2.08666e-05
250 375 -6.43195e-06
275 375 -2.03837e-06
300 375 -1.22584e-06
325 375 -1.08285e-06
350 375 -1.02079e-06
375 375 -9.70603e-07
400 375 -9.26385e-07
425 375 -8.87191e-07
450 375 -8.52686e-07
475 375 -8.23339e-07
500 375 -8.01364e-07
525 375 -7.92486e-07
550 375 -8.0861e-07
575 375 -8.7094e-07
600 375 -1.01238e-06
625 375 -1.27746e-06
650 375 -1.71837e-06
675 375 -2.38667e-06
700 375 -3.32223e-06
725 375 -4.54218e-06
750 375 -6.03343e-06
775 375 -7.7509e-06
800 375 -9.62189e-06
825 375 -1.15553e-05
850 375 -1.34531e-05
875 375 -1.52204e-05
900 375 -1.6774e-05
925 375 -1.80469e-05
950 375 -1.8989e-05
975 375 -1.9567e-05
1000 375 -1.97616e-05
1025 375 -1.9567e-05
1050 375 -1.8989e-05
1075 375 -1.80469e-05
1100 375 -1.6774e-05
1125 375 -1.52204e-05
1150 375 -1.34531e-05
1175 375 -1.15553e-05
1200 375 -9.62189e-06
1225 375 -7.7509e-06
1250 375 -6.03343e-06
1275 375 -4.54218e-06
1300 375 -3.32223e-06
1325 375 -2.38667e-06
1350 375 -1.71837e-06
1375 375 -1.27746e-06
1400 375 -1.01238e-06
1425 375 -8.7094e-07
1450 375 -8.0861e-07
1475 375 -7.92486e-07
1500 375 -8.01364e-07
1525 375 -8.23339e-07
1550 375 -8.52686e-07
1575 375 -8.87191e-07
1600 375 -9.26385e-07
1625 375 -9.70595e-07
1650 375 -1.02053e-06
1675 375 -1.07718e-06
1700 375 -1.14177e-06
1725 375 -1.21587e-06
1750 375 -1.30149e-06
1775 375 -1.40123e-06
1800 375 -1.51851e-06
1825 375 -1.65796e-06
1850 375 -1.82588e-06
1875 375 -2.03119e-06
1900 375 -2.28687e-06
1925 375 -2.61247e-06
1950 375 -3.0389e-06
1975 375 -3.61813e-06
2000 375 -4.44502e-06
2025 375 -5.7171e-06
2050 375 -7.9565e-06
2075 375 -1.27683e-05
2100 375 -2.15896e-05
2125 375 -2.20503e-05
2150 375 7.779e-06
2175 375 4.30529e-05
2200 375 4.17261e-05
2225 375 1.94654e-05
2250 375 5.13047e-06
2275 375 8.22501e-07
2300 375 8.40729e-08
2325 375 5.67267e-09
2350 375 2.59696e-10
2375 375 8.25159e-12
2400 375 1.85499e-13
2425 375 2.99964e-15
2450 375 3.53997e-17
2475 375 3.08801e-19
2500 375 2.01394e-21
2525 375 9.92041e-24
2550 375 3.72497e-26
2575 375 1.0751e-28
2600 375 2.40327e-31
2625 375 4.18993e-34
2650 375 5.73357e-37
2675 375 6.19453e-40
2700 375 5.31262e-43
2725 375 3.63498e-46
2750 375 1.99347e-49
2775 375 8.80051e-53
2800 375 3.14011e-56
2825 375 9.08971e-60
2850 375 2.14214e-63
2875 375 4.12344e-67
2900 375 6.50312e-71
2925 375 8.42721e-75
2950 375 8.99744e-79
2975 375 7.93465e-83
0 400 0
25 400 1.65011e-06
50 400 3.71856e-06
75 400 7.1442e-06
100 400 1.42423e-05
125 400 2.26797e-05
150 400 1.02631e-05
175 400 -2.91046e-05
200 400 -4.86795e-05
225 400 -3.21025e-05
250 400 -1.18038e-05
275 400 -3.28203e-06
300 400 -1.35105e-06
325 400 -1.04635e-06
350 400 -9.73649e-07
375 400 -9.26385e-07
400 400 -8.85377e-07
425 400 -8.4886e-07
450 400 -8.16219e-07
475 400 -7.87016e-07
500 400 -7.60998e-07
525 400 -7.38245e-07
550 400 -7.19472e-07
575 400 -7.06554e-07
600 400 -7.03246e-07
625 400 -7.15933e-07
650 400 -7.5412e-07
675 400 -8.30216e-07
700 400 -9.5832e-07
725 400 -1.15194e-06
750 400 -1.42102e-06
775 400 -1.76891e-06
800 400 -2.19013e-06
825 400 -2.66949e-06
850 400 -3.18285e-06
875 400 -3.69937e-06
900 400 -4.18474e-06
925 400 -4.60486e-06
950 400 -4.92927e-06
975 400 -5.13407e-06
1000 400 -5.20407e-06
1025 400 -5.13407e-06
1050 400 -4.92927e-06
1075 400 -4.60486e-06
1100 400 -4.18474e-06
1125 400 -3.69937e-06
1150 400 -3.18285e-06
1175 400 -2.66949e-06
1200 400 -2.19013e-06
1225 400 -1.76891e-06
1250 400 -1.42102e-06
1275 400 -1.15194e-06
1300 400 -9.5832e-07
1325 400 -8.30216e-07
1350 400 -7.5412e-07
1375 400 -7.15933e-07
1400 400 -7.03246e-07
1425 400 -7.06554e-07
1450 400 -7.19472e-07
1475 400 -7.38245e-07
1500 400 -7.60998e-07
1525 400 -7.87016e-07
1550 400 -8.16219e-07
1575 400 -8.4886e-07
1600 400 -8.85376e-07
1625 400 -9.26341e-07
1650 400 -9.72467e-07
1675 400 -1.02463e-06
1700 400 -1.08392e-06
1725 400 -1.1517e-06
1750 400 -1.2297e-06
1775 400 -1.32014e-06
1800 400 -1.42594e-06
1825 400 -1.55095e-06
1850 400 -1.70042e-06
1875 400 -1.88163e-06
1900 400 -2.10499e-06
1925 400 -2.38587e-06
1950 400 -2.74795e-06
1975 400 -3.22961e-06
2000 400 -3.89755e-06
2025 400 -4.87972e-06
2050 400 -6.46651e-06
2075 400 -9.53008e-06
2100 400 -1.63473e-05
2125 400 -2.45613e-05
2150 400 -1.19635e-05
