0 0 0
25 0 0
50 0 0
75 0 0
100 0 0
125 0 0
150 0 0
175 0 0
200 0 0
225 0 0
250 0 0
275 0 0
300 0 0
325 0 0
350 0 0
375 0 0
400 0 0
425 0 0
450 0 0
475 0 0
500 0 0
525 0 0
550 0 0
575 0 0
600 0 0
625 0 0
650 0 0
675 0 0
700 0 0
725 0 0
750 0 0
775 0 0
800 0 0
825 0 0
850 0 0
875 0 0
900 0 0
925 0 0
950 0 0
975 0 0
1000 0 0
1025 0 0
1050 0 0
1075 0 0
1100 0 0
1125 0 0
1150 0 0
1175 0 0
1200 0 0
1225 0 0
1250 0 0
1275 0 0
1300 0 0
1325 0 0
1350 0 0
1375 0 0
1400 0 0
1425 0 0
1450 0 0
1475 0 0
1500 0 0
1525 0 0
1550 0 0
1575 0 0
1600 0 0
1625 0 0
1650 0 0
1675 0 0
1700 0 0
1725 0 0
1750 0 0
1775 0 0
1800 0 0
1825 0 0
1850 0 0
1875 0 0
1900 0 0
1925 0 0
1950 0 0
1975 0 0
2000 0 0
2025 0 0
2050 0 0
2075 0 0
2100 0 0
2125 0 0
2150 0 0
2175 0 0
2200 0 0
2225 0 0
2250 0 0
2275 0 0
2300 0 0
2325 0 0
2350 0 0
2375 0 0
2400 0 0
2425 0 0
2450 0 0
2475 0 0
2500 0 0
2525 0 0
2550 0 0
2575 0 0
2600 0 0
2625 0 0
2650 0 0
2675 0 0
2700 0 0
2725 0 0
2750 0 0
2775 0 0
2800 0 0
2825 0 0
2850 0 0
2875 0 0
2900 0 0
2925 0 0
2950 0 0
2975 0 0
0 25 0
25 25 -7.28242e-08
50 25 -1.50984e-07
75 25 -2.40826e-07
100 25 -3.51099e-07
125 25 -4.95386e-07
150 25 -6.97035e-07
175 25 -1.00083e-06
200 25 -1.50698e-06
225 25 -2.5008e-06
250 25 -4.82535e-06
275 25 -9.05891e-06
300 25 -8.08112e-06
325 25 1.38041e-05
350 25 4.24127e-05
375 25 3.23094e-05
400 25 -6.95065e-06
425 25 -2.45925e-05
450 25 -1.61271e-05
475 25 -5.47628e-06
500 25 -1.09833e-06
525 25 -1.05356e-07
550 25 3.44158e-08
575 25 4.62284e-08
600 25 4.56973e-08
625 25 4.44743e-08
650 25 4.33381e-08
675 25 4.23154e-08
700 25 4.13984e-08
725 25 4.05792e-08
750 25 3.9851e-08
775 25 3.92078e-08
800 25 3.86447e-08
825 25 3.81572e-08
850 25 3.77416e-08
875 25 3.73949e-08
900 25 3.71146e-08
925 25 3.68986e-08
950 25 3.67454e-08
975 25 3.66539e-08
1000 25 3.66235e-08
1025 25 3.66539e-08
1050 25 3.67454e-08
1075 25 3.68986e-08
1100 25 3.71146e-08
1125 25 3.73949e-08
1150 25 3.77416e-08
1175 25 3.81572e-08
1200 25 3.86447e-08
1225 25 3.92078e-08
1250 25 3.9851e-08
1275 25 4.05792e-08
1300 25 4.13984e-08
1325 25 4.23154e-08
1350 25 4.33381e-08
1375 25 4.44757e-08
1400 25 4.57386e-08
1425 25 4.71392e-08
1450 25 4.86913e-08
1475 25 5.04113e-08
1500 25 5.23182e-08
1525 25 5.44339e-08
1550 25 5.67844e-08
1575 25 5.93999e-08
1600 25 6.23161e-08
1625 25 6.55754e-08
1650 25 6.92282e-08
1675 25 7.33348e-08
1700 25 7.79683e-08
1725 25 8.32171e-08
1750 25 8.91894e-08
1775 25 9.60189e-08
1800 25 1.03872e-07
1825 25 1.12956e-07
1850 25 1.23539e-07
1875 25 1.3596e-07
1900 25 1.50663e-07
1925 25 1.68236e-07
1950 25 1.89467e-07
1975 25 2.15434e-07
2000 25 2.47645e-07
2025 25 2.88258e-07
2050 25 3.40451e-07
2075 25 4.09061e-07
2100 25 5.01762e-07
2125 25 6.31346e-07
2150 25 8.20574e-07
2175 25 1.11378e-06
2200 25 1.61085e-06
2225 25 2.59682e-06
2250 25 4.91454e-06
2275 25 9.14212e-06
2300 25 8.15909e-06
2325 25 -1.37308e-05
2350 25 -4.23435e-05
2375 25 -3.22438e-05
2400 25 7.01296e-06
2425 25 2.46519e-05
2450 25 1.61838e-05
2475 25 5.53071e-06
2500 25 1.15064e-06
2525 25 1.55767e-07
2550 25 1.42755e-08
2575 25 9.10769e-10
2600 25 4.13344e-11
2625 25 1.35824e-12
2650 25 3.28021e-14
2675 25 5.89811e-16
2700 25 7.98653e-18
2725 25 8.22702e-20
2750 25 6.50609e-22
2775 25 3.98259e-24
2800 25 1.9012e-26
2825 25 7.12649e-29
2850 25 2.11073e-31
2875 25 4.96827e-34
2900 25 9.34345e-37
2925 25 1.41086e-39
2950 25 1.71838e-42
2975 25 1.69537e-45
0 50 0
25 50 -1.50984e-07
50 50 -3.13482e-07
75 50 -5.01321e-07
100 50 -7.33908e-07
125 50 -1.04216e-06
150 50 -1.48133e-06
175 50 -2.16501e-06
200 50 -3.38223e-06
225 50 -5.96421e-06
250 50 -1.11338e-05
275 50 -1.51674e-05
300 50 -2.64251e-06
325 50 3.32714e-05
350 50 6.25504e-05
375 50 4.73376e-05
400 50 -2.79695e-06
425 50 -3.60965e-05
450 50 -3.1273e-05
475 50 -1.36971e-05
500 50 -3.54419e-06
525 50 -5.18155e-07
550 50 2.77068e-08
575 50 8.94084e-08
600 50 9.17668e-08
625 50 8.95041e-08
650 50 8.7217e-08
675 50 8.51511e-08
700 50 8.32988e-08
725 50 8.16443e-08
750 50 8.01737e-08
775 50 7.8875e-08
800 50 7.7738e-08
825 50 7.67537e-08
850 50 7.59148e-08
875 50 7.5215e-08
900 50 7.46492e-08
925 50 7.42132e-08
950 50 7.3904e-08
975 50 7.37193e-08
1000 50 7.36579e-08
1025 50 7.37193e-08
1050 50 7.3904e-08
1075 50 7.42132e-08
1100 50 7.46492e-08
1125 50 7.5215e-08
1150 50 7.59148e-08
1175 50 7.67537e-08
1200 50 7.7738e-08
1225 50 7.8875e-08
1250 50 8.01737e-08
1275 50 8.16443e-08
1300 50 8.32988e-08
1325 50 8.51511e-08
1350 50 8.72174e-08
1375 50 8.9516e-08
1400 50 9.20685e-08
1425 50 9.48996e-08
1450 50 9.80378e-08
1475 50 1.01516e-07
1500 50 1.05374e-07
1525 50 1.09655e-07
1550 50 1.14413e-07
1575 50 1.1971e-07
1600 50 1.25617e-07
1625 50 1.32223e-07
1650 50 1.39629e-07
1675 50 1.47961e-07
1700 50 1.57367e-07
1725 50 1.68029e-07
1750 50 1.8017e-07
1775 50 1.94065e-07
1800 50 2.10057e-07
1825 50 2.28579e-07
1850 50 2.5018e-07
1875 50 2.7557e-07
1900 50 3.05676e-07
1925 50 3.41726e-07
1950 50 3.8538e-07
1975 50 4.38919e-07
2000 50 5.0555e-07
2025 50 5.89903e-07
2050 50 6.98862e-07
2075 50 8.43047e-07
2100 50 1.03958e-06
2125 50 1.31773e-06
2150 50 1.73151e-06
2175 50 2.39359e-06
2200 50 3.59229e-06
2225 50 6.15827e-06
2250 50 1.1314e-05
2275 50 1.53354e-05
2300 50 2.79987e-06
2325 50 -3.31234e-05
2350 50 -6.24108e-05
2375 50 -4.72053e-05
2400 50 2.92257e-06
2425 50 3.62162e-05
2450 50 3.13874e-05
2475 50 1.38067e-05
2500 50 3.64956e-06
2525 50 6.19671e-07
2550 50 7.0331e-08
2575 50 5.4912e-09
2600 50 3.01701e-10
2625 50 1.18862e-11
2650 50 3.41212e-13
2675 50 7.23723e-15
2700 50 1.14818e-16
2725 50 1.37742e-18
2750 50 1.26177e-20
2775 50 8.90383e-23
2800 50 4.87889e-25
2825 50 2.09109e-27
2850 50 7.05698e-30
2875 50 1.88676e-32
2900 50 4.01892e-35
2925 50 6.85575e-38
2950 50 9.41125e-41
2975 50 1.0443e-43
0 75 0
25 75 -2.40826e-07
50 75 -5.01321e-07
75 75 -8.05523e-07
100 75 -1.18829e-06
125 75 -1.70795e-06
150 75 -2.47754e-06
175 75 -3.76609e-06
200 75 -6.32041e-06
225 75 -1.14379e-05
250 75 -1.69616e-05
275 75 -1.00914e-05
300 75 1.85978e-05
325 75 4.89635e-05
350 75 5.66846e-05
375 75 4.30944e-05
400 75 1.00783e-05
425 75 -2.89967e-05
450 75 -4.07616e-05
475 75 -2.51999e-05
500 75 -8.80346e-06
525 75 -1.81426e-06
550 75 -1.33309e-07
575 75 1.16642e-07
600 75 1.37773e-07
625 75 1.35619e-07
650 75 1.32195e-07
675 75 1.29046e-07
700 75 1.26221e-07
725 75 1.23698e-07
750 75 1.21456e-07
775 75 1.19476e-07
800 75 1.17743e-07
825 75 1.16243e-07
850 75 1.14965e-07
875 75 1.13899e-07
900 75 1.13037e-07
925 75 1.12373e-07
950 75 1.11902e-07
975 75 1.11621e-07
1000 75 1.11527e-07
1025 75 1.11621e-07
1050 75 1.11902e-07
1075 75 1.12373e-07
1100 75 1.13037e-07
1125 75 1.13899e-07
1150 75 1.14965e-07
1175 75 1.16243e-07
1200 75 1.17743e-07
1225 75 1.19476e-07
1250 75 1.21456e-07
1275 75 1.23698e-07
1300 75 1.26221e-07
1325 75 1.29046e-07
1350 75 1.32198e-07
1375 75 1.35706e-07
1400 75 1.39603e-07
1425 75 1.43926e-07
1450 75 1.4872e-07
1475 75 1.54037e-07
1500 75 1.59935e-07
1525 75 1.66484e-07
1550 75 1.73767e-07
1575 75 1.81879e-07
1600 75 1.90933e-07
1625 75 2.01064e-07
1650 75 2.12434e-07
1675 75 2.25235e-07
1700 75 2.39701e-07
1725 75 2.56119e-07
1750 75 2.74837e-07
1775 75 2.9629e-07
1800 75 3.21022e-07
1825 75 3.49719e-07
1850 75 3.83257e-07
1875 75 4.22774e-07
1900 75 4.69763e-07
1925 75 5.26218e-07
1950 75 5.94849e-07
1975 75 6.79417e-07
2000 75 7.85273e-07
2025 75 9.20243e-07
2050 75 1.09617e-06
2075 75 1.33174e-06
2100 75 1.65806e-06
2125 75 2.13073e-06
2150 75 2.8608e-06
2175 75 4.11581e-06
2200 75 6.64143e-06
2225 75 1.17342e-05
2250 75 1.72365e-05
2275 75 1.03475e-05
2300 75 -1.83581e-05
2325 75 -4.87383e-05
2350 75 -5.64722e-05
2375 75 -4.28933e-05
2400 75 -9.88732e-06
2425 75 2.91786e-05
2450 75 4.09354e-05
2475 75 2.53664e-05
2500 75 8.96339e-06
2525 75 1.96829e-06
2550 75 2.82029e-07
2575 75 2.72838e-08
2600 75 1.82963e-09
2625 75 8.6892e-11
2650 75 2.97566e-12
2675 75 7.46261e-14
2700 75 1.38919e-15
2725 75 1.9425e-17
2750 75 2.06199e-19
2775 75 1.67749e-21
2800 75 1.05487e-23
2825 75 5.16756e-26
2850 75 1.98605e-28
2875 75 6.02739e-31
2900 75 1.45308e-33
2925 75 2.79805e-36
2950 75 4.32542e-39
2975 75 5.39312e-42
0 100 0
25 100 -3.51099e-07
50 100 -7.33908e-07
75 100 -1.18829e-06
100 100 -1.77527e-06
125 100 -2.60638e-06
150 100 -3.93413e-06
175 100 -6.43713e-06
200 100 -1.13784e-05
225 100 -1.74464e-05
250 100 -1.36763e-05
275 100 1.10273e-05
300 100 4.08958e-05
325 100 4.8702e-05
350 100 3.80767e-05
375 100 3.01629e-05
400 100 2.06522e-05
425 100 -9.17341e-06
450 100 -3.84114e-05
475 100 -3.66096e-05
500 100 -1.7756e-05
525 100 -4.9772e-06
550 100 -7.4513e-07
575 100 8.08166e-08
600 100 1.79629e-07
625 100 1.83136e-07
650 100 1.7886e-07
675 100 1.74576e-07
700 100 1.7072e-07
725 100 1.67277e-07
750 100 1.64218e-07
775 100 1.61518e-07
800 100 1.59155e-07
825 100 1.5711e-07
850 100 1.55368e-07
875 100 1.53915e-07
900 100 1.5274e-07
925 100 1.51835e-07
950 100 1.51193e-07
975 100 1.5081e-07
1000 100 1.50683e-07
1025 100 1.5081e-07
1050 100 1.51193e-07
1075 100 1.51835e-07
1100 100 1.5274e-07
1125 100 1.53915e-07
1150 100 1.55368e-07
1175 100 1.5711e-07
1200 100 1.59155e-07
1225 100 1.61518e-07
1250 100 1.64218e-07
1275 100 1.67277e-07
1300 100 1.7072e-07
1325 100 1.74577e-07
1350 100 1.78882e-07
1375 100 1.83674e-07
1400 100 1.89e-07
1425 100 1.94912e-07
1450 100 2.01472e-07
1475 100 2.0875e-07
1500 100 2.1683e-07
1525 100 2.2581e-07
1550 100 2.35802e-07
1575 100 2.46942e-07
1600 100 2.59388e-07
1625 100 2.73329e-07
1650 100 2.88993e-07
1675 100 3.06653e-07
1700 100 3.26639e-07
1725 100 3.49358e-07
1750 100 3.7531e-07
1775 100 4.05115e-07
1800 100 4.39555e-07
1825 100 4.79624e-07
1850 100 5.26598e-07
1875 100 5.82143e-07
1900 100 6.48465e-07
1925 100 7.28537e-07
1950 100 8.26444e-07
1975 100 9.47939e-07
2000 100 1.10133e-06
2025 100 1.29904e-06
2050 100 1.56035e-06
2075 100 1.91683e-06
2100 100 2.42373e-06
2125 100 3.18852e-06
2150 100 4.46073e-06
2175 100 6.91675e-06
2200 100 1.18179e-05
2225 100 1.78515e-05
2250 100 1.40516e-05
2275 100 -1.06779e-05
2300 100 -4.05692e-05
2325 100 -4.83954e-05
2350 100 -3.77877e-05
2375 100 -2.98896e-05
2400 100 -2.03928e-05
2425 100 9.42035e-06
2450 100 3.86472e-05
2475 100 3.68354e-05
2500 100 1.79728e-05
2525 100 5.18595e-06
2550 100 9.46602e-07
2575 100 1.14095e-07
2600 100 9.37117e-09
2625 100 5.37678e-10
2650 100 2.1995e-11
2675 100 6.52684e-13
2700 100 1.42601e-14
2725 100 2.32397e-16
2750 100 2.85774e-18
2775 100 2.67882e-20
2800 100 1.93191e-22
2825 100 1.08084e-24
2850 100 4.72647e-27
2875 100 1.62668e-29
2900 100 4.43395e-32
2925 100 9.62754e-35
2950 100 1.67414e-37
2975 100 2.34291e-40
0 125 0
25 125 -4.95386e-07
50 125 -1.04216e-06
75 125 -1.70795e-06
100 125 -2.60638e-06
125 125 -3.98202e-06
150 125 -6.47092e-06
175 125 -1.12781e-05
200 125 -1.75258e-05
225 125 -1.5596e-05
250 125 6.24722e-06
275 125 3.62302e-05
300 125 4.6676e-05
325 125 3.48472e-05
350 125 2.11494e-05
375 125 1.86826e-05
400 125 2.27582e-05
425 125 1.06692e-05
450 125 -2.31311e-05
475 125 -4.14765e-05
500 125 -2.91676e-05
525 125 -1.11127e-05
550 125 -2.41597e-06
575 125 -1.55215e-07
600 125 2.00215e-07
625 125 2.31283e-07
650 125 2.27793e-07
675 125 2.22375e-07
700 125 2.17408e-07
725 125 2.12972e-07
750 125 2.09033e-07
775 125 2.05557e-07
800 125 2.02516e-07
825 125 1.99885e-07
850 125 1.97643e-07
875 125 1.95774e-07
900 125 1.94264e-07
925 125 1.931e-07
950 125 1.92275e-07
975 125 1.91783e-07
1000 125 1.91619e-07
1025 125 1.91783e-07
1050 125 1.92275e-07
1075 125 1.931e-07
1100 125 1.94264e-07
1125 125 1.95774e-07
1150 125 1.97643e-07
1175 125 1.99885e-07
1200 125 2.02516e-07
1225 125 2.05557e-07
1250 125 2.09033e-07
1275 125 2.12972e-07
1300 125 2.17408e-07
1325 125 2.2238e-07
1350 125 2.27932e-07
1375 125 2.34115e-07
1400 125 2.40991e-07
1425 125 2.48629e-07
1450 125 2.5711e-07
1475 125 2.66527e-07
1500 125 2.76991e-07
1525 125 2.8863e-07
1550 125 3.01596e-07
1575 125 3.16068e-07
1600 125 3.32258e-07
1625 125 3.50419e-07
1650 125 3.70856e-07
1675 125 3.93938e-07
1700 125 4.20112e-07
1725 125 4.4993e-07
1750 125 4.84075e-07
1775 125 5.234e-07
1800 125 5.68985e-07
1825 125 6.22212e-07
1850 125 6.84874e-07
1875 125 7.59328e-07
1900 125 8.48733e-07
1925 125 9.574e-07
1950 125 1.09135e-06
1975 125 1.25921e-06
2000 125 1.47374e-06
2025 125 1.75459e-06
2050 125 2.13351e-06
2075 125 2.66535e-06
2100 125 3.45511e-06
2125 125 4.74134e-06
2150 125 7.1558e-06
2175 125 1.19003e-05
2200 125 1.80948e-05
2225 125 1.61194e-05
2250 125 -5.76315e-06
2275 125 -3.57803e-05
2300 125 -4.62559e-05
2325 125 -3.44532e-05
2350 125 -2.07786e-05
2375 125 -1.83321e-05
2400 125 -2.24259e-05
2425 125 -1.03532e-05
2450 125 2.34327e-05
2475 125 4.17652e-05
2500 125 2.94446e-05
2525 125 1.13793e-05
2550 125 2.67308e-06
2575 125 4.03844e-07
2600 125 4.07762e-08
2625 125 2.83279e-09
2650 125 1.386e-10
2675 125 4.86927e-12
2700 125 1.24874e-13
2725 125 2.37126e-15
2750 125 3.37606e-17
2775 125 3.64389e-19
2800 125 3.01114e-21
2825 125 1.92204e-23
2850 125 9.553e-26
2875 125 3.72418e-28
2900 125 1.14637e-30
2925 125 2.80329e-33
2950 125 5.47644e-36
2975 125 8.59114e-39
0 150 0
25 150 -6.97035e-07
50 150 -1.48133e-06
75 150 -2.47754e-06
100 150 -3.93413e-06
125 150 -6.47092e-06
150 150 -1.12367e-05
175 150 -1.75104e-05
200 150 -1.65467e-05
225 150 3.32789e-06
250 150 3.30413e-05
275 150 4.58156e-05
300 150 3.52695e-05
325 150 1.93788e-05
350 150 1.13361e-05
375 150 1.18798e-05
400 150 1.88229e-05
425 150 2.11488e-05
450 150 -1.94828e-06
475 150 -3.47514e-05
500 150 -3.87652e-05
525 150 -2.04917e-05
550 150 -6.06077e-06
575 150 -9.10389e-07
600 150 1.44806e-07
625 150 2.75041e-07
650 150 2.79356e-07
675 150 2.73149e-07
700 150 2.66982e-07
725 150 2.61455e-07
750 150 2.5655e-07
775 150 2.52223e-07
800 150 2.48438e-07
825 150 2.45166e-07
850 150 2.42379e-07
875 150 2.40055e-07
900 150 2.38178e-07
925 150 2.36732e-07
950 150 2.35706e-07
975 150 2.35094e-07
1000 150 2.34891e-07
1025 150 2.35094e-07
1050 150 2.35706e-07
1075 150 2.36732e-07
1100 150 2.38178e-07
1125 150 2.40055e-07
1150 150 2.42379e-07
1175 150 2.45166e-07
1200 150 2.48438e-07
1225 150 2.52223e-07
1250 150 2.5655e-07
1275 150 2.61455e-07
1300 150 2.66983e-07
1325 150 2.7318e-07
1350 150 2.80105e-07
1375 150 2.87824e-07
1400 150 2.96413e-07
1425 150 3.05962e-07
1450 150 3.16574e-07
1475 150 3.2837e-07
1500 150 3.41492e-07
1525 150 3.56106e-07
1550 150 3.72407e-07
1575 150 3.90628e-07
1600 150 4.11046e-07
1625 150 4.33992e-07
1650 150 4.59865e-07
1675 150 4.89152e-07
1700 150 5.22448e-07
1725 150 5.60486e-07
1750 150 6.04182e-07
1775 150 6.5469e-07
1800 150 7.1348e-07
1825 150 7.8245e-07
1850 150 8.64089e-07
1875 150 9.61713e-07
1900 150 1.07983e-06
1925 150 1.22468e-06
1950 150 1.40519e-06
1975 150 1.63446e-06
2000 150 1.93251e-06
2025 150 2.33149e-06
2050 150 2.88652e-06
2075 150 3.70222e-06
2100 150 5.01396e-06
2125 150 7.43264e-06
2150 150 1.21008e-05
2175 150 1.82928e-05
2200 150 1.72602e-05
2225 150 -2.6732e-06
2250 150 -3.24371e-05
2275 150 -4.52551e-05
2300 150 -3.4747e-05
2325 150 -1.88896e-05
2350 150 -1.08763e-05
2375 150 -1.14458e-05
2400 150 -1.84118e-05
2425 150 -2.07582e-05
2450 150 2.32069e-06
2475 150 3.51075e-05
2500 150 3.91067e-05
2525 150 2.08201e-05
2550 150 6.37734e-06
2575 150 1.21635e-06
2600 150 1.51607e-07
2625 150 1.27832e-08
2650 150 7.48988e-10
2675 150 3.11681e-11
2700 150 9.38185e-13
2725 150 2.07495e-14
2750 150 3.41796e-16
2775 150 4.24382e-18
2800 150 4.01402e-20
2825 150 2.91978e-22
2850 150 1.64731e-24
2875 150 7.26458e-27
2900 150 2.52177e-29
2925 150 6.93508e-32
2950 150 1.51987e-34
2975 150 2.66876e-37
0 175 0
25 175 -1.00083e-06
50 175 -2.16501e-06
75 175 -3.76609e-06
100 175 -6.43713e-06
125 175 -1.12781e-05
150 175 -1.75104e-05
175 175 -1.68336e-05
200 175 1.93726e-06
225 175 3.11281e-05
250 175 4.52686e-05
275 175 3.60637e-05
300 175 1.96347e-05
325 175 9.71578e-06
350 175 7.0738e-06
375 175 8.5303e-06
400 175 1.37934e-05
425 175 2.17421e-05
450 175 1.50208e-05
475 175 -1.76415e-05
500 175 -4.08285e-05
525 175 -3.13181e-05
550 175 -1.25168e-05
575 175 -2.76549e-06
600 175 -1.28198e-07
625 175 2.96024e-07
650 175 3.32796e-07
675 175 3.2765e-07
700 175 3.20246e-07
725 175 3.13505e-07
750 175 3.07521e-07
775 175 3.02245e-07
800 175 2.97633e-07
825 175 2.93646e-07
850 175 2.90252e-07
875 175 2.87424e-07
900 175 2.85139e-07
925 175 2.83379e-07
950 175 2.82132e-07
975 175 2.81387e-07
1000 175 2.81139e-07
1025 175 2.81387e-07
1050 175 2.82132e-07
1075 175 2.83379e-07
1100 175 2.85139e-07
1125 175 2.87424e-07
1150 175 2.90252e-07
1175 175 2.93646e-07
1200 175 2.97633e-07
1225 175 3.02245e-07
1250 175 3.07521e-07
1275 175 3.13505e-07
1300 175 3.20252e-07
1325 175 3.27822e-07
1350 175 3.36288e-07
1375 175 3.45731e-07
1400 175 3.56249e-07
1425 175 3.67954e-07
1450 175 3.80977e-07
1475 175 3.95472e-07
1500 175 4.11617e-07
1525 175 4.29624e-07
1550 175 4.49745e-07
1575 175 4.72278e-07
1600 175 4.97578e-07
1625 175 5.26075e-07
1650 175 5.58289e-07
1675 175 5.94857e-07
1700 175 6.36561e-07
1725 175 6.84374e-07
1750 175 7.39522e-07
1775 175 8.03559e-07
1800 175 8.78487e-07
1825 175 9.66924e-07
1850 175 1.07234e-06
1875 175 1.19945e-06
1900 175 1.35476e-06
1925 175 1.54751e-06
1950 175 1.79124e-06
1975 175 2.10659e-06
2000 175 2.52651e-06
2025 175 3.10741e-06
2050 175 3.95626e-06
2075 175 5.3136e-06
2100 175 7.79189e-06
2125 175 1.24775e-05
2150 175 1.85827e-05
2175 175 1.78005e-05
2200 175 -1.05878e-06
2225 175 -3.03245e-05
2250 175 -4.45291e-05
2275 175 -3.53794e-05
2300 175 -1.89981e-05
2325 175 -9.12093e-06
2350 175 -6.51551e-06
2375 175 -8.00423e-06
2400 175 -1.32958e-05
2425 175 -2.12698e-05
2450 175 -1.4571e-05
2475 175 1.80711e-05
2500 175 4.12402e-05
2525 175 3.17136e-05
2550 175 1.28977e-05
2575 175 3.13344e-06
2600 175 4.84447e-07
2625 175 4.97067e-08
2650 175 3.49217e-09
2675 175 1.72204e-10
2700 175 6.08296e-12
2725 175 1.56598e-13
2750 175 2.98188e-15
2775 175 4.25436e-17
2800 175 4.60006e-19
2825 175 3.80782e-21
2850 175 2.43507e-23
2875 175 1.2129e-25
2900 175 4.74068e-28
2925 175 1.46383e-30
2950 175 3.59305e-33
2975 175 7.05033e-36
0 200 0
25 200 -1.50698e-06
50 200 -3.38223e-06
75 200 -6.32041e-06
100 200 -1.13784e-05
125 200 -1.75258e-05
150 200 -1.65467e-05
175 200 1.93726e-06
200 200 3.04878e-05
225 200 4.49782e-05
250 200 3.66341e-05
275 200 2.01533e-05
300 200 9.3493e-06
325 200 5.61038e-06
350 200 5.45265e-06
375 200 6.85755e-06
400 200 1.01673e-05
425 200 1.74862e-05
450 200 2.22971e-05
475 200 2.38588e-06
500 200 -3.21351e-05
525 200 -3.94673e-05
550 200 -2.17048e-05
575 200 -6.50067e-06
600 200 -9.16329e-07
625 200 2.41395e-07
650 200 3.83405e-07
675 200 3.86491e-07
700 200 3.78149e-07
725 200 3.70049e-07
750 200 3.6284e-07
775 200 3.56489e-07
800 200 3.5094e-07
825 200 3.46145e-07
850 200 3.42066e-07
875 200 3.38667e-07
900 200 3.35922e-07
925 200 3.33808e-07
950 200 3.32311e-07
975 200 3.31417e-07
1000 200 3.31119e-07
1025 200 3.31417e-07
1050 200 3.32311e-07
1075 200 3.33808e-07
1100 200 3.35922e-07
1125 200 3.38667e-07
1150 200 3.42066e-07
1175 200 3.46145e-07
1200 200 3.5094e-07
1225 200 3.56489e-07
1250 200 3.6284e-07
1275 200 3.7005e-07
1300 200 3.78184e-07
1325 200 3.87317e-07
1350 200 3.9754e-07
1375 200 4.08956e-07
1400 200 4.21685e-07
1425 200 4.35868e-07
1450 200 4.5167e-07
1475 200 4.69283e-07
1500 200 4.88935e-07
1525 200 5.10895e-07
1550 200 5.35481e-07
1575 200 5.63076e-07
1600 200 5.94139e-07
1625 200 6.29224e-07
1650 200 6.6901e-07
1675 200 7.1433e-07
1700 200 7.66217e-07
1725 200 8.25971e-07
1750 200 8.95237e-07
1775 200 9.76132e-07
1800 200 1.07141e-06
1825 200 1.18474e-06
1850 200 1.32106e-06
1875 200 1.4872e-06
1900 200 1.69283e-06
1925 200 1.95213e-06
1950 200 2.28662e-06
1975 200 2.73077e-06
2000 200 3.34358e-06
2025 200 4.23774e-06
2050 200 5.66886e-06
2075 200 8.27253e-06
2100 200 1.30712e-05
2125 200 1.9013e-05
2150 200 1.78678e-05
2175 200 -7.5252e-07
2200 200 -2.94164e-05
2225 200 -4.40021e-05
2250 200 -3.57389e-05
2275 200 -1.93273e-05
2300 200 -8.58309e-06
2325 200 -4.89605e-06
2350 200 -4.78364e-06
2375 200 -6.22833e-06
2400 200 -9.57313e-06
2425 200 -1.69231e-05
2450 200 -2.17617e-05
2475 200 -1.87499e-06
2500 200 3.2624e-05
2525 200 3.99366e-05
2550 200 2.21565e-05
2575 200 6.93654e-06
2600 200 1.33801e-06
2625 200 1.67561e-07
2650 200 1.4135e-08
2675 200 8.26259e-10
2700 200 3.42414e-11
2725 200 1.0253e-12
2750 200 2.25444e-14
2775 200 3.69129e-16
2800 200 4.556e-18
2825 200 4.28505e-20
2850 200 3.10089e-22
2875 200 1.74155e-24
2900 200 7.65083e-27
2925 200 2.64783e-29
2950 200 7.26609e-32
2975 200 1.59039e-34
0 225 0
25 225 -2.5008e-06
50 225 -5.96421e-06
75 225 -1.14379e-05
100 225 -1.74464e-05
125 225 -1.5596e-05
150 225 3.32789e-06
175 225 3.11281e-05
200 225 4.49782e-05
225 225 3.68339e-05
250 225 2.04865e-05
275 225 9.31187e-06
300 225 5.02771e-06
325 225 4.28101e-06
350 225 4.77439e-06
375 225 5.89925e-06
400 225 8.02731e-06
425 225 1.29595e-05
450 225 2.13872e-05
475 225 1.70542e-05
500 225 -1.50133e-05
525 225 -4.02507e-05
550 225 -3.17876e-05
575 225 -1.27375e-05
600 225 -2.7176e-06
625 225 -1.37646e-08
650 225 4.15189e-07
675 225 4.49436e-07
700 225 4.41787e-07
725 225 4.32212e-07
750 225 4.23595e-07
775 225 4.16004e-07
800 225 4.09376e-07
825 225 4.03654e-07
850 225 3.98786e-07
875 225 3.94733e-07
900 225 3.91461e-07
925 225 3.88942e-07
950 225 3.87158e-07
975 225 3.86092e-07
1000 225 3.85738e-07
1025 225 3.86092e-07
1050 225 3.87158e-07
1075 225 3.88942e-07
1100 225 3.91461e-07
1125 225 3.94733e-07
1150 225 3.98786e-07
1175 225 4.03654e-07
1200 225 4.09376e-07
1225 225 4.16004e-07
1250 225 4.23595e-07
1275 225 4.32218e-07
1300 225 4.41955e-07
1325 225 4.529e-07
1350 225 4.65164e-07
1375 225 4.78875e-07
1400 225 4.94184e-07
1425 225 5.11266e-07
1450 225 5.3033e-07
1475 225 5.51618e-07
1500 225 5.75418e-07
1525 225 6.02071e-07
1550 225 6.31987e-07
1575 225 6.65656e-07
1600 225 7.03671e-07
1625 225 7.46755e-07
1650 225 7.95798e-07
1675 225 8.51901e-07
1700 225 9.16447e-07
1725 225 9.91187e-07
1750 225 1.07837e-06
1775 225 1.18093e-06
1800 225 1.30274e-06
1825 225 1.44906e-06
1850 225 1.62713e-06
1875 225 1.84721e-06
1900 225 2.12434e-06
1925 225 2.48146e-06
1950 225 2.95532e-06
1975 225 3.60937e-06
2000 225 4.56656e-06
2025 225 6.11016e-06
2050 225 8.91953e-06
2075 225 1.39194e-05
2100 225 1.95707e-05
2125 225 1.74433e-05
2150 225 -1.70076e-06
2175 225 -2.9679e-05
2200 225 -4.36754e-05
2225 225 -3.56529e-05
2250 225 -1.94082e-05
2275 225 -8.32068e-06
2300 225 -4.11126e-06
2325 225 -3.42911e-06
2350 225 -3.97859e-06
2375 225 -5.1525e-06
2400 225 -7.32364e-06
2425 225 -1.22939e-05
2450 225 -2.07552e-05
2475 225 -1.64521e-05
2500 225 1.55887e-05
2525 225 4.08023e-05
2550 225 3.23179e-05
2575 225 1.32487e-05
2600 225 3.21178e-06
2625 225 4.92639e-07
2650 225 4.99751e-08
2675 225 3.46419e-09
2700 225 1.68358e-10
2725 225 5.85839e-12
2750 225 1.48564e-13
2775 225 2.78749e-15
2800 225 3.92092e-17
2825 225 4.18275e-19
2850 225 3.41893e-21
2875 225 2.16101e-23
2900 225 1.065e-25
2925 225 4.12304e-28
2950 225 1.26244e-30
2975 225 3.07621e-33
0 250 0
25 250 -4.82535e-06
50 250 -1.11338e-05
75 250 -1.69616e-05
100 250 -1.36763e-05
125 250 6.24722e-06
150 250 3.30413e-05
175 250 4.52686e-05
200 250 3.66341e-05
225 250 2.04865e-05
250 250 9.32343e-06
275 250 4.813e-06
300 250 3.7736e-06
325 250 3.89651e-06
350 250 4.42005e-06
375 250 5.29009e-06
400 250 6.77749e-06
425 250 9.86199e-06
450 250 1.70356e-05
475 250 2.28099e-05
500 250 3.7363e-06
525 250 -3.14899e-05
550 250 -3.92161e-05
575 250 -2.13018e-05
600 250 -6.1595e-06
625 250 -7.135e-07
650 250 3.85496e-07
675 250 5.13343e-07
700 250 5.12306e-07
725 250 5.01382e-07
750 250 4.91128e-07
775 250 4.82086e-07
800 250 4.74198e-07
825 250 4.6739e-07
850 250 4.61604e-07
875 250 4.56789e-07
900 250 4.52902e-07
925 250 4.49912e-07
950 250 4.47794e-07
975 250 4.4653e-07
1000 250 4.4611e-07
1025 250 4.4653e-07
1050 250 4.47794e-07
1075 250 4.49912e-07
1100 250 4.52902e-07
1125 250 4.56789e-07
1150 250 4.61604e-07
1175 250 4.6739e-07
1200 250 4.74198e-07
1225 250 4.82086e-07
1250 250 4.91129e-07
1275 250 5.01411e-07
1300 250 5.13033e-07
1325 250 5.26113e-07
1350 250 5.40786e-07
1375 250 5.57216e-07
1400 250 5.75589e-07
1425 250 5.96128e-07
1450 250 6.19094e-07
1475 250 6.44795e-07
1500 250 6.73598e-07
1525 250 7.05942e-07
1550 250 7.42353e-07
1575 250 7.83467e-07
1600 250 8.3006e-07
1625 250 8.83087e-07
1650 250 9.43729e-07
1675 250 1.01347e-06
1700 250 1.09418e-06
1725 250 1.18829e-06
1750 250 1.29892e-06
1775 250 1.43026e-06
1800 250 1.58794e-06
1825 250 1.77976e-06
1850 250 2.01679e-06
1875 250 2.31531e-06
1900 250 2.70024e-06
1925 250 3.21184e-06
1950 250 3.92051e-06
1975 250 4.96614e-06
2000 250 6.67686e-06
2025 250 9.79149e-06
2050 250 1.50543e-05
2075 250 2.01735e-05
2100 250 1.63765e-05
2125 250 -3.93191e-06
2150 250 -3.10245e-05
2175 250 -4.34889e-05
2200 250 -3.50461e-05
2225 250 -1.90563e-05
2250 250 -8.0245e-06
2275 250 -3.62471e-06
2300 250 -2.67942e-06
2325 250 -2.88304e-06
2350 250 -3.47632e-06
2375 250 -4.407e-06
2400 250 -5.94743e-06
2425 250 -9.07852e-06
2450 250 -1.62932e-05
2475 250 -2.2104e-05
2500 250 -3.0627e-06
2525 250 3.21347e-05
2550 250 3.98352e-05
2575 250 2.18979e-05
2600 250 6.73509e-06
2625 250 1.27072e-06
2650 250 1.5529e-07
2675 250 1.27698e-08
2700 250 7.27457e-10
2725 250 2.93872e-11
2750 250 8.5831e-13
2775 250 1.84245e-14
2800 250 2.94821e-16
2825 250 3.56041e-18
2850 250 3.28063e-20
2875 250 2.32888e-22
2900 250 1.28485e-24
2925 250 5.55248e-27
2950 250 1.89297e-29
2975 250 5.12418e-32
0 275 0
25 275 -9.05891e-06
50 275 -1.51674e-05
75 275 -1.00914e-05
100 275 1.10273e-05
125 275 3.62302e-05
150 275 4.58156e-05
175 275 3.60637e-05
200 275 2.01533e-05
225 275 9.31187e-06
250 275 4.813e-06
275 275 3.62794e-06
300 275 3.54698e-06
325 275 3.79066e-06
350 275 4.22109e-06
375 275 4.89699e-06
400 275 6.0016e-06
425 275 8.04151e-06
450 275 1.28536e-05
475 275 2.15665e-05
500 275 1.73624e-05
525 275 -1.54523e-05
550 275 -4.01963e-05
575 275 -3.0665e-05
600 275 -1.17276e-05
625 275 -2.246e-06
650 275 1.99797e-07
675 275 5.67276e-07
700 275 5.90502e-07
725 275 5.79275e-07
750 275 5.67139e-07
775 275 5.56371e-07
800 275 5.46983e-07
825 275 5.38889e-07
850 275 5.32014e-07
875 275 5.26295e-07
900 275 5.21682e-07
925 275 5.18135e-07
950 275 5.15622e-07
975 275 5.14123e-07
1000 275 5.13625e-07
1025 275 5.14123e-07
1050 275 5.15622e-07
1075 275 5.18135e-07
1100 275 5.21682e-07
1125 275 5.26295e-07
1150 275 5.32014e-07
1175 275 5.38889e-07
1200 275 5.46983e-07
1225 275 5.56371e-07
1250 275 5.67143e-07
1275 275 5.79405e-07
1300 275 5.93281e-07
1325 275 6.08919e-07
1350 275 6.2649e-07
1375 275 6.46198e-07
1400 275 6.68279e-07
1425 275 6.93015e-07
1450 275 7.2074e-07
1475 275 7.51847e-07
1500 275 7.86811e-07
1525 275 8.262e-07
1550 275 8.70701e-07
1575 275 9.21154e-07
1600 275 9.78589e-07
1625 275 1.04429e-06
1650 275 1.11985e-06
1675 275 1.20732e-06
1700 275 1.30931e-06
1725 275 1.42925e-06
1750 275 1.57166e-06
1775 275 1.74272e-06
1800 275 1.95095e-06
1825 275 2.20855e-06
1850 275 2.53351e-06
1875 275 2.95363e-06
1900 275 3.51437e-06
1925 275 4.29688e-06
1950 275 5.46854e-06
1975 275 7.42583e-06
2000 275 1.09655e-05
2025 275 1.64847e-05
2050 275 2.06359e-05
2075 275 1.43883e-05
2100 275 -7.5129e-06
2125 275 -3.32766e-05
2150 275 -4.32821e-05
2175 275 -3.38552e-05
2200 275 -1.82023e-05
2225 275 -7.56915e-06
2250 275 -3.24134e-06
2275 275 -2.19869e-06
2300 275 -2.23767e-06
2325 275 -2.58334e-06
2350 275 -3.10123e-06
2375 275 -3.85271e-06
2400 275 -5.02301e-06
2425 275 -7.12036e-06
2450 275 -1.19829e-05
2475 275 -2.07403e-05
2500 275 -1.65756e-05
2525 275 1.62041e-05
2550 275 4.09171e-05
2575 275 3.1358e-05
2600 275 1.23959e-05
2625 275 2.8922e-06
2650 275 4.26693e-07
2675 275 4.1643e-08
2700 275 2.77926e-09
2725 275 1.30195e-10
2750 275 4.3729e-12
2775 275 1.07201e-13
2800 275 1.94758e-15
2825 275 2.65704e-17
2850 275 2.75388e-19
2875 275 2.19076e-21
2900 275 1.35e-23
2925 275 6.49755e-26
2950 275 2.46082e-28
2975 275 7.38324e-31
0 300 0
25 300 -8.08112e-06
50 300 -2.64251e-06
75 300 1.85978e-05
100 300 4.08958e-05
125 300 4.6676e-05
150 300 3.52695e-05
175 300 1.96347e-05
200 300 9.3493e-06
225 300 5.02771e-06
250 300 3.7736e-06
275 300 3.54698e-06
300 300 3.61022e-06
325 300 3.80544e-06
350 300 4.13681e-06
375 300 4.66298e-06
400 300 5.50925e-06
425 300 6.97078e-06
450 300 1.00398e-05
475 300 1.74302e-05
500 300 2.3076e-05
525 300 2.2354e-06
550 300 -3.29083e-05
575 300 -3.80272e-05
600 300 -1.93273e-05
625 300 -5.09185e-06
650 300 -3.17975e-07
675 300 5.83001e-07
700 300 6.75667e-07
725 300 6.6798e-07
750 300 6.53807e-07
775 300 6.4096e-07
800 300 6.29759e-07
825 300 6.20111e-07
850 300 6.11923e-07
875 300 6.05117e-07
900 300 5.99631e-07
925 300 5.95414e-07
950 300 5.92428e-07
975 300 5.90647e-07
1000 300 5.90055e-07
1025 300 5.90647e-07
1050 300 5.92428e-07
1075 300 5.95414e-07
1100 300 5.99631e-07
1125 300 6.05117e-07
1150 300 6.11923e-07
1175 300 6.20111e-07
1200 300 6.29759e-07
1225 300 6.4096e-07
1250 300 6.53827e-07
1275 300 6.68492e-07
1300 300 6.85113e-07
1325 300 7.03874e-07
1350 300 7.24994e-07
1375 300 7.48729e-07
1400 300 7.75385e-07
1425 300 8.05322e-07
1450 300 8.38969e-07
1475 300 8.76842e-07
1500 300 9.19559e-07
1525 300 9.6787e-07
1550 300 1.02269e-06
1575 300 1.08515e-06
1600 300 1.15665e-06
1625 300 1.23895e-06
1650 300 1.33428e-06
1675 300 1.44554e-06
1700 300 1.57649e-06
1725 300 1.73217e-06
1750 300 1.91943e-06
1775 300 2.14782e-06
1800 300 2.43105e-06
1825 300 2.78958e-06
1850 300 3.25534e-06
1875 300 3.88156e-06
1900 300 4.76653e-06
1925 300 6.12258e-06
1950 300 8.44314e-06
1975 300 1.2533e-05
2000 300 1.81495e-05
2025 300 2.06141e-05
2050 300 1.10856e-05
2075 300 -1.24752e-05
2100 300 -3.61293e-05
2125 300 -4.27944e-05
2150 300 -3.20141e-05
2175 300 -1.68451e-05
2200 300 -6.91826e-06
2225 300 -2.8799e-06
2250 300 -1.85417e-06
2275 300 -1.81481e-06
2300 300 -2.03373e-06
2325 300 -2.3599e-06
2350 300 -2.80253e-06
2375 300 -3.42403e-06
2400 300 -4.3526e-06
2425 300 -5.88563e-06
2450 300 -9.01712e-06
2475 300 -1.64623e-05
2500 300 -2.21564e-05
2525 300 -1.35855e-06
2550 300 3.37473e-05
2575 300 3.88326e-05
2600 300 2.01027e-05
2625 300 5.84058e-06
2650 300 1.04297e-06
2675 300 1.20873e-07
2700 300 9.44575e-09
2725 300 5.12482e-10
2750 300 1.97617e-11
2775 300 5.52191e-13
2800 300 1.13658e-14
2825 300 1.7478e-16
2850 300 2.03292e-18
2875 300 1.808e-20
2900 300 1.24146e-22
2925 300 6.63859e-25
2950 300 2.78629e-27
2975 300 9.24337e-30
0 325 0
25 325 1.38041e-05
50 325 3.32714e-05
75 325 4.89635e-05
100 325 4.8702e-05
125 325 3.48472e-05
150 325 1.93788e-05
175 325 9.71578e-06
200 325 5.61038e-06
225 325 4.28101e-06
250 325 3.89651e-06
275 325 3.79066e-06
300 325 3.80544e-06
325 325 3.92262e-06
350 325 4.16056e-06
375 325 4.56304e-06
400 325 5.21812e-06
425 325 6.31757e-06
450 325 8.38921e-06
475 325 1.34544e-05
500 325 2.24034e-05
525 325 1.59256e-05
550 325 -1.88728e-05
575 325 -4.03248e-05
600 325 -2.79047e-05
625 325 -9.65035e-06
650 325 -1.44123e-06
675 325 5.00206e-07
700 325 7.62998e-07
725 325 7.699e-07
750 325 7.53984e-07
775 325 7.38609e-07
800 325 7.25178e-07
825 325 7.13621e-07
850 325 7.03823e-07
875 325 6.95685e-07
900 325 6.8913e-07
925 325 6.84094e-07
950 325 6.80529e-07
975 325 6.78404e-07
1000 325 6.77698e-07
1025 325 6.78404e-07
1050 325 6.80529e-07
1075 325 6.84094e-07
1100 325 6.8913e-07
1125 325 6.95685e-07
1150 325 7.03823e-07
1175 325 7.13621e-07
1200 325 7.25178e-07
1225 325 7.38612e-07
1250 325 7.54064e-07
1275 325 7.71703e-07
1300 325 7.91728e-07
1325 325 8.14377e-07
1350 325 8.39929e-07
1375 325 8.68716e-07
1400 325 9.01133e-07
1425 325 9.37652e-07
1450 325 9.78838e-07
1475 325 1.02537e-06
1500 325 1.07808e-06
1525 325 1.13798e-06
1550 325 1.20632e-06
1575 325 1.28465e-06
1600 325 1.37494e-06
1625 325 1.47967e-06
1650 325 1.6021e-06
1675 325 1.74645e-06
1700 325 1.91843e-06
1725 325 2.12583e-06
1750 325 2.37959e-06
1775 325 2.69559e-06
1800 325 3.09779e-06
1825 325 3.62429e-06
1850 325 4.34038e-06
1875 325 5.37293e-06
1900 325 7.00828e-06
1925 325 9.8567e-06
1950 325 1.457e-05
1975 325 1.98274e-05
2000 325 1.95449e-05
2025 325 6.02327e-06
2050 325 -1.87014e-05
2075 325 -3.91068e-05
2100 325 -4.16937e-05
2125 325 -2.94743e-05
2150 325 -1.50384e-05
2175 325 -6.0915e-06
2200 325 -2.51259e-06
2225 325 -1.58541e-06
2250 325 -1.51691e-06
2275 325 -1.66483e-06
2300 325 -1.887e-06
2325 325 -2.17617e-06
2350 325 -2.55846e-06
2375 325 -3.08336e-06
2400 325 -3.84318e-06
2425 325 -5.03292e-06
2450 325 -7.18289e-06
2475 325 -1.23164e-05
2500 325 -2.13254e-05
2525 325 -1.49002e-05
2550 325 1.98516e-05
2575 325 4.12624e-05
2600 325 2.88058e-05
2625 325 1.05191e-05
2650 325 2.28116e-06
2675 325 3.14171e-07
2700 325 2.87307e-08
2725 325 1.80298e-09
2750 325 7.9676e-11
2775 325 2.53236e-12
2800 325 5.89204e-14
2825 325 1.01885e-15
2850 325 1.32661e-17
2875 325 1.31571e-19
2900 325 1.0041e-21
2925 325 5.95037e-24
2950 325 2.76061e-26
2975 325 1.01003e-28
0 350 0
25 350 4.24127e-05
50 350 6.25504e-05
75 350 5.66846e-05
100 350 3.80767e-05
125 350 2.11494e-05
150 350 1.13361e-05
175 350 7.0738e-06
200 350 5.45265e-06
225 350 4.77439e-06
250 350 4.42005e-06
275 350 4.22109e-06
300 350 4.13681e-06
325 350 4.16056e-06
350 350 4.30263e-06
375 350 4.59267e-06
400 350 5.09319e-06
425 350 5.93602e-06
450 350 7.43857e-06
475 350 1.07277e-05
500 350 1.87511e-05
525 350 2.286e-05
550 350 -2.31778e-06
575 350 -3.57408e-05
600 350 -3.54552e-05
625 350 -1.59644e-05
650 350 -3.5136e-06
675 350 2.0947e-07
700 350 8.38787e-07
725 350 8.87422e-07
750 350 8.71444e-07
775 350 8.53015e-07
800 350 8.36789e-07
825 350 8.2284e-07
850 350 8.11028e-07
875 350 8.01228e-07
900 350 7.9334e-07
925 350 7.87284e-07
950 350 7.83e-07
975 350 7.80446e-07
1000 350 7.79598e-07
1025 350 7.80446e-07
1050 350 7.83e-07
1075 350 7.87284e-07
1100 350 7.9334e-07
1125 350 8.01228e-07
1150 350 8.11028e-07
1175 350 8.2284e-07
1200 350 8.36789e-07
1225 350 8.53026e-07
1250 350 8.71732e-07
1275 350 8.93125e-07
1300 350 9.17463e-07
1325 350 9.45053e-07
1350 350 9.76263e-07
1375 350 1.01153e-06
1400 350 1.05137e-06
1425 350 1.09643e-06
1450 350 1.14745e-06
1475 350 1.20536e-06
1500 350 1.27131e-06
1525 350 1.3467e-06
1550 350 1.43328e-06
1575 350 1.53327e-06
1600 350 1.64953e-06
1625 350 1.78575e-06
1650 350 1.94682e-06
1675 350 2.13934e-06
1700 350 2.37241e-06
1725 350 2.65894e-06
1750 350 3.01795e-06
1775 350 3.47861e-06
1800 350 4.08852e-06
1825 350 4.93303e-06
1850 350 6.18987e-06
1875 350 8.261e-06
1900 350 1.18348e-05
1925 350 1.70449e-05
1950 350 2.0995e-05
1975 350 1.66295e-05
2000 350 -1.14471e-06
2025 350 -2.57832e-05
2050 350 -4.15554e-05
2075 350 -3.96397e-05
2100 350 -2.62419e-05
2125 350 -1.28884e-05
2150 350 -5.14626e-06
2175 350 -2.14076e-06
2200 350 -1.36414e-06
2225 350 -1.29578e-06
2250 350 -1.4021e-06
2275 350 -1.56214e-06
2300 350 -1.7644e-06
2325 350 -2.02122e-06
2350 350 -2.3558e-06
2375 350 -2.80692e-06
2400 350 -3.44366e-06
2425 350 -4.40275e-06
2450 350 -6.0053e-06
2475 350 -9.38102e-06
2500 350 -1.74798e-05
2525 350 -2.16546e-05
2550 350 3.46523e-06
2575 350 3.68372e-05
2600 350 3.65065e-05
2625 350 1.69759e-05
2650 350 4.48986e-06
2675 350 7.35583e-07
2700 350 7.86755e-08
2725 350 5.70258e-09
2750 350 2.88251e-10
2775 350 1.03977e-11
2800 350 2.7281e-13
2825 350 5.29119e-15
2850 350 7.69244e-17
2875 350 8.48525e-19
2900 350 7.17804e-21
2925 350 4.70138e-23
2950 350 2.40453e-25
2975 350 9.67666e-28
0 375 0
25 375 3.23094e-05
50 375 4.73376e-05
75 375 4.30944e-05
100 375 3.01629e-05
125 375 1.86826e-05
150 375 1.18798e-05
175 375 8.5303e-06
200 375 6.85755e-06
225 375 5.89925e-06
250 375 5.29009e-06
275 375 4.89699e-06
300 375 4.66298e-06
325 375 4.56304e-06
350 375 4.59267e-06
375 375 4.76706e-06
400 375 5.12857e-06
425 375 5.76982e-06
450 375 6.90155e-06
475 375 9.13371e-06
500 375 1.49036e-05
525 375 2.37114e-05
550 375 1.20378e-05
575 375 -2.47728e-05
600 375 -3.95937e-05
625 375 -2.34638e-05
650 375 -6.85508e-06
675 375 -4.58073e-07
700 375 8.7325e-07
725 375 1.02211e-06
750 375 1.01124e-06
775 375 9.89248e-07
800 375 9.69452e-07
825 375 9.52443e-07
850 375 9.3806e-07
875 375 9.26141e-07
900 375 9.16556e-07
925 375 9.09204e-07
950 375 9.04006e-07
975 375 9.00908e-07
1000 375 8.99879e-07
1025 375 9.00908e-07
1050 375 9.04006e-07
1075 375 9.09204e-07
1100 375 9.16556e-07
1125 375 9.26141e-07
1150 375 9.3806e-07
1175 375 9.52443e-07
1200 375 9.69453e-07
1225 375 9.89287e-07
1250 375 1.01218e-06
1275 375 1.03842e-06
1300 375 1.06835e-06
1325 375 1.10237e-06
1350 375 1.14098e-06
1375 375 1.18477e-06
1400 375 1.23444e-06
1425 375 1.29087e-06
1450 375 1.35509e-06
1475 375 1.42842e-06
1500 375 1.51246e-06
1525 375 1.60925e-06
1550 375 1.72135e-06
1575 375 1.85208e-06
1600 375 2.00579e-06
1625 375 2.18824e-06
1650 375 2.40732e-06
1675 375 2.67401e-06
1700 375 3.00413e-06
1725 375 3.42136e-06
1750 375 3.96305e-06
1775 375 4.69256e-06
1800 375 5.73212e-06
1825 375 7.35246e-06
1850 375 1.00991e-05
1875 375 1.4521e-05
1900 375 1.96148e-05
1925 375 2.06756e-05
1950 375 1.0956e-05
1975 375 -1.03982e-05
2000 375 -3.29008e-05
2025 375 -4.27076e-05
2050 375 -3.63815e-05
2075 375 -2.24188e-05
2100 375 -1.05481e-05
2125 375 -4.16154e-06
2150 375 -1.78064e-06
2175 375 -1.17785e-06
2200 375 -1.12543e-06
2225 375 -1.20669e-06
2250 375 -1.32704e-06
2275 375 -1.47563e-06
2300 375 -1.65885e-06
2325 375 -1.88903e-06
2350 375 -2.18535e-06
2375 375 -2.57882e-06
2400 375 -3.12279e-06
2425 375 -3.91774e-06
2450 375 -5.1802e-06
2475 375 -7.52447e-06
2500 375 -1.33911e-05
2525 375 -2.2283e-05
2550 375 -1.06827e-05
2575 375 2.60636e-05
2600 375 4.08282e-05
2625 375 2.46485e-05
2650 375 7.99607e-06
2675 375 1.56045e-06
2700 375 1.95099e-07
2725 375 1.63091e-08
2750 375 9.41043e-10
2775 375 3.84348e-11
2800 375 1.13428e-12
2825 375 2.46095e-14
2850 375 3.9838e-16
2875 375 4.87386e-18
2900 375 4.55744e-20
2925 375 3.28984e-22
2950 375 1.84972e-24
2975 375 8.16491e-27
0 400 0
25 400 -6.95065e-06
50 400 -2.79695e-06
75 400 1.00783e-05
100 400 2.06522e-05
125 400 2.27582e-05
150 400 1.88229e-05
175 400 1.37934e-05
200 400 1.01673e-05
225 400 8.02731e-06
250 400 6.77749e-06
275 400 6.0016e-06
300 400 5.50925e-06
325 400 5.21812e-06
350 400 5.09319e-06
375 400 5.12857e-06
400 400 5.34632e-06
425 400 5.80919e-06
450 400 6.66252e-06
475 400 8.27569e-06
500 400 1.21046e-05
525 400 2.10659e-05
550 400 2.11924e-05
575 400 -1.01117e-05
600 400 -3.84964e-05
625 400 -3.0901e-05
650 400 -1.16079e-05
675 400 -1.72069e-06
700 400 8.1239e-07
725 400 1.17325e-06
750 400 1.18021e-06
775 400 1.15445e-06
800 400 1.13001e-06
825 400 1.10899e-06
850 400 1.09124e-06
875 400 1.07656e-06
900 400 1.06476e-06
925 400 1.05572e-06
950 400 1.04934e-06
975 400 1.04553e-06
1000 400 1.04427e-06
1025 400 1.04553e-06
1050 400 1.04934e-06
1075 400 1.05572e-06
1100 400 1.06476e-06
1125 400 1.07656e-06
1150 400 1.09124e-06
1175 400 1.10899e-06
1200 400 1.13001e-06
1225 400 1.15458e-06
1250 400 1.183e-06
1275 400 1.21566e-06
1300 400 1.25303e-06
1325 400 1.29567e-06
1350 400 1.34424e-06
1375 400 1.39957e-06
1400 400 1.46265e-06
1425 400 1.53472e-06
1450 400 1.61728e-06
1475 400 1.71223e-06
1500 400 1.82198e-06
1525 400 1.94957e-06
1550 400 2.09898e-06
1575 400 2.27546e-06
1600 400 2.48608e-06
1625 400 2.74057e-06
1650 400 3.05274e-06
1675 400 3.44286e-06
1700 400 3.94212e-06
1725 400 4.60153e-06
1750 400 5.51403e-06
1775 400 6.87715e-06
1800 400 9.11076e-06
1825 400 1.28025e-05
1850 400 1.78015e-05
1875 400 2.13055e-05
1900 400 1.74313e-05
1925 400 1.87696e-06
1950 400 -2.10207e-05
1975 400 -3.88214e-05
2000 400 -4.18489e-05
2025 400 -3.18708e-05
2050 400 -1.82237e-05
2075 400 -8.20129e-06
2100 400 -3.2209e-06
2125 400 -1.45273e-06
2150 400 -1.02144e-06
2175 400 -9.90862e-07
2200 400 -1.05652e-06
2225 400 -1.15015e-06
2250 400 -1.26346e-06
2275 400 -1.40007e-06
2300 400 -1.56713e-06
2325 400 -1.77526e-06
2350 400 -2.04045e-06
2375 400 -2.388e-06
2400 400 -2.86024e-06
2425 400 -3.53373e-06
2450 400 -4.56354e-06
2475 400 -6.32613e-06
2500 400 -1.02827e-05
2525 400 -1.93537e-05
2550 400 -1.95752e-05
2575 400 1.16464e-05
2600 400 3.9959e-05
2625 400 3.23006e-05
