0 0 0
25 0 0
50 0 0
75 0 0
100 0 0
125 0 0
150 0 0
175 0 0
200 0 0
225 0 0
250 0 0
275 0 0
300 0 0
325 0 0
350 0 0
375 0 0
400 0 0
425 0 0
450 0 0
475 0 0
500 0 0
525 0 0
550 0 0
575 0 0
600 0 0
625 0 0
650 0 0
675 0 0
700 0 0
725 0 0
750 0 0
775 0 0
800 0 0
825 0 0
850 0 0
875 0 0
900 0 0
925 0 0
950 0 0
975 0 0
1000 0 0
1025 0 0
1050 0 0
1075 0 0
1100 0 0
1125 0 0
1150 0 0
1175 0 0
1200 0 0
1225 0 0
1250 0 0
1275 0 0
1300 0 0
1325 0 0
1350 0 0
1375 0 0
1400 0 0
1425 0 0
1450 0 0
1475 0 0
1500 0 0
1525 0 0
1550 0 0
1575 0 0
1600 0 0
1625 0 0
1650 0 0
1675 0 0
1700 0 0
1725 0 0
1750 0 0
1775 0 0
1800 0 0
1825 0 0
1850 0 0
1875 0 0
1900 0 0
1925 0 0
1950 0 0
1975 0 0
2000 0 0
2025 0 0
2050 0 0
2075 0 0
2100 0 0
2125 0 0
2150 0 0
2175 0 0
2200 0 0
2225 0 0
2250 0 0
2275 0 0
2300 0 0
2325 0 0
2350 0 0
2375 0 0
2400 0 0
2425 0 0
2450 0 0
2475 0 0
2500 0 0
2525 0 0
2550 0 0
2575 0 0
2600 0 0
2625 0 0
2650 0 0
2675 0 0
2700 0 0
2725 0 0
2750 0 0
2775 0 0
2800 0 0
2825 0 0
2850 0 0
2875 0 0
2900 0 0
2925 0 0
2950 0 0
2975 0 0
0 25 0
25 25 1.09456e-210
50 25 7.22541e-205
75 25 3.83296e-199
100 25 1.6287e-193
125 25 5.52454e-188
150 25 1.49047e-182
175 25 3.18609e-177
200 25 5.37453e-172
225 25 7.12373e-167
250 25 7.3856e-162
275 25 5.96052e-157
300 25 3.7255e-152
325 25 1.79364e-147
350 25 6.61359e-143
375 25 1.85626e-138
400 25 3.94025e-134
425 25 6.28195e-130
450 25 7.46739e-126
475 25 6.56695e-122
500 25 4.23724e-118
525 25 1.98843e-114
550 25 6.72344e-111
575 25 1.62194e-107
600 25 2.76252e-104
625 25 3.28558e-101
650 25 2.6973e-98
675 25 1.51007e-95
700 25 5.69319e-93
725 25 1.42683e-90
750 25 2.34585e-88
775 25 2.49661e-86
800 25 1.69738e-84
825 25 7.27776e-83
850 25 1.94398e-81
875 25 3.19857e-80
900 25 3.20933e-79
925 25 1.9469e-78
950 25 7.09185e-78
975 25 1.54344e-77
1000 25 2.00084e-77
1025 25 1.54344e-77
1050 25 7.09185e-78
1075 25 1.9469e-78
1100 25 3.20933e-79
1125 25 3.19857e-80
1150 25 1.94398e-81
1175 25 7.27776e-83
1200 25 1.69738e-84
1225 25 2.49661e-86
1250 25 2.34585e-88
1275 25 1.42683e-90
1300 25 5.69319e-93
1325 25 1.51007e-95
1350 25 2.6973e-98
1375 25 3.28558e-101
1400 25 2.76252e-104
1425 25 1.62194e-107
1450 25 6.72344e-111
1475 25 1.98843e-114
1500 25 4.23724e-118
1525 25 6.56695e-122
1550 25 7.46739e-126
1575 25 6.28195e-130
1600 25 3.94025e-134
1625 25 1.85626e-138
1650 25 6.61359e-143
1675 25 1.79364e-147
1700 25 3.7255e-152
1725 25 5.96052e-157
1750 25 7.3856e-162
1775 25 7.12373e-167
1800 25 5.37453e-172
1825 25 3.18609e-177
1850 25 1.49047e-182
1875 25 5.52454e-188
1900 25 1.6287e-193
1925 25 3.83296e-199
1950 25 7.22541e-205
1975 25 1.09456e-210
2000 25 1.33659e-216
2025 25 1.3195e-222
2050 25 1.05603e-228
2075 25 6.86956e-235
2100 25 3.64083e-241
2125 25 1.57439e-247
2150 25 5.54071e-254
2175 25 1.5635e-260
2200 25 3.4012e-267
2225 25 5.33005e-274
2250 25 5.52848e-281
2275 25 3.48222e-288
2300 25 1.22838e-295
2325 25 2.24396e-303
2350 25 1.95439e-311
2375 25 7.3685e-320
2400 25 0
2425 25 0
2450 25 0
2475 25 0
2500 25 0
2525 25 0
2550 25 0
2575 25 0
2600 25 0
2625 25 0
2650 25 0
2675 25 0
2700 25 0
2725 25 0
2750 25 0
2775 25 0
2800 25 0
2825 25 0
2850 25 0
2875 25 0
2900 25 0
2925 25 0
2950 25 0
2975 25 0
0 50 0
25 50 7.22541e-205
50 50 4.36481e-199
75 50 2.11911e-193
100 50 8.2415e-188
125 50 2.55876e-182
150 50 6.3189e-177
175 50 1.23643e-171
200 50 1.9092e-166
225 50 2.3164e-161
250 50 2.19824e-156
275 50 1.62383e-151
300 50 9.28939e-147
325 50 4.09315e-142
350 50 1.38118e-137
375 50 3.54743e-133
400 50 6.89013e-129
425 50 1.00508e-124
450 50 1.09309e-120
475 50 8.79476e-117
500 50 5.19187e-113
525 50 2.22927e-109
550 50 6.89799e-106
575 50 1.52321e-102
600 50 2.3757e-99
625 50 2.58891e-96
650 50 1.94897e-93
675 50 1.00169e-90
700 50 3.47213e-88
725 50 8.01623e-86
750 50 1.21718e-83
775 50 1.2002e-81
800 50 7.59051e-80
825 50 3.04236e-78
850 50 7.64177e-77
875 50 1.19063e-75
900 50 1.14038e-74
925 50 6.66397e-74
950 50 2.36174e-73
975 50 5.05455e-73
1000 50 6.51564e-73
1025 50 5.05455e-73
1050 50 2.36174e-73
1075 50 6.66397e-74
1100 50 1.14038e-74
1125 50 1.19063e-75
1150 50 7.64177e-77
1175 50 3.04236e-78
1200 50 7.59051e-80
1225 50 1.2002e-81
1250 50 1.21718e-83
1275 50 8.01623e-86
1300 50 3.47213e-88
1325 50 1.00169e-90
1350 50 1.94897e-93
1375 50 2.58891e-96
1400 50 2.3757e-99
1425 50 1.52321e-102
1450 50 6.89799e-106
1475 50 2.22927e-109
1500 50 5.19187e-113
1525 50 8.79476e-117
1550 50 1.09309e-120
1575 50 1.00508e-124
1600 50 6.89013e-129
1625 50 3.54743e-133
1650 50 1.38118e-137
1675 50 4.09315e-142
1700 50 9.28939e-147
1725 50 1.62383e-151
1750 50 2.19824e-156
1775 50 2.3164e-161
1800 50 1.9092e-166
1825 50 1.23643e-171
1850 50 6.3189e-177
1875 50 2.55876e-182
1900 50 8.2415e-188
1925 50 2.11911e-193
1950 50 4.36481e-199
1975 50 7.22541e-205
2000 50 9.64243e-211
2025 50 1.04043e-216
2050 50 9.10221e-223
2075 50 6.47349e-229
2100 50 3.75206e-235
2125 50 1.77631e-241
2150 50 6.878e-248
2175 50 2.17244e-254
2200 50 5.51382e-261
2225 50 1.08101e-267
2250 50 1.52963e-274
2275 50 1.43519e-281
2300 50 8.19221e-289
2325 50 2.62364e-296
2350 50 4.35909e-304
2375 50 3.45915e-312
2400 50 1.18625e-320
2425 50 0
2450 50 0
2475 50 0
2500 50 0
2525 50 0
2550 50 0
2575 50 0
2600 50 0
2625 50 0
2650 50 0
2675 50 0
2700 50 0
2725 50 0
2750 50 0
2775 50 0
2800 50 0
2825 50 0
2850 50 0
2875 50 0
2900 50 0
2925 50 0
2950 50 0
2975 50 0
0 75 0
25 75 3.83296e-199
50 75 2.11911e-193
75 75 9.41636e-188
100 75 3.35197e-182
125 75 9.52576e-177
150 75 2.15325e-171
175 75 3.85659e-166
200 75 5.45074e-161
225 75 6.05299e-156
250 75 5.2573e-151
275 75 3.55408e-146
300 75 1.86053e-141
325 75 7.50115e-137
350 75 2.31577e-132
375 75 5.44105e-128
400 75 9.66657e-124
425 75 1.28966e-119
450 75 1.28268e-115
475 75 9.43717e-112
500 75 5.0943e-108
525 75 2.00022e-104
550 75 5.66026e-101
575 75 1.1433e-97
600 75 1.6317e-94
625 75 1.62796e-91
650 75 1.12293e-88
675 75 5.2939e-86
700 75 1.6857e-83
725 75 3.58219e-81
750 75 5.0192e-79
775 75 4.58194e-77
800 75 2.69369e-75
825 75 1.00864e-73
850 75 2.38111e-72
875 75 3.51152e-71
900 75 3.20954e-70
925 75 1.80626e-69
950 75 6.22729e-69
975 75 1.31049e-68
1000 75 1.67976e-68
1025 75 1.31049e-68
1050 75 6.22729e-69
1075 75 1.80626e-69
1100 75 3.20954e-70
1125 75 3.51152e-71
1150 75 2.38111e-72
1175 75 1.00864e-73
1200 75 2.69369e-75
1225 75 4.58194e-77
1250 75 5.0192e-79
1275 75 3.58219e-81
1300 75 1.6857e-83
1325 75 5.2939e-86
1350 75 1.12293e-88
1375 75 1.62796e-91
1400 75 1.6317e-94
1425 75 1.1433e-97
1450 75 5.66026e-101
1475 75 2.00022e-104
1500 75 5.0943e-108
1525 75 9.43717e-112
1550 75 1.28268e-115
1575 75 1.28966e-119
1600 75 9.66657e-124
1625 75 5.44105e-128
1650 75 2.31577e-132
1675 75 7.50115e-137
1700 75 1.86053e-141
1725 75 3.55408e-146
1750 75 5.2573e-151
1775 75 6.05299e-156
1800 75 5.45074e-161
1825 75 3.85659e-166
1850 75 2.15325e-171
1875 75 9.52576e-177
1900 75 3.35197e-182
1925 75 9.41636e-188
1950 75 2.11911e-193
1975 75 3.83296e-199
2000 75 5.58955e-205
2025 75 6.59118e-211
2050 75 6.30241e-217
2075 75 4.89961e-223
2100 75 3.10472e-229
2125 75 1.6074e-235
2150 75 6.81392e-242
2175 75 2.36796e-248
2200 75 6.72748e-255
2225 75 1.53901e-261
2250 75 2.72472e-268
2275 75 3.48782e-275
2300 75 2.96557e-282
2325 75 1.53668e-289
2350 75 4.47543e-297
2375 75 6.77378e-305
2400 75 4.90523e-313
2425 75 1.51678e-321
2450 75 0
2475 75 0
2500 75 0
2525 75 0
2550 75 0
2575 75 0
2600 75 0
2625 75 0
2650 75 0
2675 75 0
2700 75 0
2725 75 0
2750 75 0
2775 75 0
2800 75 0
2825 75 0
2850 75 0
2875 75 0
2900 75 0
2925 75 0
2950 75 0
2975 75 0
0 100 0
25 100 1.6287e-193
50 100 8.2415e-188
75 100 3.35197e-182
100 100 1.09217e-176
125 100 2.84097e-171
150 100 5.87801e-166
175 100 9.63598e-161
200 100 1.24646e-155
225 100 1.26677e-150
250 100 1.00682e-145
275 100 6.22782e-141
300 100 2.9827e-136
325 100 1.10003e-131
350 100 3.10607e-127
375 100 6.67374e-123
400 100 1.08407e-118
425 100 1.32219e-114
450 100 1.202e-110
475 100 8.08244e-107
500 100 3.98714e-103
525 100 1.4306e-99
550 100 3.69964e-96
575 100 6.83027e-93
600 100 8.91249e-90
625 100 8.13397e-87
650 100 5.13613e-84
675 100 2.21894e-81
700 100 6.48449e-79
725 100 1.26714e-76
750 100 1.63685e-74
775 100 1.38214e-72
800 100 7.54702e-71
825 100 2.63813e-69
850 100 5.84956e-68
875 100 8.16107e-67
900 100 7.11529e-66
925 100 3.85528e-65
950 100 1.29273e-64
975 100 2.67472e-64
1000 100 3.40892e-64
1025 100 2.67472e-64
1050 100 1.29273e-64
1075 100 3.85528e-65
1100 100 7.11529e-66
1125 100 8.16107e-67
1150 100 5.84956e-68
1175 100 2.63813e-69
1200 100 7.54702e-71
1225 100 1.38214e-72
1250 100 1.63685e-74
1275 100 1.26714e-76
1300 100 6.48449e-79
1325 100 2.21894e-81
1350 100 5.13613e-84
1375 100 8.13397e-87
1400 100 8.91249e-90
1425 100 6.83027e-93
1450 100 3.69964e-96
1475 100 1.4306e-99
1500 100 3.98714e-103
1525 100 8.08244e-107
1550 100 1.202e-110
1575 100 1.32219e-114
1600 100 1.08407e-118
1625 100 6.67374e-123
1650 100 3.10607e-127
1675 100 1.10003e-131
1700 100 2.9827e-136
1725 100 6.22782e-141
1750 100 1.00682e-145
1775 100 1.26677e-150
1800 100 1.24646e-155
1825 100 9.63598e-161
1850 100 5.87801e-166
1875 100 2.84097e-171
1900 100 1.09217e-176
1925 100 3.35197e-182
1950 100 8.2415e-188
1975 100 1.6287e-193
2000 100 2.59517e-199
2025 100 3.34398e-205
2050 100 3.4943e-211
2075 100 2.96903e-217
2100 100 2.0565e-223
2125 100 1.16399e-229
2150 100 5.39589e-236
2175 100 2.05288e-242
2200 100 6.41701e-249
2225 100 1.64331e-255
2250 100 3.39519e-262
2275 100 5.43848e-269
2300 100 6.3091e-276
2325 100 4.8696e-283
2350 100 2.29439e-290
2375 100 6.08628e-298
2400 100 8.4047e-306
2425 100 5.56231e-314
2450 100 1.4822e-322
2475 100 0
2500 100 0
2525 100 0
2550 100 0
2575 100 0
2600 100 0
2625 100 0
2650 100 0
2675 100 0
2700 100 0
2725 100 0
2750 100 0
2775 100 0
2800 100 0
2825 100 0
2850 100 0
2875 100 0
2900 100 0
2925 100 0
2950 100 0
2975 100 0
0 125 0
25 125 5.52454e-188
50 125 2.55876e-182
75 125 9.52576e-177
100 125 2.84097e-171
125 125 6.76407e-166
150 125 1.28091e-160
175 125 1.92179e-155
200 125 2.27497e-150
225 125 2.11559e-145
250 125 1.53841e-140
275 125 8.70511e-136
300 125 3.81326e-131
325 125 1.28606e-126
350 125 3.32012e-122
375 125 6.5209e-118
400 125 9.68054e-114
425 125 1.07881e-109
450 125 8.95935e-106
475 125 5.50246e-102
500 125 2.47887e-98
525 125 8.12169e-95
550 125 1.91788e-91
575 125 3.23349e-88
600 125 3.854e-85
625 125 3.21431e-82
650 125 1.85609e-79
675 125 7.34064e-77
700 125 1.96662e-74
725 125 3.53003e-72
750 125 4.19952e-70
775 125 3.27666e-68
800 125 1.66023e-66
825 125 5.41311e-65
850 125 1.12651e-63
875 125 1.48593e-62
900 125 1.23517e-61
925 125 6.44107e-61
950 125 2.10008e-60
975 125 4.27148e-60
1000 125 5.41277e-60
1025 125 4.27148e-60
1050 125 2.10008e-60
1075 125 6.44107e-61
1100 125 1.23517e-61
1125 125 1.48593e-62
1150 125 1.12651e-63
1175 125 5.41311e-65
1200 125 1.66023e-66
1225 125 3.27666e-68
1250 125 4.19952e-70
1275 125 3.53003e-72
1300 125 1.96662e-74
1325 125 7.34064e-77
1350 125 1.85609e-79
1375 125 3.21431e-82
1400 125 3.854e-85
1425 125 3.23349e-88
1450 125 1.91788e-91
1475 125 8.12169e-95
1500 125 2.47887e-98
1525 125 5.50246e-102
1550 125 8.95935e-106
1575 125 1.07881e-109
1600 125 9.68054e-114
1625 125 6.5209e-118
1650 125 3.32012e-122
1675 125 1.28606e-126
1700 125 3.81326e-131
1725 125 8.70511e-136
1750 125 1.53841e-140
1775 125 2.11559e-145
1800 125 2.27497e-150
1825 125 1.92179e-155
1850 125 1.28091e-160
1875 125 6.76407e-166
1900 125 2.84097e-171
1925 125 9.52576e-177
1950 125 2.55876e-182
1975 125 5.52454e-188
2000 125 9.6176e-194
2025 125 1.35405e-199
2050 125 1.54609e-205
2075 125 1.43559e-211
2100 125 1.08675e-217
2125 125 6.72343e-224
2150 125 3.4073e-230
2175 125 1.41755e-236
2200 125 4.85086e-243
2225 125 1.36678e-249
2250 125 3.16134e-256
2275 125 5.9103e-263
2300 125 8.58116e-270
2325 125 9.03733e-277
2350 125 6.34231e-284
2375 125 2.72144e-291
2400 125 6.58532e-299
2425 125 8.3092e-307
2450 125 5.03293e-315
2475 125 0
2500 125 0
2525 125 0
2550 125 0
2575 125 0
2600 125 0
2625 125 0
2650 125 0
2675 125 0
2700 125 0
2725 125 0
2750 125 0
2775 125 0
2800 125 0
2825 125 0
2850 125 0
2875 125 0
2900 125 0
2925 125 0
2950 125 0
2975 125 0
0 150 0
25 150 1.49047e-182
50 150 6.3189e-177
75 150 2.15325e-171
100 150 5.87801e-166
125 150 1.28091e-160
150 150 2.21998e-155
175 150 3.04796e-150
200 150 3.30143e-145
225 150 2.80879e-140
250 150 1.86832e-135
275 150 9.66858e-131
300 150 3.8726e-126
325 150 1.19395e-121
350 150 2.81702e-117
375 150 5.05523e-113
400 150 6.8551e-109
425 150 6.9762e-105
450 150 5.2893e-101
475 150 2.96494e-97
500 150 1.21887e-93
525 150 3.64355e-90
550 150 7.84938e-87
575 150 1.20736e-83
600 150 1.31312e-80
625 150 9.99705e-78
650 150 5.273e-75
675 150 1.90678e-72
700 150 4.67747e-70
725 150 7.70276e-68
750 150 8.42908e-66
775 150 6.07007e-64
800 150 2.85081e-62
825 150 8.66116e-61
850 150 1.69024e-59
875 150 2.10635e-58
900 150 1.66834e-57
925 150 8.36925e-57
950 150 2.65249e-56
975 150 5.30261e-56
1000 150 6.6805e-56
1025 150 5.30261e-56
1050 150 2.65249e-56
1075 150 8.36925e-57
1100 150 1.66834e-57
1125 150 2.10635e-58
1150 150 1.69024e-59
1175 150 8.66116e-61
1200 150 2.85081e-62
1225 150 6.07007e-64
1250 150 8.42908e-66
1275 150 7.70276e-68
1300 150 4.67747e-70
1325 150 1.90678e-72
1350 150 5.273e-75
1375 150 9.99705e-78
1400 150 1.31312e-80
1425 150 1.20736e-83
1450 150 7.84938e-87
1475 150 3.64355e-90
1500 150 1.21887e-93
1525 150 2.96494e-97
1550 150 5.2893e-101
1575 150 6.9762e-105
1600 150 6.8551e-109
1625 150 5.05523e-113
1650 150 2.81702e-117
1675 150 1.19395e-121
1700 150 3.8726e-126
1725 150 9.66858e-131
1750 150 1.86832e-135
1775 150 2.80879e-140
1800 150 3.30143e-145
1825 150 3.04796e-150
1850 150 2.21998e-155
1875 150 1.28091e-160
1900 150 5.87801e-166
1925 150 2.15325e-171
1950 150 6.3189e-177
1975 150 1.49047e-182
2000 150 2.83474e-188
2025 150 4.36032e-194
2050 150 5.43968e-200
2075 150 5.51895e-206
2100 150 4.56544e-212
2125 150 3.08683e-218
2150 150 1.70984e-224
2175 150 7.77625e-231
2200 150 2.90979e-237
2225 150 8.9751e-244
2250 150 2.28406e-250
2275 150 4.78087e-257
2300 150 8.10289e-264
2325 150 1.06821e-270
2350 150 1.02298e-277
2375 150 6.53784e-285
2400 150 2.55867e-292
2425 150 5.65604e-300
2450 150 6.53009e-308
2475 150 3.62498e-316
2500 150 0
2525 150 0
2550 150 0
2575 150 0
2600 150 0
2625 150 0
2650 150 0
2675 150 0
2700 150 0
2725 150 0
2750 150 0
2775 150 0
2800 150 0
2825 150 0
2850 150 0
2875 150 0
2900 150 0
2925 150 0
2950 150 0
2975 150 0
0 175 0
25 175 3.18609e-177
50 175 1.23643e-171
75 175 3.85659e-166
100 175 9.63598e-161
125 175 1.92179e-155
150 175 3.04796e-150
175 175 3.82904e-145
200 175 3.79431e-140
225 175 2.95273e-135
250 175 1.79612e-130
275 175 8.49824e-126
300 175 3.11128e-121
325 175 8.76535e-117
350 175 1.88924e-112
375 175 3.09611e-108
400 175 3.83285e-104
425 175 3.55969e-100
450 175 2.46224e-96
475 175 1.25878e-92
500 175 4.71805e-89
525 175 1.28558e-85
550 175 2.5241e-82
575 175 3.5382e-79
600 175 3.50729e-76
625 175 2.43443e-73
650 175 1.17137e-70
675 175 3.86775e-68
700 175 8.67553e-66
725 175 1.3089e-63
750 175 1.31569e-61
775 175 8.7332e-60
800 175 3.79702e-58
825 175 1.07369e-56
850 175 1.96288e-55
875 175 2.30896e-54
900 175 1.74138e-53
925 175 8.39905e-53
950 175 2.58656e-52
975 175 5.08105e-52
1000 175 6.36382e-52
1025 175 5.08105e-52
1050 175 2.58656e-52
1075 175 8.39905e-53
1100 175 1.74138e-53
1125 175 2.30896e-54
1150 175 1.96288e-55
1175 175 1.07369e-56
1200 175 3.79702e-58
1225 175 8.7332e-60
1250 175 1.31569e-61
1275 175 1.3089e-63
1300 175 8.67553e-66
1325 175 3.86775e-68
1350 175 1.17137e-70
1375 175 2.43443e-73
1400 175 3.50729e-76
1425 175 3.5382e-79
1450 175 2.5241e-82
1475 175 1.28558e-85
1500 175 4.71805e-89
1525 175 1.25878e-92
1550 175 2.46224e-96
1575 175 3.55969e-100
1600 175 3.83285e-104
1625 175 3.09611e-108
1650 175 1.88924e-112
1675 175 8.76535e-117
1700 175 3.11128e-121
1725 175 8.49824e-126
1750 175 1.79612e-130
1775 175 2.95273e-135
1800 175 3.79431e-140
1825 175 3.82904e-145
1850 175 3.04796e-150
1875 175 1.92179e-155
1900 175 9.63598e-161
1925 175 3.85659e-166
1950 175 1.23643e-171
1975 175 3.18609e-177
2000 175 6.61986e-183
2025 175 1.11239e-188
2050 175 1.51611e-194
2075 175 1.68055e-200
2100 175 1.51896e-206
2125 175 1.12223e-212
2150 175 6.7932e-219
2175 175 3.37669e-225
2200 175 1.38118e-231
2225 175 4.65819e-238
2250 175 1.29768e-244
2275 175 2.98858e-251
2300 175 5.67149e-258
2325 175 8.72952e-265
2350 175 1.04667e-271
2375 175 9.12895e-279
2400 175 5.32099e-286
2425 175 1.90204e-293
2450 175 3.84627e-301
2475 175 4.06869e-309
2500 175 2.07271e-317
2525 175 0
2550 175 0
2575 175 0
2600 175 0
2625 175 0
2650 175 0
2675 175 0
2700 175 0
2725 175 0
2750 175 0
2775 175 0
2800 175 0
2825 175 0
2850 175 0
2875 175 0
2900 175 0
2925 175 0
2950 175 0
2975 175 0
0 200 0
25 200 5.37453e-172
50 200 1.9092e-166
75 200 5.45074e-161
100 200 1.24646e-155
125 200 2.27497e-150
150 200 3.30143e-145
175 200 3.79431e-140
200 200 3.43908e-135
225 200 2.44738e-130
250 200 1.36105e-125
275 200 5.88577e-121
300 200 1.96886e-116
325 200 5.06641e-112
350 200 9.97052e-108
375 200 1.49134e-103
400 200 1.68438e-99
425 200 1.42662e-95
450 200 8.9955e-92
475 200 4.19051e-88
500 200 1.43068e-84
525 200 3.54973e-81
550 200 6.34474e-78
575 200 8.09539e-75
600 200 7.30437e-72
625 200 4.61599e-69
650 200 2.02322e-66
675 200 6.09075e-64
700 200 1.24727e-61
725 200 1.72132e-59
750 200 1.5869e-57
775 200 9.69424e-56
800 200 3.89632e-54
825 200 1.02411e-52
850 200 1.75181e-51
875 200 1.94318e-50
900 200 1.39427e-49
925 200 6.46159e-49
950 200 1.93266e-48
975 200 3.72963e-48
1000 200 4.6434e-48
1025 200 3.72963e-48
1050 200 1.93266e-48
1075 200 6.46159e-49
1100 200 1.39427e-49
1125 200 1.94318e-50
1150 200 1.75181e-51
1175 200 1.02411e-52
1200 200 3.89632e-54
1225 200 9.69424e-56
1250 200 1.5869e-57
1275 200 1.72132e-59
1300 200 1.24727e-61
1325 200 6.09075e-64
1350 200 2.02322e-66
1375 200 4.61599e-69
1400 200 7.30437e-72
1425 200 8.09539e-75
1450 200 6.34474e-78
1475 200 3.54973e-81
1500 200 1.43068e-84
1525 200 4.19051e-88
1550 200 8.9955e-92
1575 200 1.42662e-95
1600 200 1.68438e-99
1625 200 1.49134e-103
1650 200 9.97052e-108
1675 200 5.06641e-112
1700 200 1.96886e-116
1725 200 5.88577e-121
1750 200 1.36105e-125
1775 200 2.44738e-130
1800 200 3.43908e-135
1825 200 3.79431e-140
1850 200 3.30143e-145
1875 200 2.27497e-150
1900 200 1.24646e-155
1925 200 5.45074e-161
1950 200 1.9092e-166
1975 200 5.37453e-172
2000 200 1.21988e-177
2025 200 2.23926e-183
2050 200 3.33395e-189
2075 200 4.03715e-195
2100 200 3.98643e-201
2125 200 3.21784e-207
2150 200 2.12833e-213
2175 200 1.15606e-219
2200 200 5.16792e-226
2225 200 1.90514e-232
2250 200 5.80287e-239
2275 200 1.46287e-245
2300 200 3.05447e-252
2325 200 5.26471e-259
2350 200 7.3716e-266
2375 200 8.05147e-273
2400 200 6.40527e-280
2425 200 3.40982e-287
2450 200 1.1148e-294
2475 200 2.06495e-302
2500 200 2.00397e-310
2525 200 9.37989e-319
2550 200 0
2575 200 0
2600 200 0
2625 200 0
2650 200 0
2675 200 0
2700 200 0
2725 200 0
2750 200 0
2775 200 0
2800 200 0
2825 200 0
2850 200 0
2875 200 0
2900 200 0
2925 200 0
2950 200 0
2975 200 0
0 225 0
25 225 7.12373e-167
50 225 2.3164e-161
75 225 6.05299e-156
100 225 1.26677e-150
125 225 2.11559e-145
150 225 2.80879e-140
175 225 2.95273e-135
200 225 2.44738e-130
225 225 1.59226e-125
250 225 8.09291e-121
275 225 3.19749e-116
300 225 9.7687e-112
325 225 2.29491e-107
350 225 4.12135e-103
375 225 5.62287e-99
400 225 5.78992e-95
425 225 4.46869e-91
450 225 2.56637e-87
475 225 1.08835e-83
500 225 3.38102e-80
525 225 7.62992e-77
550 225 1.23995e-73
575 225 1.4381e-70
600 225 1.1794e-67
625 225 6.7753e-65
650 225 2.70072e-62
675 225 7.4e-60
700 225 1.38106e-57
725 225 1.74033e-55
750 225 1.46888e-53
775 225 8.24421e-52
800 225 3.05805e-50
825 225 7.45983e-49
850 225 1.19235e-47
875 225 1.24571e-46
900 225 8.49537e-46
925 225 3.78006e-45
950 225 1.0975e-44
975 225 2.07994e-44
1000 225 2.57383e-44
1025 225 2.07994e-44
1050 225 1.0975e-44
1075 225 3.78006e-45
1100 225 8.49537e-46
1125 225 1.24571e-46
1150 225 1.19235e-47
1175 225 7.45983e-49
1200 225 3.05805e-50
1225 225 8.24421e-52
1250 225 1.46888e-53
1275 225 1.74033e-55
1300 225 1.38106e-57
1325 225 7.4e-60
1350 225 2.70072e-62
1375 225 6.7753e-65
1400 225 1.1794e-67
1425 225 1.4381e-70
1450 225 1.23995e-73
1475 225 7.62992e-77
1500 225 3.38102e-80
1525 225 1.08835e-83
1550 225 2.56637e-87
1575 225 4.46869e-91
1600 225 5.78992e-95
1625 225 5.62287e-99
1650 225 4.12135e-103
1675 225 2.29491e-107
1700 225 9.7687e-112
1725 225 3.19749e-116
1750 225 8.09291e-121
1775 225 1.59226e-125
1800 225 2.44738e-130
1825 225 2.95273e-135
1850 225 2.80879e-140
1875 225 2.11559e-145
1900 225 1.26677e-150
1925 225 6.05299e-156
1950 225 2.3164e-161
1975 225 7.12373e-167
2000 225 1.76629e-172
2025 225 3.54167e-178
2050 225 5.75991e-184
2075 225 7.61878e-190
2100 225 8.21789e-196
2125 225 7.24646e-202
2150 225 5.23618e-208
2175 225 3.10748e-214
2200 225 1.51789e-220
2225 225 6.11504e-227
2250 225 2.03578e-233
2275 225 5.61088e-240
2300 225 1.28235e-246
2325 225 2.4319e-253
2350 225 3.81354e-260
2375 225 4.86534e-267
2400 225 4.84822e-274
2425 225 3.52302e-281
2450 225 1.71521e-288
2475 225 5.1355e-296
2500 225 8.72434e-304
2525 225 7.777e-312
2550 225 3.34729e-320
2575 225 0
2600 225 0
2625 225 0
2650 225 0
2675 225 0
2700 225 0
2725 225 0
2750 225 0
2775 225 0
2800 225 0
2825 225 0
2850 225 0
2875 225 0
2900 225 0
2925 225 0
2950 225 0
2975 225 0
0 250 0
25 250 7.3856e-162
50 250 2.19824e-156
75 250 5.2573e-151
100 250 1.00682e-145
125 250 1.53841e-140
150 250 1.86832e-135
175 250 1.79612e-130
200 250 1.36105e-125
225 250 8.09291e-121
250 250 3.75805e-116
275 250 1.35601e-111
300 250 3.78182e-107
325 250 8.10657e-103
350 250 1.3277e-98
375 250 1.65112e-94
400 250 1.54885e-90
425 250 1.08838e-86
450 250 5.68759e-83
475 250 2.19344e-79
500 250 6.19305e-76
525 250 1.26953e-72
550 250 1.87323e-69
575 250 1.9719e-66
600 250 1.4675e-63
625 250 7.65036e-61
650 250 2.76828e-58
675 250 6.89061e-56
700 250 1.16968e-53
725 250 1.34318e-51
750 250 1.03582e-49
775 250 5.33071e-48
800 250 1.82145e-46
825 250 4.11653e-45
850 250 6.13836e-44
875 250 6.03187e-43
900 250 3.90528e-42
925 250 1.66687e-41
950 250 4.69478e-41
975 250 8.73431e-41
1000 250 1.07414e-40
1025 250 8.73431e-41
1050 250 4.69478e-41
1075 250 1.66687e-41
1100 250 3.90528e-42
1125 250 6.03187e-43
1150 250 6.13836e-44
1175 250 4.11653e-45
1200 250 1.82145e-46
1225 250 5.33071e-48
1250 250 1.03582e-49
1275 250 1.34318e-51
1300 250 1.16968e-53
1325 250 6.89061e-56
1350 250 2.76828e-58
1375 250 7.65036e-61
1400 250 1.4675e-63
1425 250 1.9719e-66
1450 250 1.87323e-69
1475 250 1.26953e-72
1500 250 6.19305e-76
1525 250 2.19344e-79
1550 250 5.68759e-83
1575 250 1.08838e-86
1600 250 1.54885e-90
1625 250 1.65112e-94
1650 250 1.3277e-98
1675 250 8.10657e-103
1700 250 3.78182e-107
1725 250 1.35601e-111
1750 250 3.75805e-116
1775 250 8.09291e-121
1800 250 1.36105e-125
1825 250 1.79612e-130
1850 250 1.86832e-135
1875 250 1.53841e-140
1900 250 1.00682e-145
1925 250 5.2573e-151
1950 250 2.19824e-156
1975 250 7.3856e-162
2000 250 2.00039e-167
2025 250 4.38134e-173
2050 250 7.78287e-179
2075 250 1.12442e-184
2100 250 1.32472e-190
2125 250 1.27591e-196
2150 250 1.00707e-202
2175 250 6.52881e-209
2200 250 3.48404e-215
2225 250 1.53357e-221
2250 250 5.57892e-228
2275 250 1.68047e-234
2300 250 4.19871e-241
2325 250 8.71516e-248
2350 250 1.5037e-254
2375 250 2.14881e-261
2400 250 2.50179e-268
2425 250 2.27776e-275
2450 250 1.51391e-282
2475 250 6.74943e-290
2500 250 1.85297e-297
2525 250 2.89049e-305
2550 250 2.3695e-313
2575 250 9.0414e-322
2600 250 0
2625 250 0
2650 250 0
2675 250 0
2700 250 0
2725 250 0
2750 250 0
2775 250 0
2800 250 0
2825 250 0
2850 250 0
2875 250 0
2900 250 0
2925 250 0
2950 250 0
2975 250 0
0 275 0
25 275 5.96052e-157
50 275 1.62383e-151
75 275 3.55408e-146
100 275 6.22782e-141
125 275 8.70511e-136
150 275 9.66858e-131
175 275 8.49824e-126
200 275 5.88577e-121
225 275 3.19749e-116
250 275 1.35601e-111
275 275 4.46646e-107
300 275 1.13654e-102
325 275 2.22162e-98
350 275 3.31613e-94
375 275 3.75613e-90
400 275 3.20716e-86
425 275 2.04996e-82
450 275 9.73736e-79
475 275 3.41101e-75
500 275 8.74182e-72
525 275 1.62553e-68
550 275 2.17439e-65
575 275 2.07403e-62
600 275 1.39814e-59
625 275 6.6016e-57
650 275 2.16404e-54
675 275 4.88283e-52
700 275 7.5222e-50
725 275 7.85352e-48
750 275 5.52097e-46
775 275 2.59943e-44
800 275 8.16411e-43
825 275 1.70598e-41
850 275 2.36889e-40
875 275 2.18592e-39
900 275 1.34179e-38
925 275 5.48788e-38
950 275 1.49829e-37
975 275 2.73513e-37
1000 275 3.3423e-37
1025 275 2.73513e-37
1050 275 1.49829e-37
1075 275 5.48788e-38
1100 275 1.34179e-38
1125 275 2.18592e-39
1150 275 2.36889e-40
1175 275 1.70598e-41
1200 275 8.16411e-43
1225 275 2.59943e-44
1250 275 5.52097e-46
1275 275 7.85352e-48
1300 275 7.5222e-50
1325 275 4.88283e-52
1350 275 2.16404e-54
1375 275 6.6016e-57
1400 275 1.39814e-59
1425 275 2.07403e-62
1450 275 2.17439e-65
1475 275 1.62553e-68
1500 275 8.74182e-72
1525 275 3.41101e-75
1550 275 9.73736e-79
1575 275 2.04996e-82
1600 275 3.20716e-86
1625 275 3.75613e-90
1650 275 3.31613e-94
1675 275 2.22162e-98
1700 275 1.13654e-102
1725 275 4.46646e-107
1750 275 1.35601e-111
1775 275 3.19749e-116
1800 275 5.88577e-121
1825 275 8.49824e-126
1850 275 9.66858e-131
1875 275 8.70511e-136
1900 275 6.22782e-141
1925 275 3.55408e-146
1950 275 1.62383e-151
1975 275 5.96052e-157
2000 275 1.76356e-162
2025 275 4.21908e-168
2050 275 8.18569e-174
2075 275 1.2916e-179
2100 275 1.66188e-185
2125 275 1.74814e-191
2150 275 1.50698e-197
2175 275 1.06707e-203
2200 275 6.21987e-210
2225 275 2.99075e-216
2250 275 1.18864e-222
2275 275 3.91207e-229
2300 275 1.06815e-235
2325 275 2.42363e-242
2350 275 4.57663e-249
2375 275 7.19594e-256
2400 275 9.38547e-263
2425 275 9.98671e-270
2450 275 8.31892e-277
2475 275 5.06385e-284
2500 275 2.06986e-291
2525 275 5.2165e-299
2550 275 7.48047e-307
2575 275 5.64544e-315
2600 275 2.47033e-323
2625 275 0
2650 275 0
2675 275 0
2700 275 0
2725 275 0
2750 275 0
2775 275 0
2800 275 0
2825 275 0
2850 275 0
2875 275 0
2900 275 0
2925 275 0
2950 275 0
2975 275 0
0 300 0
25 300 3.7255e-152
50 300 9.28939e-147
75 300 1.86053e-141
100 300 2.9827e-136
125 300 3.81326e-131
150 300 3.8726e-126
175 300 3.11128e-121
200 300 1.96886e-116
225 300 9.7687e-112
250 300 3.78182e-107
275 300 1.13654e-102
300 300 2.63718e-98
325 300 4.69779e-94
350 300 6.38611e-90
375 300 6.58289e-86
400 300 5.11142e-82
425 300 2.96872e-78
450 300 1.28031e-74
475 300 4.06858e-71
500 300 9.45125e-68
525 300 1.5917e-64
550 300 1.9269e-61
575 300 1.66232e-58
600 300 1.01302e-55
625 300 4.3229e-53
650 300 1.2808e-50
675 300 2.61332e-48
700 300 3.64445e-46
725 300 3.45051e-44
750 300 2.20548e-42
775 300 9.47569e-41
800 300 2.72873e-39
825 300 5.25974e-38
850 300 6.78674e-37
875 300 5.86991e-36
900 300 3.41075e-35
925 300 1.33506e-34
950 300 3.53001e-34
975 300 6.3196e-34
1000 300 7.67211e-34
1025 300 6.3196e-34
1050 300 3.53001e-34
1075 300 1.33506e-34
1100 300 3.41075e-35
1125 300 5.86991e-36
1150 300 6.78674e-37
1175 300 5.25974e-38
1200 300 2.72873e-39
1225 300 9.47569e-41
1250 300 2.20548e-42
1275 300 3.45051e-44
1300 300 3.64445e-46
1325 300 2.61332e-48
1350 300 1.2808e-50
1375 300 4.3229e-53
1400 300 1.01302e-55
1425 300 1.66232e-58
1450 300 1.9269e-61
1475 300 1.5917e-64
1500 300 9.45125e-68
1525 300 4.06858e-71
1550 300 1.28031e-74
1575 300 2.96872e-78
1600 300 5.11142e-82
1625 300 6.58289e-86
1650 300 6.38611e-90
1675 300 4.69779e-94
1700 300 2.63718e-98
1725 300 1.13654e-102
1750 300 3.78182e-107
1775 300 9.7687e-112
1800 300 1.96886e-116
1825 300 3.11128e-121
1850 300 3.8726e-126
1875 300 3.81326e-131
1900 300 2.9827e-136
1925 300 1.86053e-141
1950 300 9.28939e-147
1975 300 3.7255e-152
2000 300 1.20414e-157
2025 300 3.14653e-163
2050 300 6.66738e-169
2075 300 1.14891e-174
2100 300 1.61433e-180
2125 300 1.85437e-186
2150 300 1.74565e-192
2175 300 1.34985e-198
2200 300 8.59288e-205
2225 300 4.51265e-211
2250 300 1.95899e-217
2275 300 7.04317e-224
2300 300 2.10101e-230
2325 300 5.20906e-237
2350 300 1.07516e-243
2375 300 1.85002e-250
2400 300 2.65493e-257
2425 300 3.16522e-264
2450 300 3.08246e-271
2475 300 2.35236e-278
2500 300 1.31301e-285
2525 300 4.9263e-293
2550 300 1.14097e-300
2575 300 1.50568e-308
2600 300 1.04723e-316
2625 300 0
2650 300 0
2675 300 0
2700 300 0
2725 300 0
2750 300 0
2775 300 0
2800 300 0
2825 300 0
2850 300 0
2875 300 0
2900 300 0
2925 300 0
2950 300 0
2975 300 0
0 325 0
25 325 1.79364e-147
50 325 4.09315e-142
75 325 7.50115e-137
100 325 1.10003e-131
125 325 1.28606e-126
150 325 1.19395e-121
175 325 8.76535e-117
200 325 5.06641e-112
225 325 2.29491e-107
250 325 8.10657e-103
275 325 2.22162e-98
300 325 4.69779e-94
325 325 7.62098e-90
350 325 9.4273e-86
375 325 8.83586e-82
400 325 6.23275e-78
425 325 3.28564e-74
450 325 1.28488e-70
475 325 3.69888e-67
500 325 7.77622e-64
525 325 1.18406e-60
550 325 1.29482e-57
575 325 1.0082e-54
600 325 5.54173e-52
625 325 2.13213e-49
650 325 5.69493e-47
675 325 1.0479e-44
700 325 1.31913e-42
725 325 1.12926e-40
750 325 6.5432e-39
775 325 2.55778e-37
800 325 6.7343e-36
825 325 1.19417e-34
850 325 1.42829e-33
875 325 1.15537e-32
900 325 6.34322e-32
925 325 2.37276e-31
950 325 6.06952e-31
975 325 1.06493e-30
1000 325 1.28413e-30
1025 325 1.06493e-30
1050 325 6.06952e-31
1075 325 2.37276e-31
1100 325 6.34322e-32
1125 325 1.15537e-32
1150 325 1.42829e-33
1175 325 1.19417e-34
1200 325 6.7343e-36
1225 325 2.55778e-37
1250 325 6.5432e-39
1275 325 1.12926e-40
1300 325 1.31913e-42
1325 325 1.0479e-44
1350 325 5.69493e-47
1375 325 2.13213e-49
1400 325 5.54173e-52
1425 325 1.0082e-54
1450 325 1.29482e-57
1475 325 1.18406e-60
1500 325 7.77622e-64
1525 325 3.69888e-67
1550 325 1.28488e-70
1575 325 3.28564e-74
1600 325 6.23275e-78
1625 325 8.83586e-82
1650 325 9.4273e-86
1675 325 7.62098e-90
1700 325 4.69779e-94
1725 325 2.22162e-98
1750 325 8.10657e-103
1775 325 2.29491e-107
1800 325 5.06641e-112
1825 325 8.76535e-117
1850 325 1.19395e-121
1875 325 1.28606e-126
1900 325 1.10003e-131
1925 325 7.50115e-137
1950 325 4.09315e-142
1975 325 1.79364e-147
2000 325 6.33317e-153
2025 325 1.8076e-158
2050 325 4.18309e-164
2075 325 7.87142e-170
2100 325 1.2077e-175
2125 325 1.51475e-181
2150 325 1.55695e-187
2175 325 1.31455e-193
2200 325 9.13729e-200
2225 325 5.23985e-206
2250 325 2.48405e-212
2275 325 9.75384e-219
2300 325 3.17806e-225
2325 325 8.60748e-232
2350 325 1.94106e-238
2375 325 3.65032e-245
2400 325 5.73241e-252
2425 325 7.51968e-259
2450 325 8.20644e-266
2475 325 7.32421e-273
2500 325 5.12709e-280
2525 325 2.62719e-287
2550 325 9.05739e-295
2575 325 1.92983e-302
2600 325 2.34595e-310
2625 325 1.50519e-318
2650 325 0
2675 325 0
2700 325 0
2725 325 0
2750 325 0
2775 325 0
2800 325 0
2825 325 0
2850 325 0
2875 325 0
2900 325 0
2925 325 0
2950 325 0
2975 325 0
0 350 0
25 350 6.61359e-143
50 350 1.38118e-137
75 350 2.31577e-132
100 350 3.10607e-127
125 350 3.32012e-122
150 350 2.81702e-117
175 350 1.88924e-112
200 350 9.97052e-108
225 350 4.12135e-103
250 350 1.3277e-98
275 350 3.31613e-94
300 350 6.38611e-90
325 350 9.4273e-86
350 350 1.06029e-81
375 350 9.027e-78
400 350 5.77836e-74
425 350 2.76134e-70
450 350 9.77838e-67
475 350 2.54616e-63
500 350 4.83608e-60
525 350 6.64525e-57
550 350 6.55058e-54
575 350 4.59312e-51
600 350 2.27153e-48
625 350 7.85824e-46
650 350 1.88673e-43
675 350 3.12122e-41
700 350 3.53518e-39
725 350 2.72722e-37
750 350 1.42764e-35
775 350 5.06041e-34
800 350 1.21413e-32
825 350 1.97447e-31
850 350 2.1828e-30
875 350 1.64721e-29
900 350 8.52646e-29
925 350 3.04271e-28
950 350 7.52037e-28
975 350 1.29219e-27
1000 350 1.54728e-27
1025 350 1.29219e-27
1050 350 7.52037e-28
1075 350 3.04271e-28
1100 350 8.52646e-29
1125 350 1.64721e-29
1150 350 2.1828e-30
1175 350 1.97447e-31
1200 350 1.21413e-32
1225 350 5.06041e-34
1250 350 1.42764e-35
1275 350 2.72722e-37
1300 350 3.53518e-39
1325 350 3.12122e-41
1350 350 1.88673e-43
1375 350 7.85824e-46
1400 350 2.27153e-48
1425 350 4.59312e-51
1450 350 6.55058e-54
1475 350 6.64525e-57
1500 350 4.83608e-60
1525 350 2.54616e-63
1550 350 9.77838e-67
1575 350 2.76134e-70
1600 350 5.77836e-74
1625 350 9.027e-78
1650 350 1.06029e-81
1675 350 9.4273e-86
1700 350 6.38611e-90
1725 350 3.31613e-94
1750 350 1.3277e-98
1775 350 4.12135e-103
1800 350 9.97052e-108
1825 350 1.88924e-112
1850 350 2.81702e-117
1875 350 3.32012e-122
1900 350 3.10607e-127
1925 350 2.31577e-132
1950 350 1.38118e-137
1975 350 6.61359e-143
2000 350 2.55113e-148
2025 350 7.95314e-154
2050 350 2.00996e-159
2075 350 4.12995e-165
2100 350 6.91845e-171
2125 350 9.47372e-177
2150 350 1.06308e-182
2175 350 9.79879e-189
2200 350 7.43571e-195
2225 350 4.6553e-201
2250 350 2.40955e-207
2275 350 1.03307e-213
2300 350 3.67568e-220
2325 350 1.08723e-226
2350 350 2.67799e-233
2375 350 5.50169e-240
2400 350 9.44144e-247
2425 350 1.35516e-253
2450 350 1.62727e-260
2475 350 1.62785e-267
2500 350 1.33319e-274
2525 350 8.57077e-282
2550 350 4.03613e-289
2575 350 1.2799e-296
2600 350 2.51116e-304
2625 350 2.81465e-312
2650 350 1.66599e-320
2675 350 0
2700 350 0
2725 350 0
2750 350 0
2775 350 0
2800 350 0
2825 350 0
2850 350 0
2875 350 0
2900 350 0
2925 350 0
2950 350 0
2975 350 0
0 375 0
25 375 1.85626e-138
50 375 3.54743e-133
75 375 5.44105e-128
100 375 6.67374e-123
125 375 6.5209e-118
150 375 5.05523e-113
175 375 3.09611e-108
200 375 1.49134e-103
225 375 5.62287e-99
250 375 1.65112e-94
275 375 3.75613e-90
300 375 6.58289e-86
325 375 8.83586e-82
350 375 9.027e-78
375 375 6.97375e-74
400 375 4.04616e-70
425 375 1.75048e-66
450 375 5.60474e-63
475 375 1.31782e-59
500 375 2.25717e-56
525 375 2.79314e-53
550 375 2.47625e-50
575 375 1.5596e-47
600 375 6.92039e-45
625 375 2.14616e-42
650 375 4.61678e-40
675 375 6.84264e-38
700 375 6.94767e-36
725 375 4.81164e-34
750 375 2.26673e-32
775 375 7.25721e-31
800 375 1.58068e-29
825 375 2.34893e-28
850 375 2.39216e-27
875 375 1.67904e-26
900 375 8.17354e-26
925 375 2.77693e-25
950 375 6.62183e-25
975 375 1.11325e-24
1000 375 1.3233e-24
1025 375 1.11325e-24
1050 375 6.62183e-25
1075 375 2.77693e-25
1100 375 8.17354e-26
1125 375 1.67904e-26
1150 375 2.39216e-27
1175 375 2.34893e-28
1200 375 1.58068e-29
1225 375 7.25721e-31
1250 375 2.26673e-32
1275 375 4.81164e-34
1300 375 6.94767e-36
1325 375 6.84264e-38
1350 375 4.61678e-40
1375 375 2.14616e-42
1400 375 6.92039e-45
1425 375 1.5596e-47
1450 375 2.47625e-50
1475 375 2.79314e-53
1500 375 2.25717e-56
1525 375 1.31782e-59
1550 375 5.60474e-63
1575 375 1.75048e-66
1600 375 4.04616e-70
1625 375 6.97375e-74
1650 375 9.027e-78
1675 375 8.83586e-82
1700 375 6.58289e-86
1725 375 3.75613e-90
1750 375 1.65112e-94
1775 375 5.62287e-99
1800 375 1.49134e-103
1825 375 3.09611e-108
1850 375 5.05523e-113
1875 375 6.5209e-118
1900 375 6.67374e-123
1925 375 5.44105e-128
1950 375 3.54743e-133
1975 375 1.85626e-138
2000 375 7.82271e-144
2025 375 2.66371e-149
2050 375 7.35152e-155
2075 375 1.64932e-160
2100 375 3.01639e-166
2125 375 4.50897e-172
2150 375 5.52296e-178
2175 375 5.55665e-184
2200 375 4.60249e-190
2225 375 3.14523e-196
2250 375 1.77702e-202
2275 375 8.31693e-209
2300 375 3.23057e-215
2325 375 1.04331e-221
2350 375 2.80612e-228
2375 375 6.29585e-235
2400 375 1.18013e-241
2425 375 1.8508e-248
2450 375 2.43151e-255
2475 375 2.67637e-262
2500 375 2.45734e-269
2525 375 1.84903e-276
2550 375 1.09289e-283
2575 375 4.73466e-291
2600 375 1.38232e-298
2625 375 2.49961e-306
2650 375 2.58553e-314
2675 375 1.23516e-322
2700 375 0
2725 375 0
2750 375 0
2775 375 0
2800 375 0
2825 375 0
2850 375 0
2875 375 0
2900 375 0
2925 375 0
2950 375 0
2975 375 0
0 400 0
25 400 3.94025e-134
50 400 6.89013e-129
75 400 9.66657e-124
100 400 1.08407e-118
125 400 9.68054e-114
150 400 6.8551e-109
175 400 3.83285e-104
200 400 1.68438e-99
225 400 5.78992e-95
250 400 1.54885e-90
275 400 3.20716e-86
300 400 5.11142e-82
325 400 6.23275e-78
350 400 5.77836e-74
375 400 4.04616e-70
400 400 2.12512e-66
425 400 8.31132e-63
450 400 2.40224e-59
475 400 5.09108e-56
500 400 7.84749e-53
525 400 8.72529e-50
550 400 6.93928e-47
575 400 3.91472e-44
600 400 1.55376e-41
625 400 4.30499e-39
650 400 8.267e-37
675 400 1.09343e-34
700 400 9.91106e-33
725 400 6.13514e-31
750 400 2.58938e-29
775 400 7.45439e-28
800 400 1.46744e-26
825 400 1.98422e-25
850 400 1.85423e-24
875 400 1.20628e-23
900 400 5.50585e-23
925 400 1.77661e-22
950 400 4.08014e-22
975 400 6.70429e-22
1000 400 7.90824e-22
1025 400 6.70429e-22
1050 400 4.08014e-22
1075 400 1.77661e-22
1100 400 5.50585e-23
1125 400 1.20628e-23
1150 400 1.85423e-24
1175 400 1.98422e-25
1200 400 1.46744e-26
1225 400 7.45439e-28
1250 400 2.58938e-29
1275 400 6.13514e-31
1300 400 9.91106e-33
1325 400 1.09343e-34
1350 400 8.267e-37
1375 400 4.30499e-39
1400 400 1.55376e-41
1425 400 3.91472e-44
1450 400 6.93928e-47
1475 400 8.72529e-50
1500 400 7.84749e-53
1525 400 5.09108e-56
1550 400 2.40224e-59
1575 400 8.31132e-63
1600 400 2.12512e-66
1625 400 4.04616e-70
1650 400 5.77836e-74
1675 400 6.23275e-78
1700 400 5.11142e-82
1725 400 3.20716e-86
1750 400 1.54885e-90
1775 400 5.78992e-95
1800 400 1.68438e-99
1825 400 3.83285e-104
1850 400 6.8551e-109
1875 400 9.68054e-114
1900 400 1.08407e-118
1925 400 9.66657e-124
1950 400 6.89013e-129
1975 400 3.94025e-134
2000 400 1.81417e-139
2025 400 6.74727e-145
2050 400 2.03348e-150
2075 400 4.98092e-156
2100 400 9.94413e-162
2125 400 1.62248e-167
2150 400 2.16899e-173
2175 400 2.38154e-179
2200 400 2.15269e-185
2225 400 1.6054e-191
2250 400 9.89859e-198
2275 400 5.05606e-204
2300 400 2.1435e-210
2325 400 7.55596e-217
2350 400 2.21848e-223
2375 400 5.43417e-230
2400 400 1.11223e-236
2425 400 1.90498e-243
2450 400 2.73412e-250
2475 400 3.2922e-257
2500 400 3.32602e-264
2525 400 2.80639e-271
2550 400 1.94236e-278
2575 400 1.05663e-285
2600 400 4.21512e-293
2625 400 1.13399e-300
2650 400 1.89146e-308
2675 400 1.80696e-316
2700 400 0
2725 400 0
2750 400 0
2775 400 0
2800 400 0
2825 400 0
2850 400 0
2875 400 0
2900 400 0
2925 400 0
2950 400 0
2975 400 0
0 425 0
25 425 6.28195e-130
50 425 1.00508e-124
75 425 1.28966e-119
100 425 1.32219e-114
125 425 1.07881e-109
150 425 6.9762e-105
175 425 3.55969e-100
200 425 1.42662e-95
225 425 4.46869e-91
250 425 1.08838e-86
275 425 2.04996e-82
300 425 2.96872e-78
325 425 3.28564e-74
350 425 2.76134e-70
375 425 1.75048e-66
400 425 8.31132e-63
425 425 2.934e-59
450 425 7.64181e-56
475 425 1.45688e-52
500 425 2.01648e-49
525 425 2.00947e-46
550 425 1.42968e-43
575 425 7.20187e-41
600 425 2.54799e-38
625 425 6.28344e-36
650 425 1.0727e-33
675 425 1.2605e-31
700 425 1.01512e-29
725 425 5.58852e-28
750 425 2.10227e-26
775 425 5.41356e-25
800 425 9.58221e-24
825 425 1.17313e-22
850 425 1.00131e-21
875 425 6.01259e-21
900 425 2.56401e-20
925 425 7.83528e-20
950 425 1.72937e-19
975 425 2.77375e-19
1000 425 3.24542e-19
1025 425 2.77375e-19
1050 425 1.72937e-19
1075 425 7.83528e-20
1100 425 2.56401e-20
1125 425 6.01259e-21
1150 425 1.00131e-21
1175 425 1.17313e-22
1200 425 9.58221e-24
1225 425 5.41356e-25
1250 425 2.10227e-26
1275 425 5.58852e-28
1300 425 1.01512e-29
1325 425 1.2605e-31
1350 425 1.0727e-33
1375 425 6.28344e-36
1400 425 2.54799e-38
1425 425 7.20187e-41
1450 425 1.42968e-43
1475 425 2.00947e-46
1500 425 2.01648e-49
1525 425 1.45688e-52
1550 425 7.64181e-56
1575 425 2.934e-59
1600 425 8.31132e-63
1625 425 1.75048e-66
1650 425 2.76134e-70
1675 425 3.28564e-74
1700 425 2.96872e-78
1725 425 2.04996e-82
1750 425 1.08838e-86
1775 425 4.46869e-91
1800 425 1.42662e-95
1825 425 3.55969e-100
1850 425 6.9762e-105
1875 425 1.07881e-109
1900 425 1.32219e-114
1925 425 1.28966e-119
1950 425 1.00508e-124
1975 425 6.28195e-130
2000 425 3.16005e-135
2025 425 1.28368e-140
2050 425 4.22445e-146
2075 425 1.12965e-151
2100 425 2.46165e-157
2125 425 4.3833e-163
2150 425 6.39428e-169
2175 425 7.6607e-175
2200 425 7.5552e-181
2225 425 6.14739e-187
2250 425 4.13544e-193
2275 425 2.3047e-199
2300 425 1.0661e-205
2325 425 4.10079e-212
2350 425 1.31394e-218
2375 425 3.5127e-225
2400 425 7.84778e-232
2425 425 1.46739e-238
2450 425 2.29963e-245
2475 425 3.02457e-252
