0 0 0
25 0 0
50 0 0
75 0 0
100 0 0
125 0 0
150 0 0
175 0 0
200 0 0
225 0 0
250 0 0
275 0 0
300 0 0
325 0 0
350 0 0
375 0 0
400 0 0
425 0 0
450 0 0
475 0 0
500 0 0
525 0 0
550 0 0
575 0 0
600 0 0
625 0 0
650 0 0
675 0 0
700 0 0
725 0 0
750 0 0
775 0 0
800 0 0
825 0 0
850 0 0
875 0 0
900 0 0
925 0 0
950 0 0
975 0 0
1000 0 0
1025 0 0
1050 0 0
1075 0 0
1100 0 0
1125 0 0
1150 0 0
1175 0 0
1200 0 0
1225 0 0
1250 0 0
1275 0 0
1300 0 0
1325 0 0
1350 0 0
1375 0 0
1400 0 0
1425 0 0
1450 0 0
1475 0 0
1500 0 0
1525 0 0
1550 0 0
1575 0 0
1600 0 0
1625 0 0
1650 0 0
1675 0 0
1700 0 0
1725 0 0
1750 0 0
1775 0 0
1800 0 0
1825 0 0
1850 0 0
1875 0 0
1900 0 0
1925 0 0
1950 0 0
1975 0 0
2000 0 0
2025 0 0
2050 0 0
2075 0 0
2100 0 0
2125 0 0
2150 0 0
2175 0 0
2200 0 0
2225 0 0
2250 0 0
2275 0 0
2300 0 0
2325 0 0
2350 0 0
2375 0 0
2400 0 0
2425 0 0
2450 0 0
2475 0 0
2500 0 0
2525 0 0
2550 0 0
2575 0 0
2600 0 0
2625 0 0
2650 0 0
2675 0 0
2700 0 0
2725 0 0
2750 0 0
2775 0 0
2800 0 0
2825 0 0
2850 0 0
2875 0 0
2900 0 0
2925 0 0
2950 0 0
2975 0 0
0 25 0
25 25 7.55527e-12
50 25 1.38434e-10
75 25 1.89651e-09
100 25 1.93883e-08
125 25 1.47477e-07
150 25 8.32137e-07
175 25 3.46917e-06
200 25 1.06129e-05
225 25 2.34786e-05
250 25 3.62105e-05
275 25 3.46098e-05
300 25 8.47044e-06
325 25 -3.25107e-05
350 25 -6.26945e-05
375 25 -6.39878e-05
400 25 -4.08517e-05
425 25 -1.17761e-05
450 25 8.25818e-06
475 25 1.5747e-05
500 25 1.49853e-05
525 25 1.13685e-05
550 25 7.98058e-06
575 25 5.66433e-06
600 25 4.24054e-06
625 25 3.35821e-06
650 25 2.77592e-06
675 25 2.36589e-06
700 25 2.06368e-06
725 25 1.83422e-06
750 25 1.65641e-06
775 25 1.51668e-06
800 25 1.40587e-06
825 25 1.31768e-06
850 25 1.24764e-06
875 25 1.19254e-06
900 25 1.15004e-06
925 25 1.1185e-06
950 25 1.09673e-06
975 25 1.08397e-06
1000 25 1.07976e-06
1025 25 1.08397e-06
1050 25 1.09673e-06
1075 25 1.1185e-06
1100 25 1.15004e-06
1125 25 1.19254e-06
1150 25 1.24764e-06
1175 25 1.31768e-06
1200 25 1.40587e-06
1225 25 1.51668e-06
1250 25 1.65641e-06
1275 25 1.83422e-06
1300 25 2.06368e-06
1325 25 2.36589e-06
1350 25 2.77592e-06
1375 25 3.35821e-06
1400 25 4.24054e-06
1425 25 5.66433e-06
1450 25 7.98058e-06
1475 25 1.13685e-05
1500 25 1.49853e-05
1525 25 1.5747e-05
1550 25 8.25818e-06
1575 25 -1.17761e-05
1600 25 -4.08517e-05
1625 25 -6.39878e-05
1650 25 -6.26945e-05
1675 25 -3.25107e-05
1700 25 8.47044e-06
1725 25 3.46098e-05
1750 25 3.62105e-05
1775 25 2.34786e-05
1800 25 1.06129e-05
1825 25 3.46917e-06
1850 25 8.32137e-07
1875 25 1.47477e-07
1900 25 1.93883e-08
1925 25 1.89651e-09
1950 25 1.38435e-10
1975 25 7.56489e-12
2000 25 3.10592e-13
2025 25 9.61932e-15
2050 25 2.2571e-16
2075 25 4.03102e-18
2100 25 5.5059e-20
2125 25 5.78007e-22
2150 25 4.68701e-24
2175 25 2.95043e-26
2200 25 1.44893e-28
2225 25 5.57827e-31
2250 25 1.69163e-33
2275 25 4.05956e-36
2300 25 7.74409e-39
2325 25 1.17942e-41
2350 25 1.4401e-44
2375 25 1.41545e-47
2400 25 1.12424e-50
2425 25 7.24269e-54
2450 25 3.79813e-57
2475 25 1.62688e-60
2500 25 5.71052e-64
2525 25 1.64777e-67
2550 25 3.92033e-71
2575 25 7.7126e-75
2600 25 1.25813e-78
2625 25 1.70625e-82
2650 25 1.9286e-86
2675 25 1.82126e-90
2700 25 1.44024e-94
2725 25 9.55853e-99
2750 25 5.33526e-103
2775 25 2.50962e-107
2800 25 9.9676e-112
2825 25 3.34894e-116
2850 25 9.5352e-121
2875 25 2.30461e-125
2900 25 4.73604e-130
2925 25 8.28825e-135
2950 25 1.23706e-139
2975 25 1.57694e-144
0 50 0
25 50 1.38434e-10
50 50 2.02374e-09
75 50 2.1831e-08
100 50 1.73365e-07
125 50 1.00928e-06
150 50 4.28826e-06
175 50 1.3221e-05
200 50 2.9294e-05
225 50 4.57064e-05
250 50 4.74893e-05
275 50 2.58415e-05
300 50 -1.00159e-05
325 50 -4.26038e-05
350 50 -6.26537e-05
375 50 -6.95648e-05
400 50 -6.35238e-05
425 50 -4.53168e-05
450 50 -2.04229e-05
475 50 2.33106e-06
500 50 1.64889e-05
525 50 2.1193e-05
550 50 1.9634e-05
575 50 1.56799e-05
600 50 1.1806e-05
625 50 8.90264e-06
650 50 6.95585e-06
675 50 5.67936e-06
700 50 4.81532e-06
725 50 4.20026e-06
750 50 3.74301e-06
775 50 3.39315e-06
800 50 3.12096e-06
825 50 2.90745e-06
850 50 2.7398e-06
875 50 2.60906e-06
900 50 2.50894e-06
925 50 2.43499e-06
950 50 2.38414e-06
975 50 2.35439e-06
1000 50 2.34459e-06
1025 50 2.35439e-06
1050 50 2.38414e-06
1075 50 2.43499e-06
1100 50 2.50894e-06
1125 50 2.60906e-06
1150 50 2.7398e-06
1175 50 2.90745e-06
1200 50 3.12096e-06
1225 50 3.39315e-06
1250 50 3.74301e-06
1275 50 4.20026e-06
1300 50 4.81532e-06
1325 50 5.67936e-06
1350 50 6.95585e-06
1375 50 8.90264e-06
1400 50 1.1806e-05
1425 50 1.56799e-05
1450 50 1.9634e-05
1475 50 2.1193e-05
1500 50 1.64889e-05
1525 50 2.33106e-06
1550 50 -2.04229e-05
1575 50 -4.53168e-05
1600 50 -6.35238e-05
1625 50 -6.95648e-05
1650 50 -6.26537e-05
1675 50 -4.26038e-05
1700 50 -1.00159e-05
1725 50 2.58415e-05
1750 50 4.74893e-05
1775 50 4.57064e-05
1800 50 2.9294e-05
1825 50 1.3221e-05
1850 50 4.28826e-06
1875 50 1.00928e-06
1900 50 1.73365e-07
1925 50 2.1831e-08
1950 50 2.02375e-09
1975 50 1.38703e-10
2000 50 7.06092e-12
2025 50 2.68305e-13
2050 50 7.64981e-15
2075 50 1.64544e-16
2100 50 2.68495e-18
2125 50 3.34235e-20
2150 50 3.19203e-22
2175 50 2.35179e-24
2200 50 1.34407e-26
2225 50 5.99042e-29
2250 50 2.09294e-31
2275 50 5.76112e-34
2300 50 1.25549e-36
2325 50 2.17621e-39
2350 50 3.01384e-42
2375 50 3.3492e-45
2400 50 2.99884e-48
2425 50 2.17204e-51
2450 50 1.2774e-54
2475 50 6.12198e-58
2500 50 2.39919e-61
2525 50 7.71392e-65
2550 50 2.04122e-68
2575 50 4.45876e-72
2600 50 8.06297e-76
2625 50 1.21039e-79
2650 50 1.51233e-83
2675 50 1.57668e-87
2700 50 1.37487e-91
2725 50 1.00506e-95
2750 50 6.17285e-100
2775 50 3.19194e-104
2800 50 1.39242e-108
2825 50 5.13409e-113
2850 50 1.603e-117
2875 50 4.2456e-122
2900 50 9.55461e-127
2925 50 1.83001e-131
2950 50 2.98765e-136
2975 50 4.16373e-141
0 75 0
25 75 1.89651e-09
50 75 2.1831e-08
75 75 1.82445e-07
100 75 1.10323e-06
125 75 4.79353e-06
150 75 1.48357e-05
175 75 3.22737e-05
200 75 4.81007e-05
225 75 4.60254e-05
250 75 2.16191e-05
275 75 -8.54238e-06
300 75 -2.6286e-05
325 75 -3.0945e-05
350 75 -3.32115e-05
375 75 -4.01418e-05
400 75 -5.01564e-05
425 75 -5.65141e-05
450 75 -5.2977e-05
475 75 -3.83563e-05
500 75 -1.73458e-05
525 75 2.77731e-06
550 75 1.65881e-05
575 75 2.26744e-05
600 75 2.28156e-05
625 75 1.98606e-05
650 75 1.61074e-05
675 75 1.27822e-05
700 75 1.02593e-05
725 75 8.47562e-06
750 75 7.23738e-06
775 75 6.36522e-06
800 75 5.73303e-06
825 75 5.26196e-06
850 75 4.90467e-06
875 75 4.63244e-06
900 75 4.42725e-06
925 75 4.27736e-06
950 75 4.17508e-06
975 75 4.11553e-06
1000 75 4.09597e-06
1025 75 4.11553e-06
1050 75 4.17508e-06
1075 75 4.27736e-06
1100 75 4.42725e-06
1125 75 4.63244e-06
1150 75 4.90467e-06
1175 75 5.26196e-06
1200 75 5.73303e-06
1225 75 6.36522e-06
1250 75 7.23738e-06
1275 75 8.47562e-06
1300 75 1.02593e-05
1325 75 1.27822e-05
1350 75 1.61074e-05
1375 75 1.98606e-05
1400 75 2.28156e-05
1425 75 2.26744e-05
1450 75 1.65881e-05
1475 75 2.77731e-06
1500 75 -1.73458e-05
1525 75 -3.83563e-05
1550 75 -5.2977e-05
1575 75 -5.65141e-05
1600 75 -5.01564e-05
1625 75 -4.01418e-05
1650 75 -3.32115e-05
1675 75 -3.0945e-05
1700 75 -2.6286e-05
1725 75 -8.54238e-06
1750 75 2.16191e-05
1775 75 4.60254e-05
1800 75 4.81007e-05
1825 75 3.22737e-05
1850 75 1.48357e-05
1875 75 4.79353e-06
1900 75 1.10323e-06
1925 75 1.82445e-07
1950 75 2.18312e-08
1975 75 1.90223e-09
2000 75 1.21449e-10
2025 75 5.7175e-12
2050 75 1.99744e-13
2075 75 5.21198e-15
2100 75 1.02237e-16
2125 75 1.51737e-18
2150 75 1.71481e-20
2175 75 1.48488e-22
2200 75 9.91181e-25
2225 75 5.13049e-27
2250 75 2.07098e-29
2275 75 6.55513e-32
2300 75 1.63551e-34
2325 75 3.2328e-37
2350 75 5.08682e-40
2375 75 6.40105e-43
2400 75 6.46995e-46
2425 75 5.2749e-49
2450 75 3.48277e-52
2475 75 1.86933e-55
2500 75 8.18612e-59
2525 75 2.93496e-62
2550 75 8.64352e-66
2575 75 2.09755e-69
2600 75 4.207e-73
2625 75 6.99379e-77
2650 75 9.66319e-81
2675 75 1.11258e-84
2700 75 1.07009e-88
2725 75 8.61844e-93
2750 75 5.82557e-97
2775 75 3.31202e-101
2800 75 1.58707e-105
2825 75 6.42251e-110
2850 75 2.1991e-114
2875 75 6.38272e-119
2900 75 1.57304e-123
2925 75 3.29735e-128
2950 75 5.88808e-133
2975 75 8.9707e-138
0 100 0
25 100 1.93883e-08
50 100 1.73365e-07
75 100 1.10323e-06
100 100 4.97244e-06
125 100 1.56872e-05
150 100 3.404e-05
175 100 4.91592e-05
200 100 4.33764e-05
225 100 1.53889e-05
250 100 -1.34851e-05
275 100 -2.53964e-05
300 100 -2.29281e-05
325 100 -1.71974e-05
350 100 -1.46556e-05
375 100 -1.69519e-05
400 100 -2.41842e-05
425 100 -3.51598e-05
450 100 -4.64843e-05
475 100 -5.31712e-05
500 100 -5.11245e-05
525 100 -3.96762e-05
550 100 -2.20657e-05
575 100 -3.53061e-06
600 100 1.14019e-05
625 100 2.05811e-05
650 100 2.42426e-05
675 100 2.39823e-05
700 100 2.16372e-05
725 100 1.862e-05
750 100 1.57485e-05
775 100 1.33622e-05
800 100 1.15172e-05
825 100 1.01435e-05
850 100 9.13878e-06
875 100 8.41029e-06
900 100 7.88732e-06
925 100 7.52064e-06
950 100 7.27795e-06
975 100 7.13942e-06
1000 100 7.09436e-06
1025 100 7.13942e-06
1050 100 7.27795e-06
1075 100 7.52064e-06
1100 100 7.88732e-06
1125 100 8.41029e-06
1150 100 9.13878e-06
1175 100 1.01435e-05
1200 100 1.15172e-05
1225 100 1.33622e-05
1250 100 1.57485e-05
1275 100 1.862e-05
1300 100 2.16372e-05
1325 100 2.39823e-05
1350 100 2.42426e-05
1375 100 2.05811e-05
1400 100 1.14019e-05
1425 100 -3.53061e-06
1450 100 -2.20657e-05
1475 100 -3.96762e-05
1500 100 -5.11245e-05
1525 100 -5.31712e-05
1550 100 -4.64843e-05
1575 100 -3.51598e-05
1600 100 -2.41842e-05
1625 100 -1.69519e-05
1650 100 -1.46556e-05
1675 100 -1.71974e-05
1700 100 -2.29281e-05
1725 100 -2.53964e-05
1750 100 -1.34851e-05
1775 100 1.53889e-05
1800 100 4.33764e-05
1825 100 4.91592e-05
1850 100 3.404e-05
1875 100 1.56872e-05
1900 100 4.97244e-06
1925 100 1.10323e-06
1950 100 1.73369e-07
1975 100 1.94814e-08
2000 100 1.57876e-09
2025 100 9.30224e-11
2050 100 4.01666e-12
2075 100 1.28091e-13
2100 100 3.03987e-15
2125 100 5.40886e-17
2150 100 7.26807e-19
2175 100 7.42751e-21
2200 100 5.8119e-23
2225 100 3.50486e-25
2250 100 1.63912e-27
2275 100 5.98036e-30
2300 100 1.71197e-32
2325 100 3.8661e-35
2350 100 6.92318e-38
2375 100 9.87935e-41
2400 100 1.12869e-43
2425 100 1.037e-46
2450 100 7.69438e-50
2475 100 4.62927e-53
2500 100 2.26702e-56
2525 100 9.06955e-60
2550 100 2.97444e-63
2575 100 8.0232e-67
2600 100 1.78557e-70
2625 100 3.28843e-74
2650 100 5.02603e-78
2675 100 6.39237e-82
2700 100 6.78306e-86
2725 100 6.01989e-90
2750 100 4.47893e-94
2775 100 2.80001e-98
2800 100 1.47394e-102
2825 100 6.54669e-107
2850 100 2.45833e-111
2875 100 7.81892e-116
2900 100 2.11019e-120
2925 100 4.84067e-125
2950 100 9.45391e-130
2975 100 1.57441e-134
0 125 0
25 125 1.47477e-07
50 125 1.00928e-06
75 125 4.79353e-06
100 125 1.56872e-05
125 125 3.46271e-05
150 125 4.95634e-05
175 125 4.14605e-05
200 125 1.10958e-05
225 125 -1.68263e-05
250 125 -2.55508e-05
275 125 -2.09354e-05
300 125 -1.43274e-05
325 125 -1.00917e-05
350 125 -8.05139e-06
375 125 -7.73361e-06
400 125 -9.47838e-06
425 125 -1.40944e-05
450 125 -2.20724e-05
475 125 -3.2658e-05
500 125 -4.33898e-05
525 125 -5.07157e-05
550 125 -5.15593e-05
575 125 -4.48661e-05
600 125 -3.20916e-05
625 125 -1.63965e-05
650 125 -1.19282e-06
675 125 1.10629e-05
700 125 1.93351e-05
725 125 2.37982e-05
750 125 2.53091e-05
775 125 2.4903e-05
800 125 2.34781e-05
825 125 2.16746e-05
850 125 1.98824e-05
875 125 1.83023e-05
900 125 1.70158e-05
925 125 1.60396e-05
950 125 1.53624e-05
975 125 1.49658e-05
1000 125 1.48353e-05
1025 125 1.49658e-05
1050 125 1.53624e-05
1075 125 1.60396e-05
1100 125 1.70158e-05
1125 125 1.83023e-05
1150 125 1.98824e-05
1175 125 2.16746e-05
1200 125 2.34781e-05
1225 125 2.4903e-05
1250 125 2.53091e-05
1275 125 2.37982e-05
1300 125 1.93351e-05
1325 125 1.10629e-05
1350 125 -1.19282e-06
1375 125 -1.63965e-05
1400 125 -3.20916e-05
1425 125 -4.48661e-05
1450 125 -5.15593e-05
1475 125 -5.07157e-05
1500 125 -4.33898e-05
1525 125 -3.2658e-05
1550 125 -2.20724e-05
1575 125 -1.40944e-05
1600 125 -9.47838e-06
1625 125 -7.73361e-06
1650 125 -8.05139e-06
1675 125 -1.00917e-05
1700 125 -1.43274e-05
1725 125 -2.09354e-05
1750 125 -2.55508e-05
1775 125 -1.68263e-05
1800 125 1.10958e-05
1825 125 4.14605e-05
1850 125 4.95634e-05
1875 125 3.46271e-05
1900 125 1.56872e-05
1925 125 4.79353e-06
1950 125 1.00934e-06
1975 125 1.48632e-07
2000 125 1.54911e-08
2025 125 1.15494e-09
2050 125 6.22064e-11
2075 125 2.44335e-12
2100 125 7.06189e-14
2125 125 1.51493e-15
2150 125 2.43219e-17
2175 125 2.94566e-19
2200 125 2.71165e-21
2225 125 1.91111e-23
2250 125 1.0383e-25
2275 125 4.37697e-28
2300 125 1.44055e-30
2325 125 3.72335e-33
2350 125 7.59989e-36
2375 125 1.23151e-38
2400 125 1.59219e-41
2425 125 1.6502e-44
2450 125 1.37725e-47
2475 125 9.29537e-51
2500 125 5.09398e-54
2525 125 2.27534e-57
2550 125 8.31406e-61
2575 125 2.49379e-64
2600 125 6.16048e-68
2625 125 1.25728e-71
2650 125 2.12618e-75
2675 125 2.98779e-79
2700 125 3.49825e-83
2725 125 3.4215e-87
2750 125 2.80227e-91
2775 125 1.92638e-95
2800 125 1.11399e-99
2825 125 5.43061e-104
2850 125 2.23626e-108
2875 125 7.79374e-113
2900 125 2.30314e-117
2925 125 5.78114e-122
2950 125 1.23469e-126
2975 125 2.24726e-131
0 150 0
25 150 8.32137e-07
50 150 4.28826e-06
75 150 1.48357e-05
100 150 3.404e-05
125 150 4.95634e-05
150 150 4.07723e-05
175 150 8.95953e-06
200 150 -1.85666e-05
225 150 -2.53863e-05
250 150 -1.96859e-05
275 150 -1.31501e-05
300 150 -9.18582e-06
325 150 -7.0091e-06
350 150 -5.72072e-06
375 150 -4.97479e-06
400 150 -4.79702e-06
425 150 -5.52165e-06
450 150 -7.76403e-06
475 150 -1.22346e-05
500 150 -1.93158e-05
525 150 -2.85555e-05
550 150 -3.8425e-05
575 150 -4.66329e-05
600 150 -5.09289e-05
625 150 -4.99772e-05
650 150 -4.38218e-05
675 150 -3.37432e-05
700 150 -2.16753e-05
725 150 -9.53276e-06
750 150 1.26204e-06
775 150 9.9491e-06
800 150 1.63566e-05
825 150 2.07077e-05
850 150 2.34183e-05
875 150 2.4944e-05
900 150 2.56909e-05
925 150 2.59796e-05
950 150 2.60397e-05
975 150 2.60207e-05
1000 150 2.60056e-05
1025 150 2.60207e-05
1050 150 2.60397e-05
1075 150 2.59796e-05
1100 150 2.56909e-05
1125 150 2.4944e-05
1150 150 2.34183e-05
1175 150 2.07077e-05
1200 150 1.63566e-05
1225 150 9.9491e-06
1250 150 1.26204e-06
1275 150 -9.53276e-06
1300 150 -2.16753e-05
1325 150 -3.37432e-05
1350 150 -4.38218e-05
1375 150 -4.99772e-05
1400 150 -5.09289e-05
1425 150 -4.66329e-05
1450 150 -3.8425e-05
1475 150 -2.85555e-05
1500 150 -1.93158e-05
1525 150 -1.22346e-05
1550 150 -7.76403e-06
1575 150 -5.52165e-06
1600 150 -4.79702e-06
1625 150 -4.97479e-06
1650 150 -5.72072e-06
1675 150 -7.0091e-06
1700 150 -9.18582e-06
1725 150 -1.31501e-05
1750 150 -1.96859e-05
1775 150 -2.53863e-05
1800 150 -1.85666e-05
1825 150 8.95953e-06
1850 150 4.07723e-05
1875 150 4.95634e-05
1900 150 3.404e-05
1925 150 1.48358e-05
1950 150 4.289e-06
1975 150 8.43083e-07
2000 150 1.14669e-07
2025 150 1.09461e-08
2050 150 7.42612e-10
2075 150 3.62184e-11
2100 150 1.28356e-12
2125 150 3.33885e-14
2150 150 6.43585e-16
2175 150 9.2757e-18
2200 150 1.00811e-19
2225 150 8.3287e-22
2250 150 5.27033e-24
2275 150 2.57272e-26
2300 150 9.75366e-29
2325 150 2.89016e-31
2350 150 6.73377e-34
2375 150 1.2406e-36
2400 150 1.81703e-39
2425 150 2.12637e-42
2450 150 1.99769e-45
2475 150 1.51352e-48
2500 150 9.28688e-52
2525 150 4.63366e-55
2550 150 1.88717e-58
2575 150 6.29656e-62
2600 150 1.72701e-65
2625 150 3.90663e-69
2650 150 7.3109e-73
2675 150 1.13522e-76
2700 150 1.46672e-80
2725 150 1.58098e-84
2750 150 1.42536e-88
2775 150 1.07743e-92
2800 150 6.84413e-97
2825 150 3.66158e-101
2850 150 1.65329e-105
2875 150 6.31288e-110
2900 150 2.04237e-114
2925 150 5.60864e-119
2950 150 1.30965e-123
2975 150 2.60465e-128
0 175 0
25 175 3.46917e-06
50 175 1.3221e-05
75 175 3.22737e-05
100 175 4.91592e-05
125 175 4.14605e-05
150 175 8.95953e-06
175 175 -1.91004e-05
200 175 -2.52229e-05
225 175 -1.8939e-05
250 175 -1.24518e-05
275 175 -8.69908e-06
300 175 -6.65016e-06
325 175 -5.39423e-06
350 175 -4.542e-06
375 175 -3.93491e-06
400 175 -3.5166e-06
425 175 -3.31565e-06
450 175 -3.47646e-06
475 175 -4.30024e-06
500 175 -6.24154e-06
525 175 -9.79927e-06
550 175 -1.52891e-05
575 175 -2.25788e-05
600 175 -3.09415e-05
625 175 -3.91491e-05
650 175 -4.58024e-05
675 175 -4.97499e-05
700 175 -5.0407e-05
725 175 -4.78531e-05
750 175 -4.27085e-05
775 175 -3.58879e-05
800 175 -2.83429e-05
825 175 -2.08782e-05
850 175 -1.40646e-05
875 175 -8.23534e-06
900 175 -3.5324e-06
925 175 2.90477e-08
950 175 2.49929e-06
975 175 3.94599e-06
1000 175 4.42174e-06
1025 175 3.94599e-06
1050 175 2.49929e-06
1075 175 2.90477e-08
1100 175 -3.5324e-06
1125 175 -8.23534e-06
1150 175 -1.40646e-05
1175 175 -2.08782e-05
1200 175 -2.83429e-05
1225 175 -3.58879e-05
1250 175 -4.27085e-05
1275 175 -4.78531e-05
1300 175 -5.0407e-05
1325 175 -4.97499e-05
1350 175 -4.58024e-05
1375 175 -3.91491e-05
1400 175 -3.09415e-05
1425 175 -2.25788e-05
1450 175 -1.52891e-05
1475 175 -9.79927e-06
1500 175 -6.24154e-06
1525 175 -4.30024e-06
1550 175 -3.47646e-06
1575 175 -3.31565e-06
1600 175 -3.5166e-06
1625 175 -3.93491e-06
1650 175 -4.542e-06
1675 175 -5.39423e-06
1700 175 -6.65016e-06
1725 175 -8.69908e-06
1750 175 -1.24518e-05
1775 175 -1.8939e-05
1800 175 -2.52229e-05
1825 175 -1.91004e-05
1850 175 8.95953e-06
1875 175 4.14605e-05
1900 175 4.91592e-05
1925 175 3.22741e-05
1950 175 1.32278e-05
1975 175 3.54845e-06
2000 175 6.40327e-07
2025 175 7.92823e-08
2050 175 6.84558e-09
2075 175 4.1809e-10
2100 175 1.82951e-11
2125 175 5.80417e-13
2150 175 1.34974e-14
2175 175 2.32441e-16
2200 175 2.99275e-18
2225 175 2.90675e-20
2250 175 2.14761e-22
2275 175 1.21651e-24
2300 175 5.32204e-27
2325 175 1.81063e-29
2350 175 4.82148e-32
2375 175 1.01103e-34
2400 175 1.67903e-37
2425 175 2.22024e-40
2450 175 2.34953e-43
2475 175 1.99928e-46
2500 175 1.37414e-49
2525 175 7.66125e-53
2550 175 3.47874e-56
2575 175 1.29136e-59
2600 175 3.93314e-63
2625 175 9.86227e-67
2650 175 2.04251e-70
2675 175 3.50456e-74
2700 175 4.99631e-78
2725 175 5.93492e-82
2750 175 5.88943e-86
2775 175 4.89454e-90
2800 175 3.41481e-94
2825 175 2.00458e-98
2850 175 9.9226e-103
2875 175 4.15017e-107
2900 175 1.46961e-111
2925 175 4.41417e-116
2950 175 1.12664e-120
2975 175 2.4477e-125
0 200 0
25 200 1.06129e-05
50 200 2.9294e-05
75 200 4.81007e-05
100 200 4.33764e-05
125 200 1.10958e-05
150 200 -1.85666e-05
175 200 -2.52229e-05
200 200 -1.86915e-05
225 200 -1.21223e-05
250 200 -8.43053e-06
275 200 -6.4357e-06
300 200 -5.21166e-06
325 200 -4.3781e-06
350 200 -3.77374e-06
375 200 -3.31747e-06
400 200 -2.96479e-06
425 200 -2.69466e-06
450 200 -2.51139e-06
475 200 -2.45938e-06
500 200 -2.64755e-06
525 200 -3.27156e-06
550 200 -4.61057e-06
575 200 -6.97581e-06
600 200 -1.06085e-05
625 200 -1.55593e-05
650 200 -2.16055e-05
675 200 -2.82548e-05
700 200 -3.48457e-05
725 200 -4.07047e-05
750 200 -4.53014e-05
775 200 -4.83478e-05
800 200 -4.98204e-05
825 200 -4.99163e-05
850 200 -4.89745e-05
875 200 -4.73905e-05
900 200 -4.55491e-05
925 200 -4.37809e-05
950 200 -4.23419e-05
975 200 -4.14099e-05
1000 200 -4.10881e-05
1025 200 -4.14099e-05
1050 200 -4.23419e-05
1075 200 -4.37809e-05
1100 200 -4.55491e-05
1125 200 -4.73905e-05
1150 200 -4.89745e-05
1175 200 -4.99163e-05
1200 200 -4.98204e-05
1225 200 -4.83478e-05
1250 200 -4.53014e-05
1275 200 -4.07047e-05
1300 200 -3.48457e-05
1325 200 -2.82548e-05
1350 200 -2.16055e-05
1375 200 -1.55593e-05
1400 200 -1.06085e-05
1425 200 -6.97581e-06
1450 200 -4.61057e-06
1475 200 -3.27156e-06
1500 200 -2.64755e-06
1525 200 -2.45938e-06
1550 200 -2.51139e-06
1575 200 -2.69466e-06
1600 200 -2.96479e-06
1625 200 -3.31747e-06
1650 200 -3.77374e-06
1675 200 -4.3781e-06
1700 200 -5.21166e-06
1725 200 -6.4357e-06
1750 200 -8.43053e-06
1775 200 -1.21223e-05
1800 200 -1.86915e-05
1825 200 -2.52229e-05
1850 200 -1.85666e-05
1875 200 1.10958e-05
1900 200 4.33766e-05
1925 200 4.81045e-05
1950 200 2.93429e-05
1975 200 1.10526e-05
2000 200 2.69828e-06
2025 200 4.39643e-07
2050 200 4.88569e-08
2075 200 3.76989e-09
2100 200 2.05152e-10
2125 200 7.9842e-12
2150 200 2.25071e-13
2175 200 4.64953e-15
2200 200 7.11508e-17
2225 200 8.14635e-19
2250 200 7.04331e-21
2275 200 4.63829e-23
2300 200 2.34522e-25
2325 200 9.17268e-28
2350 200 2.79464e-30
2375 200 6.67577e-33
2400 200 1.25799e-35
2425 200 1.88076e-38
2450 200 2.24288e-41
2475 200 2.14431e-44
2500 200 1.65134e-47
2525 200 1.02897e-50
2550 200 5.20969e-54
2575 200 2.15178e-57
2600 200 7.27766e-61
2625 200 2.02275e-64
2650 200 4.63568e-68
2675 200 8.78804e-72
2700 200 1.38227e-75
2725 200 1.80911e-79
2750 200 1.97557e-83
2775 200 1.80471e-87
2800 200 1.38254e-91
2825 200 8.90276e-96
2850 200 4.82971e-100
2875 200 2.21203e-104
2900 200 8.57076e-109
2925 200 2.81479e-113
2950 200 7.85005e-118
2975 200 1.86237e-122
0 225 0
25 225 2.34786e-05
50 225 4.57064e-05
75 225 4.60254e-05
100 225 1.53889e-05
125 225 -1.68263e-05
150 225 -2.53863e-05
175 225 -1.8939e-05
200 225 -1.21223e-05
225 225 -8.34446e-06
250 225 -6.3333e-06
275 225 -5.10767e-06
300 225 -4.27652e-06
325 225 -3.6758e-06
350 225 -3.22284e-06
375 225 -2.8705e-06
400 225 -2.58991e-06
425 225 -2.36266e-06
450 225 -2.17781e-06
475 225 -2.03206e-06
500 225 -1.93393e-06
525 225 -1.91224e-06
550 225 -2.02744e-06
575 225 -2.38084e-06
600 225 -3.11321e-06
625 225 -4.38536e-06
650 225 -6.34026e-06
675 225 -9.05674e-06
700 225 -1.25121e-05
725 225 -1.65699e-05
750 225 -2.09996e-05
775 225 -2.55202e-05
800 225 -2.98546e-05
825 225 -3.37752e-05
850 225 -3.71317e-05
875 225 -3.98563e-05
900 225 -4.1952e-05
925 225 -4.34692e-05
950 225 -4.44796e-05
975 225 -4.50529e-05
1000 225 -4.52381e-05
1025 225 -4.50529e-05
1050 225 -4.44796e-05
1075 225 -4.34692e-05
1100 225 -4.1952e-05
1125 225 -3.98563e-05
1150 225 -3.71317e-05
1175 225 -3.37752e-05
1200 225 -2.98546e-05
1225 225 -2.55202e-05
1250 225 -2.09996e-05
1275 225 -1.65699e-05
1300 225 -1.25121e-05
1325 225 -9.05674e-06
1350 225 -6.34026e-06
1375 225 -4.38536e-06
1400 225 -3.11321e-06
1425 225 -2.38084e-06
1450 225 -2.02744e-06
1475 225 -1.91224e-06
1500 225 -1.93393e-06
1525 225 -2.03206e-06
1550 225 -2.17781e-06
1575 225 -2.36266e-06
1600 225 -2.58991e-06
1625 225 -2.8705e-06
1650 225 -3.22284e-06
1675 225 -3.6758e-06
1700 225 -4.27652e-06
1725 225 -5.10767e-06
1750 225 -6.3333e-06
1775 225 -8.34446e-06
1800 225 -1.21223e-05
1825 225 -1.8939e-05
1850 225 -2.53863e-05
1875 225 -1.68263e-05
1900 225 1.53907e-05
1925 225 4.6052e-05
1950 225 4.59773e-05
1975 225 2.53494e-05
2000 225 8.58058e-06
2025 225 1.87086e-06
2050 225 2.70892e-07
2075 225 2.66577e-08
2100 225 1.81737e-09
2125 225 8.72735e-11
2150 225 2.99624e-12
2175 225 7.45307e-14
2200 225 1.35971e-15
2225 225 1.83973e-17
2250 225 1.86513e-19
2275 225 1.43027e-21
2300 225 8.36917e-24
2325 225 3.76718e-26
2350 225 1.31429e-28
2375 225 3.57887e-31
2400 225 7.65627e-34
2425 225 1.29465e-36
2450 225 1.74033e-39
2475 225 1.86971e-42
2500 225 1.61344e-45
2525 225 1.12362e-48
2550 225 6.34304e-52
2575 225 2.91473e-55
2600 225 1.09454e-58
2625 225 3.37144e-62
2650 225 8.54817e-66
2675 225 1.78999e-69
2700 225 3.10536e-73
2725 225 4.47669e-77
2750 225 5.37793e-81
2775 225 5.39825e-85
2800 225 4.53922e-89
2825 225 3.20519e-93
2850 225 1.90491e-97
2875 225 9.54994e-102
2900 225 4.04706e-106
2925 225 1.45265e-110
2950 225 4.42475e-115
2975 225 1.14582e-119
0 250 0
25 250 3.62105e-05
50 250 4.74893e-05
75 250 2.16191e-05
100 250 -1.34851e-05
125 250 -2.55508e-05
150 250 -1.96859e-05
175 250 -1.24518e-05
200 250 -8.43053e-06
225 250 -6.3333e-06
250 250 -5.07383e-06
275 250 -4.22728e-06
300 250 -3.61922e-06
325 250 -3.16284e-06
350 250 -2.80912e-06
375 250 -2.52806e-06
400 250 -2.30029e-06
425 250 -2.11272e-06
450 250 -1.95631e-06
475 250 -1.82481e-06
500 250 -1.71451e-06
525 250 -1.62489e-06
550 250 -1.56059e-06
575 250 -1.53464e-06
600 250 -1.57245e-06
625 250 -1.71451e-06
650 250 -2.01561e-06
675 250 -2.53837e-06
700 250 -3.34121e-06
725 250 -4.46335e-06
750 250 -5.91148e-06
775 250 -7.65248e-06
800 250 -9.61467e-06
825 250 -1.1697e-05
850 250 -1.37831e-05
875 250 -1.57559e-05
900 250 -1.75096e-05
925 250 -1.89577e-05
950 250 -2.00351e-05
975 250 -2.0698e-05
1000 250 -2.09216e-05
1025 250 -2.0698e-05
1050 250 -2.00351e-05
1075 250 -1.89577e-05
1100 250 -1.75096e-05
1125 250 -1.57559e-05
1150 250 -1.37831e-05
1175 250 -1.1697e-05
1200 250 -9.61467e-06
1225 250 -7.65248e-06
1250 250 -5.91148e-06
1275 250 -4.46335e-06
1300 250 -3.34121e-06
1325 250 -2.53837e-06
1350 250 -2.01561e-06
1375 250 -1.71451e-06
1400 250 -1.57245e-06
1425 250 -1.53464e-06
1450 250 -1.56059e-06
1475 250 -1.62489e-06
1500 250 -1.71451e-06
1525 250 -1.82481e-06
1550 250 -1.95631e-06
1575 250 -2.11272e-06
1600 250 -2.30029e-06
1625 250 -2.52806e-06
1650 250 -2.80912e-06
1675 250 -3.16284e-06
1700 250 -3.61922e-06
1725 250 -4.22728e-06
1750 250 -5.07383e-06
1775 250 -6.3333e-06
1800 250 -8.43053e-06
1825 250 -1.24518e-05
1850 250 -1.96858e-05
1875 250 -2.55501e-05
1900 250 -1.34724e-05
1925 250 2.17676e-05
1950 250 4.86609e-05
1975 250 4.23345e-05
2000 250 2.05631e-05
2025 250 6.12404e-06
2050 250 1.1716e-06
2075 250 1.48534e-07
2100 250 1.27829e-08
2125 250 7.61898e-10
2150 250 3.20021e-11
2175 250 9.61963e-13
2200 250 2.09813e-14
2225 250 3.3622e-16
2250 250 4.00383e-18
2275 250 3.58018e-20
2300 250 2.42693e-22
2325 250 1.25821e-24
2350 250 5.02948e-27
2375 250 1.56183e-29
2400 250 3.79415e-32
2425 250 7.25755e-35
2450 250 1.09974e-37
2475 250 1.32761e-40
2500 250 1.28359e-43
2525 250 9.98887e-47
2550 250 6.28576e-50
2575 250 3.21257e-53
2600 250 1.33902e-56
2625 250 4.56928e-60
2650 250 1.28123e-63
2675 250 2.96227e-67
2700 250 5.66581e-71
2725 250 8.99263e-75
2750 250 1.18788e-78
2775 250 1.30957e-82
2800 250 1.20809e-86
2825 250 9.34935e-91
2850 250 6.08425e-95
2875 250 3.33704e-99
2900 250 1.54591e-103
2925 250 6.06136e-108
2950 250 2.01543e-112
2975 250 5.69365e-117
0 275 0
25 275 3.46098e-05
50 275 2.58415e-05
75 275 -8.54238e-06
100 275 -2.53964e-05
125 275 -2.09354e-05
150 275 -1.31501e-05
175 275 -8.69908e-06
200 275 -6.4357e-06
225 275 -5.10767e-06
250 275 -4.22728e-06
275 275 -3.60069e-06
300 275 -3.13356e-06
325 275 -2.77337e-06
350 275 -2.48834e-06
375 275 -2.25808e-06
400 275 -2.06893e-06
425 275 -1.91139e-06
450 275 -1.77865e-06
475 275 -1.66574e-06
500 275 -1.56897e-06
525 275 -1.48567e-06
550 275 -1.41414e-06
575 275 -1.35391e-06
600 275 -1.30632e-06
625 275 -1.27543e-06
650 275 -1.26883e-06
675 275 -1.29819e-06
700 275 -1.37854e-06
725 275 -1.5263e-06
750 275 -1.75588e-06
775 275 -2.07564e-06
800 275 -2.48432e-06
825 275 -2.96885e-06
850 275 -3.5044e-06
875 275 -4.05655e-06
900 275 -4.58516e-06
925 275 -5.04908e-06
950 275 -5.41083e-06
975 275 -5.64063e-06
1000 275 -5.71942e-06
1025 275 -5.64063e-06
1050 275 -5.41083e-06
1075 275 -5.04908e-06
1100 275 -4.58516e-06
1125 275 -4.05655e-06
1150 275 -3.5044e-06
1175 275 -2.96885e-06
1200 275 -2.48432e-06
1225 275 -2.07564e-06
1250 275 -1.75588e-06
1275 275 -1.5263e-06
1300 275 -1.37854e-06
1325 275 -1.29819e-06
1350 275 -1.26883e-06
1375 275 -1.27543e-06
1400 275 -1.30632e-06
1425 275 -1.35391e-06
1450 275 -1.41414e-06
1475 275 -1.48567e-06
1500 275 -1.56897e-06
1525 275 -1.66574e-06
1550 275 -1.77865e-06
1575 275 -1.91139e-06
1600 275 -2.06893e-06
1625 275 -2.25808e-06
1650 275 -2.48834e-06
1675 275 -2.77337e-06
1700 275 -3.13356e-06
1725 275 -3.60069e-06
1750 275 -4.22728e-06
1775 275 -5.10767e-06
1800 275 -6.4357e-06
1825 275 -8.69907e-06
1850 275 -1.31498e-05
1875 275 -2.093e-05
1900 275 -2.53246e-05
1925 275 -7.88667e-06
1950 275 2.98113e-05
1975 275 5.0056e-05
2000 275 3.69409e-05
2025 275 1.54462e-05
2050 275 3.9698e-06
2075 275 6.55709e-07
2100 275 7.18096e-08
2125 275 5.34381e-09
2150 275 2.75835e-10
2175 275 1.00533e-11
2200 275 2.62811e-13
2225 275 4.99749e-15
2250 275 7.0003e-17
2275 275 7.30655e-19
2300 275 5.7421e-21
2325 275 3.43036e-23
2350 275 1.57154e-25
2375 275 5.56598e-28
2400 275 1.53542e-30
2425 275 3.32192e-33
2450 275 5.67306e-36
2475 275 7.69326e-39
2500 275 8.33091e-42
2525 275 7.24151e-45
2550 275 5.0774e-48
2575 275 2.88482e-51
2600 275 1.33393e-54
2625 275 5.04008e-58
2650 275 1.56205e-61
2675 275 3.98531e-65
2700 275 8.39885e-69
2725 275 1.46677e-72
2750 275 2.12916e-76
2775 275 2.57638e-80
2800 275 2.60589e-84
2825 275 2.20886e-88
2850 275 1.57297e-92
2875 275 9.43249e-97
2900 275 4.77369e-101
2925 275 2.04325e-105
2950 275 7.41154e-110
2975 275 2.28269e-114
0 300 0
25 300 8.47044e-06
50 300 -1.00159e-05
75 300 -2.6286e-05
100 300 -2.29281e-05
125 300 -1.43274e-05
150 300 -9.18582e-06
175 300 -6.65016e-06
200 300 -5.21166e-06
225 300 -4.27652e-06
250 300 -3.61922e-06
275 300 -3.13356e-06
300 300 -2.76163e-06
325 300 -2.46887e-06
350 300 -2.23339e-06
375 300 -2.04061e-06
400 300 -1.88049e-06
425 300 -1.74587e-06
450 300 -1.63154e-06
475 300 -1.5336e-06
500 300 -1.44909e-06
525 300 -1.37574e-06
550 300 -1.31178e-06
575 300 -1.25584e-06
600 300 -1.20697e-06
625 300 -1.16461e-06
650 300 -1.12872e-06
675 300 -1.09993e-06
700 300 -1.07959e-06
725 300 -1.06977e-06
750 300 -1.07293e-06
775 300 -1.09141e-06
800 300 -1.12667e-06
825 300 -1.17856e-06
850 300 -1.24467e-06
875 300 -1.32025e-06
900 300 -1.39848e-06
925 300 -1.4713e-06
950 300 -1.53055e-06
975 300 -1.56926e-06
1000 300 -1.58272e-06
1025 300 -1.56926e-06
1050 300 -1.53055e-06
1075 300 -1.4713e-06
1100 300 -1.39848e-06
1125 300 -1.32025e-06
1150 300 -1.24467e-06
1175 300 -1.17856e-06
1200 300 -1.12667e-06
1225 300 -1.09141e-06
1250 300 -1.07293e-06
1275 300 -1.06977e-06
1300 300 -1.07959e-06
1325 300 -1.09993e-06
1350 300 -1.12872e-06
1375 300 -1.16461e-06
1400 300 -1.20697e-06
1425 300 -1.25584e-06
1450 300 -1.31178e-06
1475 300 -1.37574e-06
1500 300 -1.44909e-06
1525 300 -1.5336e-06
1550 300 -1.63154e-06
1575 300 -1.74587e-06
1600 300 -1.88049e-06
1625 300 -2.04061e-06
1650 300 -2.23339e-06
1675 300 -2.46887e-06
1700 300 -2.76163e-06
1725 300 -3.13356e-06
1750 300 -3.61922e-06
1775 300 -4.27652e-06
1800 300 -5.21166e-06
1825 300 -6.65007e-06
1850 300 -9.18389e-06
1875 300 -1.42971e-05
1900 300 -2.26038e-05
1925 300 -2.3979e-05
1950 300 5.66049e-07
1975 300 3.84726e-05
2000 300 4.89947e-05
2025 300 3.00022e-05
2050 300 1.05819e-05
2075 300 2.30699e-06
2100 300 3.24308e-07
2125 300 3.03153e-08
2150 300 1.93134e-09
2175 300 8.56147e-11
2200 300 2.68857e-12
2225 300 6.07614e-14
2250 300 1.00224e-15
2275 300 1.22189e-17
2300 300 1.11369e-19
2325 300 7.66774e-22
2350 300 4.02582e-24
2375 300 1.62589e-26
2400 300 5.09149e-29
2425 300 1.24542e-31
2450 300 2.39585e-34
2475 300 3.64777e-37
2500 300 4.42154e-40
2525 300 4.29021e-43
2550 300 3.34942e-46
2575 300 2.11411e-49
2600 300 1.08369e-52
2625 300 4.53037e-56
2650 300 1.55075e-59
2675 300 4.36264e-63
2700 300 1.01226e-66
2725 300 1.94363e-70
2750 300 3.09802e-74
2775 300 4.11144e-78
2800 300 4.55588e-82
2825 300 4.22648e-86
2850 300 3.29092e-90
2875 300 2.15594e-94
2900 300 1.19105e-98
2925 300 5.56089e-103
2950 300 2.19879e-107
2975 300 7.37738e-112
0 325 0
25 325 -3.25107e-05
50 325 -4.26038e-05
75 325 -3.0945e-05
100 325 -1.71974e-05
125 325 -1.00917e-05
150 325 -7.0091e-06
175 325 -5.39423e-06
200 325 -4.3781e-06
225 325 -3.6758e-06
250 325 -3.16284e-06
275 325 -2.77337e-06
300 325 -2.46887e-06
325 325 -2.22526e-06
350 325 -2.02669e-06
375 325 -1.86235e-06
400 325 -1.72458e-06
425 325 -1.60785e-06
450 325 -1.50803e-06
475 325 -1.42202e-06
500 325 -1.34742e-06
525 325 -1.28237e-06
550 325 -1.22538e-06
575 325 -1.17529e-06
600 325 -1.13114e-06
625 325 -1.09217e-06
650 325 -1.05778e-06
675 325 -1.02752e-06
700 325 -1.00108e-06
725 325 -9.78289e-07
750 325 -9.59111e-07
775 325 -9.43585e-07
800 325 -9.31767e-07
825 325 -9.23632e-07
850 325 -9.1897e-07
875 325 -9.17323e-07
900 325 -9.17966e-07
925 325 -9.19972e-07
950 325 -9.22345e-07
975 325 -9.24186e-07
1000 325 -9.24874e-07
1025 325 -9.24186e-07
1050 325 -9.22345e-07
1075 325 -9.19972e-07
1100 325 -9.17966e-07
1125 325 -9.17323e-07
1150 325 -9.1897e-07
1175 325 -9.23632e-07
1200 325 -9.31767e-07
1225 325 -9.43585e-07
1250 325 -9.59111e-07
1275 325 -9.78289e-07
1300 325 -1.00108e-06
1325 325 -1.02752e-06
1350 325 -1.05778e-06
1375 325 -1.09217e-06
1400 325 -1.13114e-06
1425 325 -1.17529e-06
1450 325 -1.22538e-06
1475 325 -1.28237e-06
1500 325 -1.34742e-06
1525 325 -1.42202e-06
1550 325 -1.50803e-06
1575 325 -1.60785e-06
1600 325 -1.72458e-06
1625 325 -1.86235e-06
1650 325 -2.02669e-06
1675 325 -2.22526e-06
1700 325 -2.46887e-06
1725 325 -2.77337e-06
1750 325 -3.16284e-06
1775 325 -3.6758e-06
1800 325 -4.37807e-06
1825 325 -5.39364e-06
1850 325 -6.99803e-06
1875 325 -9.95158e-06
1900 325 -1.60116e-05
1925 325 -2.4437e-05
1950 325 -2.0346e-05
1975 325 1.20964e-05
2000 325 4.59066e-05
2025 325 4.4607e-05
2050 325 2.22578e-05
2075 325 6.508e-06
2100 325 1.18585e-06
2125 325 1.4013e-07
2150 325 1.10658e-08
2175 325 5.98362e-10
2200 325 2.26155e-11
2225 325 6.08193e-13
2250 325 1.18214e-14
2275 325 1.68395e-16
2300 325 1.78008e-18
2325 325 1.41216e-20
2350 325 8.49379e-23
2375 325 3.9096e-25
2400 325 1.38893e-27
2425 325 3.83837e-30
2450 325 8.31133e-33
2475 325 1.41956e-35
2500 325 1.92436e-38
2525 325 2.08243e-41
2550 325 1.80859e-44
2575 325 1.26698e-47
2600 325 7.19284e-51
2625 325 3.32384e-54
2650 325 1.2554e-57
2675 325 3.89057e-61
2700 325 9.92942e-65
2725 325 2.09416e-68
2750 325 3.66174e-72
2775 325 5.32466e-76
2800 325 6.45788e-80
2825 325 6.5506e-84
2850 325 5.57186e-88
2875 325 3.98407e-92
2900 325 2.40041e-96
2925 325 1.22138e-100
2950 325 5.25952e-105
2975 325 1.92068e-109
0 350 0
25 350 -6.26945e-05
50 350 -6.26537e-05
75 350 -3.32115e-05
100 350 -1.46556e-05
125 350 -8.05139e-06
150 350 -5.72072e-06
175 350 -4.542e-06
200 350 -3.77374e-06
225 350 -3.22284e-06
250 350 -2.80912e-06
275 350 -2.48834e-06
300 350 -2.23339e-06
325 350 -2.02669e-06
350 350 -1.85637e-06
375 350 -1.7141e-06
400 350 -1.59391e-06
425 350 -1.49138e-06
450 350 -1.4032e-06
475 350 -1.32683e-06
500 350 -1.2603e-06
525 350 -1.20205e-06
550 350 -1.15085e-06
575 350 -1.10569e-06
600 350 -1.06577e-06
625 350 -1.03043e-06
650 350 -9.99109e-07
675 350 -9.71363e-07
700 350 -9.46816e-07
725 350 -9.2516e-07
750 350 -9.06142e-07
775 350 -8.89559e-07
800 350 -8.75241e-07
825 350 -8.63048e-07
850 350 -8.52855e-07
875 350 -8.44538e-07
900 350 -8.37976e-07
925 350 -8.33045e-07
950 350 -8.29626e-07
975 350 -8.2762e-07
1000 350 -8.26959e-07
1025 350 -8.2762e-07
1050 350 -8.29626e-07
1075 350 -8.33045e-07
1100 350 -8.37976e-07
1125 350 -8.44538e-07
1150 350 -8.52855e-07
1175 350 -8.63048e-07
1200 350 -8.75241e-07
1225 350 -8.89559e-07
1250 350 -9.06142e-07
1275 350 -9.2516e-07
1300 350 -9.46816e-07
1325 350 -9.71363e-07
1350 350 -9.99109e-07
1375 350 -1.03043e-06
1400 350 -1.06577e-06
1425 350 -1.10569e-06
1450 350 -1.15085e-06
1475 350 -1.20205e-06
1500 350 -1.2603e-06
1525 350 -1.32683e-06
1550 350 -1.4032e-06
1575 350 -1.49138e-06
1600 350 -1.59391e-06
1625 350 -1.7141e-06
1650 350 -1.85637e-06
1675 350 -2.02669e-06
1700 350 -2.23339e-06
1725 350 -2.48834e-06
1750 350 -2.80912e-06
1775 350 -3.22283e-06
1800 350 -3.77358e-06
1825 350 -4.53854e-06
1850 350 -5.66842e-06
1875 350 -7.51941e-06
1900 350 -1.11189e-05
1925 350 -1.84085e-05
1950 350 -2.57025e-05
1975 350 -1.2934e-05
2000 350 2.5804e-05
2025 350 4.97605e-05
2050 350 3.69511e-05
2075 350 1.4803e-05
2100 350 3.53668e-06
2125 350 5.31974e-07
2150 350 5.22963e-08
2175 350 3.45865e-09
2200 350 1.57585e-10
2225 350 5.04717e-12
2250 350 1.15636e-13
2275 350 1.92449e-15
2300 350 2.35853e-17
2325 350 2.15463e-19
2350 350 1.48352e-21
2375 350 7.77564e-24
2400 350 3.13081e-26
2425 350 9.76497e-29
2450 350 2.37739e-31
2475 350 4.54999e-34
2500 350 6.89018e-37
2525 350 8.30592e-40
2550 350 8.01538e-43
2575 350 6.22464e-46
2600 350 3.90915e-49
2625 350 1.99442e-52
2650 350 8.30199e-56
2675 350 2.83092e-59
2700 350 7.93778e-63
2725 350 1.83674e-66
2750 350 3.51911e-70
2775 350 5.60065e-74
2800 350 7.42624e-78
2825 350 8.22734e-82
2850 350 7.63625e-86
2875 350 5.95307e-90
2900 350 3.90747e-94
2925 350 2.16444e-98
2950 350 1.014e-102
2975 350 4.02609e-107
0 375 0
25 375 -6.39878e-05
50 375 -6.95648e-05
75 375 -4.01418e-05
100 375 -1.69519e-05
125 375 -7.73361e-06
150 375 -4.97479e-06
175 375 -3.93491e-06
200 375 -3.31747e-06
225 375 -2.8705e-06
250 375 -2.52806e-06
275 375 -2.25808e-06
300 375 -2.04061e-06
325 375 -1.86235e-06
350 375 -1.7141e-06
375 375 -1.58931e-06
400 375 -1.48317e-06
425 375 -1.39211e-06
450 375 -1.31339e-06
475 375 -1.24492e-06
500 375 -1.18503e-06
525 375 -1.13242e-06
550 375 -1.08603e-06
575 375 -1.04501e-06
600 375 -1.00866e-06
625 375 -9.76394e-07
650 375 -9.47749e-07
675 375 -9.22323e-07
700 375 -8.99783e-07
725 375 -8.7985e-07
750 375 -8.62288e-07
775 375 -8.46902e-07
800 375 -8.33523e-07
825 375 -8.22015e-07
850 375 -8.1226e-07
875 375 -8.04164e-07
900 375 -7.97645e-07
925 375 -7.92642e-07
950 375 -7.89103e-07
975 375 -7.86994e-07
1000 375 -7.86294e-07
1025 375 -7.86994e-07
1050 375 -7.89103e-07
1075 375 -7.92642e-07
1100 375 -7.97645e-07
1125 375 -8.04164e-07
1150 375 -8.1226e-07
1175 375 -8.22015e-07
1200 375 -8.33523e-07
1225 375 -8.46902e-07
1250 375 -8.62288e-07
1275 375 -8.7985e-07
1300 375 -8.99783e-07
1325 375 -9.22323e-07
1350 375 -9.47749e-07
1375 375 -9.76394e-07
1400 375 -1.00866e-06
1425 375 -1.04501e-06
1450 375 -1.08603e-06
1475 375 -1.13242e-06
1500 375 -1.18503e-06
1525 375 -1.24492e-06
1550 375 -1.31339e-06
1575 375 -1.39211e-06
1600 375 -1.48317e-06
1625 375 -1.58931e-06
1650 375 -1.7141e-06
1675 375 -1.86235e-06
1700 375 -2.04061e-06
1725 375 -2.25808e-06
1750 375 -2.52806e-06
1775 375 -2.87047e-06
1800 375 -3.31655e-06
1825 375 -3.91824e-06
1850 375 -4.76921e-06
1875 375 -6.06127e-06
1900 375 -8.28541e-06
1925 375 -1.28752e-05
1950 375 -2.14503e-05
1975 375 -2.48848e-05
2000 375 -5.65438e-07
2025 375 3.91031e-05
2050 375 4.81145e-05
2075 375 2.72667e-05
2100 375 8.66651e-06
2125 375 1.67234e-06
2150 375 2.05576e-07
2175 375 1.66709e-08
2200 375 9.16846e-10
2225 375 3.49892e-11
2250 375 9.4484e-13
2275 375 1.83626e-14
2300 375 2.60698e-16
2325 375 2.73985e-18
2350 375 2.15703e-20
2375 375 1.28581e-22
2400 375 5.86e-25
2425 375 2.05998e-27
2450 375 5.63106e-30
2475 375 1.20588e-32
2500 375 2.03698e-35
2525 375 2.73141e-38
2550 375 2.92457e-41
2575 375 2.51411e-44
2600 375 1.74409e-47
2625 375 9.81028e-51
2650 375 4.49425e-54
2675 375 1.68387e-57
2700 375 5.18015e-61
2725 375 1.31329e-64
2750 375 2.7534e-68
2775 375 4.78958e-72
2800 375 6.93408e-76
2825 375 8.37945e-80
2850 375 8.47581e-84
2875 375 7.19495e-88
2900 375 5.13851e-92
2925 375 3.09482e-96
2950 375 1.57544e-100
2975 375 6.79296e-105
0 400 0
25 400 -4.08517e-05
50 400 -6.35238e-05
75 400 -5.01564e-05
100 400 -2.41842e-05
125 400 -9.47838e-06
150 400 -4.79702e-06
175 400 -3.5166e-06
200 400 -2.96479e-06
225 400 -2.58991e-06
250 400 -2.30029e-06
275 400 -2.06893e-06
300 400 -1.88049e-06
325 400 -1.72458e-06
350 400 -1.59391e-06
375 400 -1.48317e-06
400 400 -1.38844e-06
425 400 -1.30676e-06
450 400 -1.23584e-06
475 400 -1.17391e-06
500 400 -1.11956e-06
525 400 -1.07167e-06
550 400 -1.02932e-06
575 400 -9.91787e-07
600 400 -9.58449e-07
625 400 -9.28806e-07
650 400 -9.0244e-07
675 400 -8.79e-07
700 400 -8.58191e-07
725 400 -8.39765e-07
750 400 -8.23512e-07
775 400 -8.09255e-07
800 400 -7.96846e-07
825 400 -7.86159e-07
850 400 -7.7709e-07
875 400 -7.69552e-07
900 400 -7.63476e-07
925 400 -7.58805e-07
950 400 -7.55498e-07
975 400 -7.53525e-07
1000 400 -7.5287e-07
1025 400 -7.53525e-07
1050 400 -7.55498e-07
1075 400 -7.58805e-07
1100 400 -7.63476e-07
1125 400 -7.69552e-07
1150 400 -7.7709e-07
1175 400 -7.86159e-07
1200 400 -7.96846e-07
1225 400 -8.09255e-07
1250 400 -8.23512e-07
1275 400 -8.39765e-07
1300 400 -8.58191e-07
1325 400 -8.79e-07
1350 400 -9.0244e-07
1375 400 -9.28806e-07
1400 400 -9.58449e-07
1425 400 -9.91787e-07
1450 400 -1.02932e-06
1475 400 -1.07167e-06
1500 400 -1.11956e-06
1525 400 -1.17391e-06
1550 400 -1.23584e-06
1575 400 -1.30676e-06
1600 400 -1.38844e-06
1625 400 -1.48317e-06
1650 400 -1.59391e-06
1675 400 -1.72458e-06
1700 400 -1.88049e-06
1725 400 -2.06893e-06
1750 400 -2.30028e-06
1775 400 -2.5897e-06
1800 400 -2.96029e-06
1825 400 -3.44901e-06
1850 400 -4.11892e-06
1875 400 -5.08818e-06
1900 400 -6.61486e-06
