0 0 0
25 0 0
50 0 0
75 0 0
100 0 0
125 0 0
150 0 0
175 0 0
200 0 0
225 0 0
250 0 0
275 0 0
300 0 0
325 0 0
350 0 0
375 0 0
400 0 0
425 0 0
450 0 0
475 0 0
500 0 0
525 0 0
550 0 0
575 0 0
600 0 0
625 0 0
650 0 0
675 0 0
700 0 0
725 0 0
750 0 0
775 0 0
800 0 0
825 0 0
850 0 0
875 0 0
900 0 0
925 0 0
950 0 0
975 0 0
1000 0 0
1025 0 0
1050 0 0
1075 0 0
1100 0 0
1125 0 0
1150 0 0
1175 0 0
1200 0 0
1225 0 0
1250 0 0
1275 0 0
1300 0 0
1325 0 0
1350 0 0
1375 0 0
1400 0 0
1425 0 0
1450 0 0
1475 0 0
1500 0 0
1525 0 0
1550 0 0
1575 0 0
1600 0 0
1625 0 0
1650 0 0
1675 0 0
1700 0 0
1725 0 0
1750 0 0
1775 0 0
1800 0 0
1825 0 0
1850 0 0
1875 0 0
1900 0 0
1925 0 0
1950 0 0
1975 0 0
2000 0 0
2025 0 0
2050 0 0
2075 0 0
2100 0 0
2125 0 0
2150 0 0
2175 0 0
2200 0 0
2225 0 0
2250 0 0
2275 0 0
2300 0 0
2325 0 0
2350 0 0
2375 0 0
2400 0 0
2425 0 0
2450 0 0
2475 0 0
2500 0 0
2525 0 0
2550 0 0
2575 0 0
2600 0 0
2625 0 0
2650 0 0
2675 0 0
2700 0 0
2725 0 0
2750 0 0
2775 0 0
2800 0 0
2825 0 0
2850 0 0
2875 0 0
2900 0 0
2925 0 0
2950 0 0
2975 0 0
0 25 0
25 25 6.59874e-171
50 25 1.19724e-165
75 25 1.74332e-160
100 25 2.03047e-155
125 25 1.88498e-150
150 25 1.38964e-145
175 25 8.10381e-141
200 25 3.72303e-136
225 25 1.3417e-131
250 25 3.77578e-127
275 25 8.25834e-123
300 25 1.39686e-118
325 25 1.8177e-114
350 25 1.80978e-110
375 25 1.37084e-106
400 25 7.85246e-103
425 25 3.38054e-99
450 25 1.08672e-95
475 25 2.59118e-92
500 25 4.5512e-89
525 25 5.84692e-86
550 25 5.45466e-83
575 25 3.66845e-80
600 25 1.76563e-77
625 25 6.03787e-75
650 25 1.45674e-72
675 25 2.46302e-70
700 25 2.90006e-68
725 25 2.36433e-66
750 25 1.32794e-64
775 25 5.11638e-63
800 25 1.34768e-61
825 25 2.42075e-60
850 25 2.96023e-59
875 25 2.46211e-58
900 25 1.39239e-57
925 25 5.35472e-57
950 25 1.40083e-56
975 25 2.49392e-56
1000 25 3.02249e-56
1025 25 2.49392e-56
1050 25 1.40083e-56
1075 25 5.35472e-57
1100 25 1.39239e-57
1125 25 2.46211e-58
1150 25 2.96023e-59
1175 25 2.42075e-60
1200 25 1.34768e-61
1225 25 5.11638e-63
1250 25 1.32794e-64
1275 25 2.36433e-66
1300 25 2.90006e-68
1325 25 2.46302e-70
1350 25 1.45674e-72
1375 25 6.03787e-75
1400 25 1.76563e-77
1425 25 3.66845e-80
1450 25 5.45466e-83
1475 25 5.84692e-86
1500 25 4.5512e-89
1525 25 2.59118e-92
1550 25 1.08672e-95
1575 25 3.38054e-99
1600 25 7.85246e-103
1625 25 1.37084e-106
1650 25 1.80978e-110
1675 25 1.8177e-114
1700 25 1.39686e-118
1725 25 8.25834e-123
1750 25 3.77578e-127
1775 25 1.3417e-131
1800 25 3.72303e-136
1825 25 8.10381e-141
1850 25 1.38964e-145
1875 25 1.88498e-150
1900 25 2.03047e-155
1925 25 1.74332e-160
1950 25 1.19724e-165
1975 25 6.59874e-171
2000 25 2.92822e-176
2025 25 1.04936e-181
2050 25 3.04568e-187
2075 25 7.17918e-193
2100 25 1.37795e-198
2125 25 2.15897e-204
2150 25 2.76786e-210
2175 25 2.91012e-216
2200 25 2.5147e-222
2225 25 1.78963e-228
2250 25 1.05098e-234
2275 25 5.10261e-241
2300 25 2.05168e-247
2325 25 6.84144e-254
2350 25 1.89161e-260
2375 25 4.31222e-267
2400 25 7.95003e-274
2425 25 1.13755e-280
2450 25 1.18724e-287
2475 25 8.4096e-295
2500 25 3.76485e-302
2525 25 9.96592e-310
2550 25 1.46267e-317
2575 25 0
2600 25 0
2625 25 0
2650 25 0
2675 25 0
2700 25 0
2725 25 0
2750 25 0
2775 25 0
2800 25 0
2825 25 0
2850 25 0
2875 25 0
2900 25 0
2925 25 0
2950 25 0
2975 25 0
0 50 0
25 50 1.19724e-165
50 50 1.98348e-160
75 50 2.63682e-155
100 50 2.80334e-150
125 50 2.37505e-145
150 50 1.59753e-140
175 50 8.49783e-136
200 50 3.56008e-131
225 50 1.16958e-126
250 50 2.99948e-122
275 50 5.97645e-118
300 50 9.20561e-114
325 50 1.09044e-109
350 50 9.8791e-106
375 50 6.80635e-102
400 50 3.5449e-98
425 50 1.38706e-94
450 50 4.05134e-91
475 50 8.77465e-88
500 50 1.39968e-84
525 50 1.63293e-81
550 50 1.3835e-78
575 50 8.45248e-76
600 50 3.6976e-73
625 50 1.15024e-70
650 50 2.52758e-68
675 50 3.89894e-66
700 50 4.19775e-64
725 50 3.13832e-62
750 50 1.62221e-60
775 50 5.77741e-59
800 50 1.41403e-57
825 50 2.37444e-56
850 50 2.73325e-55
875 50 2.15657e-54
900 50 1.16682e-53
925 50 4.33234e-53
950 50 1.10486e-52
975 50 1.93686e-52
1000 50 2.33525e-52
1025 50 1.93686e-52
1050 50 1.10486e-52
1075 50 4.33234e-53
1100 50 1.16682e-53
1125 50 2.15657e-54
1150 50 2.73325e-55
1175 50 2.37444e-56
1200 50 1.41403e-57
1225 50 5.77741e-59
1250 50 1.62221e-60
1275 50 3.13832e-62
1300 50 4.19775e-64
1325 50 3.89894e-66
1350 50 2.52758e-68
1375 50 1.15024e-70
1400 50 3.6976e-73
1425 50 8.45248e-76
1450 50 1.3835e-78
1475 50 1.63293e-81
1500 50 1.39968e-84
1525 50 8.77465e-88
1550 50 4.05134e-91
1575 50 1.38706e-94
1600 50 3.5449e-98
1625 50 6.80635e-102
1650 50 9.8791e-106
1675 50 1.09044e-109
1700 50 9.20561e-114
1725 50 5.97645e-118
1750 50 2.99948e-122
1775 50 1.16958e-126
1800 50 3.56008e-131
1825 50 8.49783e-136
1850 50 1.59753e-140
1875 50 2.37505e-145
1900 50 2.80334e-150
1925 50 2.63682e-155
1950 50 1.98348e-160
1975 50 1.19724e-165
2000 50 5.81753e-171
2025 50 2.2826e-176
2050 50 7.253e-182
2075 50 1.87158e-187
2100 50 3.93234e-193
2125 50 6.7443e-199
2150 50 9.46472e-205
2175 50 1.08932e-210
2200 50 1.03045e-216
2225 50 8.02835e-223
2250 50 5.1619e-229
2275 50 2.74409e-235
2300 50 1.20829e-241
2325 50 4.41427e-248
2350 50 1.33976e-254
2375 50 3.3773e-261
2400 50 7.03041e-268
2425 50 1.18526e-274
2450 50 1.5529e-281
2475 50 1.48589e-288
2500 50 9.66134e-296
2525 50 3.97551e-303
2550 50 9.68563e-311
2575 50 1.31007e-318
2600 50 0
2625 50 0
2650 50 0
2675 50 0
2700 50 0
2725 50 0
2750 50 0
2775 50 0
2800 50 0
2825 50 0
2850 50 0
2875 50 0
2900 50 0
2925 50 0
2950 50 0
2975 50 0
0 75 0
25 75 1.74332e-160
50 75 2.63682e-155
75 75 3.19969e-150
100 75 3.10441e-145
125 75 2.39962e-140
150 75 1.4722e-135
175 75 7.14067e-131
200 75 2.72684e-126
225 75 8.16282e-122
250 75 1.90678e-117
275 75 3.45908e-113
300 75 4.84891e-109
325 75 5.22484e-105
350 75 4.30394e-101
375 75 2.69487e-97
400 75 1.27498e-93
425 75 4.5298e-90
450 75 1.20085e-86
475 75 2.35979e-83
500 75 3.41436e-80
525 75 3.6126e-77
550 75 2.77592e-74
575 75 1.53842e-71
600 75 6.1077e-69
625 75 1.72568e-66
650 75 3.44834e-64
675 75 4.84526e-62
700 75 4.76248e-60
725 75 3.26009e-58
750 75 1.54862e-56
775 75 5.09117e-55
800 75 1.15639e-53
825 75 1.81326e-52
850 75 1.96291e-51
875 75 1.46802e-50
900 75 7.59396e-50
925 75 2.72092e-49
950 75 6.7621e-49
975 75 1.16701e-48
1000 75 1.39969e-48
1025 75 1.16701e-48
1050 75 6.7621e-49
1075 75 2.72092e-49
1100 75 7.59396e-50
1125 75 1.46802e-50
1150 75 1.96291e-51
1175 75 1.81326e-52
1200 75 1.15639e-53
1225 75 5.09117e-55
1250 75 1.54862e-56
1275 75 3.26009e-58
1300 75 4.76248e-60
1325 75 4.84526e-62
1350 75 3.44834e-64
1375 75 1.72568e-66
1400 75 6.1077e-69
1425 75 1.53842e-71
1450 75 2.77592e-74
1475 75 3.6126e-77
1500 75 3.41436e-80
1525 75 2.35979e-83
1550 75 1.20085e-86
1575 75 4.5298e-90
1600 75 1.27498e-93
1625 75 2.69487e-97
1650 75 4.30394e-101
1675 75 5.22484e-105
1700 75 4.84891e-109
1725 75 3.45908e-113
1750 75 1.90678e-117
1775 75 8.16282e-122
1800 75 2.72684e-126
1825 75 7.14067e-131
1850 75 1.4722e-135
1875 75 2.39962e-140
1900 75 3.10441e-145
1925 75 3.19969e-150
1950 75 2.63682e-155
1975 75 1.74332e-160
2000 75 9.27697e-166
2025 75 3.98571e-171
2050 75 1.3866e-176
2075 75 3.91708e-182
2100 75 9.00933e-188
2125 75 1.6914e-193
2150 75 2.59822e-199
2175 75 3.27326e-205
2200 75 3.38935e-211
2225 75 2.89063e-217
2250 75 2.0346e-223
2275 75 1.18413e-229
2300 75 5.70884e-236
2325 75 2.28387e-242
2350 75 7.59401e-249
2375 75 2.1013e-255
2400 75 4.83705e-262
2425 75 9.20866e-269
2450 75 1.42176e-275
2475 75 1.70801e-282
2500 75 1.50027e-289
2525 75 8.96565e-297
2550 75 3.39503e-304
2575 75 7.62171e-312
2600 75 9.50582e-320
2625 75 0
2650 75 0
2675 75 0
2700 75 0
2725 75 0
2750 75 0
2775 75 0
2800 75 0
2825 75 0
2850 75 0
2875 75 0
2900 75 0
2925 75 0
2950 75 0
2975 75 0
0 100 0
25 100 2.03047e-155
50 100 2.80334e-150
75 100 3.10441e-145
100 100 2.74798e-140
125 100 1.93737e-135
150 100 1.08376e-130
175 100 4.7912e-126
200 100 1.66701e-121
225 100 4.54476e-117
250 100 9.66424e-113
275 100 1.59522e-108
300 100 2.03366e-104
325 100 1.99184e-100
350 100 1.4906e-96
375 100 8.47444e-93
400 100 3.63847e-89
425 100 1.17248e-85
450 100 2.81783e-82
475 100 5.01772e-79
500 100 6.57649e-76
525 100 6.30162e-73
550 100 4.3848e-70
575 100 2.20083e-67
600 100 7.91647e-65
625 100 2.02805e-62
650 100 3.67873e-60
675 100 4.70004e-58
700 100 4.21018e-56
725 100 2.6343e-54
750 100 1.14807e-52
775 100 3.47869e-51
800 100 7.3222e-50
825 100 1.07077e-48
850 100 1.08886e-47
875 100 7.71158e-47
900 100 3.81103e-46
925 100 1.31692e-45
950 100 3.18805e-45
975 100 5.41517e-45
1000 100 6.46037e-45
1025 100 5.41517e-45
1050 100 3.18805e-45
1075 100 1.31692e-45
1100 100 3.81103e-46
1125 100 7.71158e-47
1150 100 1.08886e-47
1175 100 1.07077e-48
1200 100 7.3222e-50
1225 100 3.47869e-51
1250 100 1.14807e-52
1275 100 2.6343e-54
1300 100 4.21018e-56
1325 100 4.70004e-58
1350 100 3.67873e-60
1375 100 2.02805e-62
1400 100 7.91647e-65
1425 100 2.20083e-67
1450 100 4.3848e-70
1475 100 6.30162e-73
1500 100 6.57649e-76
1525 100 5.01772e-79
1550 100 2.81783e-82
1575 100 1.17248e-85
1600 100 3.63847e-89
1625 100 8.47444e-93
1650 100 1.4906e-96
1675 100 1.99184e-100
1700 100 2.03366e-104
1725 100 1.59522e-108
1750 100 9.66424e-113
1775 100 4.54476e-117
1800 100 1.66701e-121
1825 100 4.7912e-126
1850 100 1.08376e-130
1875 100 1.93737e-135
1900 100 2.74798e-140
1925 100 3.10441e-145
1950 100 2.80334e-150
1975 100 2.03047e-155
2000 100 1.18348e-160
2025 100 5.56825e-166
2050 100 2.1211e-171
2075 100 6.56015e-177
2100 100 1.65175e-182
2125 100 3.39445e-188
2150 100 5.70752e-194
2175 100 7.87027e-200
2200 100 8.91991e-206
2225 100 8.32682e-212
2250 100 6.41537e-218
2275 100 4.08718e-224
2300 100 2.15716e-230
2325 100 9.44837e-237
2350 100 3.44011e-243
2375 100 1.0428e-249
2400 100 2.63484e-256
2425 100 5.54705e-263
2450 100 9.67211e-270
2475 100 1.36948e-276
2500 100 1.51052e-283
2525 100 1.21953e-290
2550 100 6.70634e-298
2575 100 2.33967e-305
2600 100 4.84534e-313
2625 100 5.56318e-321
2650 100 0
2675 100 0
2700 100 0
2725 100 0
2750 100 0
2775 100 0
2800 100 0
2825 100 0
2850 100 0
2875 100 0
2900 100 0
2925 100 0
2950 100 0
2975 100 0
0 125 0
25 125 1.88498e-150
50 125 2.37505e-145
75 125 2.39962e-140
100 125 1.93737e-135
125 125 1.24537e-130
150 125 6.3496e-126
175 125 2.55746e-121
200 125 8.10329e-117
225 125 2.01088e-112
250 125 3.8902e-108
275 125 5.83871e-104
300 125 6.76426e-100
325 125 6.01703e-96
350 125 4.08701e-92
375 125 2.10764e-88
400 125 8.20298e-85
425 125 2.39473e-81
450 125 5.21079e-78
475 125 8.39655e-75
500 125 9.95393e-72
525 125 8.62403e-69
550 125 5.42487e-66
575 125 2.46163e-63
600 125 8.00766e-61
625 125 1.85645e-58
650 125 3.05085e-56
675 125 3.5372e-54
700 125 2.88194e-52
725 125 1.64504e-50
750 125 6.56538e-49
775 125 1.83027e-47
800 125 3.56431e-46
825 125 4.85389e-45
850 125 4.63071e-44
875 125 3.10228e-43
900 125 1.46338e-42
925 125 4.87352e-42
950 125 1.14867e-41
975 125 1.91975e-41
1000 125 2.2779e-41
1025 125 1.91975e-41
1050 125 1.14867e-41
1075 125 4.87352e-42
1100 125 1.46338e-42
1125 125 3.10228e-43
1150 125 4.63071e-44
1175 125 4.85389e-45
1200 125 3.56431e-46
1225 125 1.83027e-47
1250 125 6.56538e-49
1275 125 1.64504e-50
1300 125 2.88194e-52
1325 125 3.5372e-54
1350 125 3.05085e-56
1375 125 1.85645e-58
1400 125 8.00766e-61
1425 125 2.46163e-63
1450 125 5.42487e-66
1475 125 8.62403e-69
1500 125 9.95393e-72
1525 125 8.39655e-75
1550 125 5.21079e-78
1575 125 2.39473e-81
1600 125 8.20298e-85
1625 125 2.10764e-88
1650 125 4.08701e-92
1675 125 6.01703e-96
1700 125 6.76426e-100
1725 125 5.83871e-104
1750 125 3.8902e-108
1775 125 2.01088e-112
1800 125 8.10329e-117
1825 125 2.55746e-121
1850 125 6.3496e-126
1875 125 1.24537e-130
1900 125 1.93737e-135
1925 125 2.39962e-140
1950 125 2.37505e-145
1975 125 1.88498e-150
2000 125 1.20359e-155
2025 125 6.20238e-161
2050 125 2.58727e-166
2075 125 8.76131e-172
2100 125 2.41503e-177
2125 125 5.4328e-183
2150 125 9.99879e-189
2175 125 1.50909e-194
2200 125 1.87196e-200
2225 125 1.91261e-206
2250 125 1.61281e-212
2275 125 1.12465e-218
2300 125 6.49724e-225
2325 125 3.11522e-231
2350 125 1.24174e-237
2375 125 4.12143e-244
2400 125 1.14075e-250
2425 125 2.636e-257
2450 125 5.08286e-264
2475 125 8.12877e-271
2500 125 1.05694e-277
2525 125 1.07172e-284
2550 125 7.96259e-292
2575 125 4.03389e-299
2600 125 1.29802e-306
2625 125 2.48243e-314
2650 125 2.42092e-322
2675 125 0
2700 125 0
2725 125 0
2750 125 0
2775 125 0
2800 125 0
2825 125 0
2850 125 0
2875 125 0
2900 125 0
2925 125 0
2950 125 0
2975 125 0
0 150 0
25 150 1.38964e-145
50 150 1.59753e-140
75 150 1.4722e-135
100 150 1.08376e-130
125 150 6.3496e-126
150 150 2.94941e-121
175 150 1.08178e-116
200 150 3.11972e-112
225 150 7.04253e-108
250 150 1.23866e-103
275 150 1.68914e-99
300 150 1.77687e-95
325 150 1.43419e-91
350 150 8.83305e-88
375 150 4.12733e-84
400 150 1.45442e-80
425 150 3.84156e-77
450 150 7.55755e-74
475 150 1.10033e-70
500 150 1.1779e-67
525 150 9.21134e-65
550 150 5.22846e-62
575 150 2.14068e-59
600 150 6.2846e-57
625 150 1.31571e-54
650 150 1.95463e-52
675 150 2.05198e-50
700 150 1.51725e-48
725 150 7.88372e-47
750 150 2.87527e-45
775 150 7.35998e-44
800 150 1.32364e-42
825 150 1.67578e-41
850 150 1.49766e-40
875 150 9.47897e-40
900 150 4.26345e-39
925 150 1.3673e-38
950 150 3.1358e-38
975 150 5.15484e-38
1000 150 6.08273e-38
1025 150 5.15484e-38
1050 150 3.1358e-38
1075 150 1.3673e-38
1100 150 4.26345e-39
1125 150 9.47897e-40
1150 150 1.49766e-40
1175 150 1.67578e-41
1200 150 1.32364e-42
1225 150 7.35998e-44
1250 150 2.87527e-45
1275 150 7.88372e-47
1300 150 1.51725e-48
1325 150 2.05198e-50
1350 150 1.95463e-52
1375 150 1.31571e-54
1400 150 6.2846e-57
1425 150 2.14068e-59
1450 150 5.22846e-62
1475 150 9.21134e-65
1500 150 1.1779e-67
1525 150 1.10033e-70
1550 150 7.55755e-74
1575 150 3.84156e-77
1600 150 1.45442e-80
1625 150 4.12733e-84
1650 150 8.83305e-88
1675 150 1.43419e-91
1700 150 1.77687e-95
1725 150 1.68914e-99
1750 150 1.23866e-103
1775 150 7.04253e-108
1800 150 3.11972e-112
1825 150 1.08178e-116
1850 150 2.94941e-121
1875 150 6.3496e-126
1900 150 1.08376e-130
1925 150 1.4722e-135
1950 150 1.59753e-140
1975 150 1.38964e-145
2000 150 9.72231e-151
2025 150 5.48827e-156
2050 150 2.50734e-161
2075 150 9.2973e-167
2100 150 2.8058e-172
2125 150 6.90958e-178
2150 150 1.39195e-183
2175 150 2.29936e-189
2200 150 3.12165e-195
2225 150 3.49055e-201
2250 150 3.2213e-207
2275 150 2.45838e-213
2300 150 1.5544e-219
2325 150 8.1573e-226
2350 150 3.55912e-232
2375 150 1.29317e-238
2400 150 3.91887e-245
2425 150 9.91926e-252
2450 150 2.09929e-258
2475 150 3.71282e-265
2500 150 5.4534e-272
2525 150 6.51996e-279
2550 150 6.08505e-286
2575 150 4.16528e-293
2600 150 1.94611e-300
2625 150 5.78188e-308
2650 150 1.0222e-315
2675 150 0
2700 150 0
2725 150 0
2750 150 0
2775 150 0
2800 150 0
2825 150 0
2850 150 0
2875 150 0
2900 150 0
2925 150 0
2950 150 0
2975 150 0
0 175 0
25 175 8.10381e-141
50 175 8.49783e-136
75 175 7.14067e-131
100 175 4.7912e-126
125 175 2.55746e-121
150 175 1.08178e-116
175 175 3.61127e-112
200 175 9.47335e-108
225 175 1.9441e-103
250 175 3.10642e-99
275 175 3.84584e-95
300 175 3.67007e-91
325 175 2.68525e-87
350 175 1.49795e-83
375 175 6.33436e-80
400 175 2.01839e-76
425 175 4.81653e-73
450 175 8.55388e-70
475 175 1.12336e-66
500 175 1.08398e-63
525 175 7.63644e-61
550 175 3.90318e-58
575 175 1.43878e-55
600 175 3.80337e-53
625 175 7.17335e-51
650 175 9.61009e-49
675 175 9.11225e-47
700 175 6.09944e-45
725 175 2.87789e-43
750 175 9.56867e-42
775 175 2.24392e-40
800 175 3.71892e-39
825 175 4.36884e-38
850 175 3.65141e-37
875 175 2.18017e-36
900 175 9.33877e-36
925 175 2.88137e-35
950 175 6.42578e-35
975 175 1.03856e-34
1000 175 1.21857e-34
1025 175 1.03856e-34
1050 175 6.42578e-35
1075 175 2.88137e-35
1100 175 9.33877e-36
1125 175 2.18017e-36
1150 175 3.65141e-37
1175 175 4.36884e-38
1200 175 3.71892e-39
1225 175 2.24392e-40
1250 175 9.56867e-42
1275 175 2.87789e-43
1300 175 6.09944e-45
1325 175 9.11225e-47
1350 175 9.61009e-49
1375 175 7.17335e-51
1400 175 3.80337e-53
1425 175 1.43878e-55
1450 175 3.90318e-58
1475 175 7.63644e-61
1500 175 1.08398e-63
1525 175 1.12336e-66
1550 175 8.55388e-70
1575 175 4.81653e-73
1600 175 2.01839e-76
1625 175 6.33436e-80
1650 175 1.49795e-83
1675 175 2.68525e-87
1700 175 3.67007e-91
1725 175 3.84584e-95
1750 175 3.10642e-99
1775 175 1.9441e-103
1800 175 9.47335e-108
1825 175 3.61127e-112
1850 175 1.08178e-116
1875 175 2.55746e-121
1900 175 4.7912e-126
1925 175 7.14067e-131
1950 175 8.49783e-136
1975 175 8.10381e-141
2000 175 6.21367e-146
2025 175 3.84309e-151
2050 175 1.92317e-156
2075 175 7.80947e-162
2100 175 2.5805e-167
2125 175 6.95682e-173
2150 175 1.53405e-178
2175 175 2.77355e-184
2200 175 4.12091e-190
2225 175 5.04267e-196
2250 175 5.09265e-202
2275 175 4.2531e-208
2300 175 2.94285e-214
2325 175 1.69012e-220
2350 175 8.07055e-227
2375 175 3.20951e-233
2400 175 1.06465e-239
2425 175 2.95021e-246
2450 175 6.83882e-253
2475 175 1.32747e-259
2500 175 2.15634e-266
2525 175 2.91269e-273
2550 175 3.20599e-280
2575 175 2.75725e-287
2600 175 1.74077e-294
2625 175 7.50882e-302
2650 175 2.06184e-309
2675 175 3.37302e-317
2700 175 0
2725 175 0
2750 175 0
2775 175 0
2800 175 0
2825 175 0
2850 175 0
2875 175 0
2900 175 0
2925 175 0
2950 175 0
2975 175 0
0 200 0
25 200 3.72303e-136
50 200 3.56008e-131
75 200 2.72684e-126
100 200 1.66701e-121
125 200 8.10329e-117
150 200 3.11972e-112
175 200 9.47335e-108
200 200 2.25912e-103
225 200 4.21161e-99
250 200 6.10892e-95
275 200 6.86005e-91
300 200 5.93312e-87
325 200 3.93082e-83
350 200 1.98376e-79
375 200 7.58187e-76
400 200 2.18142e-72
425 200 4.69576e-69
450 200 7.51543e-66
475 200 8.88648e-63
500 200 7.71399e-60
525 200 4.88519e-57
550 200 2.24335e-54
575 200 7.4271e-52
600 200 1.76334e-49
625 200 2.98817e-47
650 200 3.60016e-45
675 200 3.07465e-43
700 200 1.85788e-41
725 200 7.93793e-40
750 200 2.39961e-38
775 200 5.14204e-37
800 200 7.83454e-36
825 200 8.52138e-35
850 200 6.64744e-34
875 200 3.73793e-33
900 200 1.52274e-32
925 200 4.51507e-32
950 200 9.78338e-32
975 200 1.55391e-31
1000 200 1.81264e-31
1025 200 1.55391e-31
1050 200 9.78338e-32
1075 200 4.51507e-32
1100 200 1.52274e-32
1125 200 3.73793e-33
1150 200 6.64744e-34
1175 200 8.52138e-35
1200 200 7.83454e-36
1225 200 5.14204e-37
1250 200 2.39961e-38
1275 200 7.93793e-40
1300 200 1.85788e-41
1325 200 3.07465e-43
1350 200 3.60016e-45
1375 200 2.98817e-47
1400 200 1.76334e-49
1425 200 7.4271e-52
1450 200 2.24335e-54
1475 200 4.88519e-57
1500 200 7.71399e-60
1525 200 8.88648e-63
1550 200 7.51543e-66
1575 200 4.69576e-69
1600 200 2.18142e-72
1625 200 7.58187e-76
1650 200 1.98376e-79
1675 200 3.93082e-83
1700 200 5.93312e-87
1725 200 6.86005e-91
1750 200 6.10892e-95
1775 200 4.21161e-99
1800 200 2.25912e-103
1825 200 9.47335e-108
1850 200 3.11972e-112
1875 200 8.10329e-117
1900 200 1.66701e-121
1925 200 2.72684e-126
1950 200 3.56008e-131
1975 200 3.72303e-136
2000 200 3.12933e-141
2025 200 2.12098e-146
2050 200 1.16279e-151
2075 200 5.17156e-157
2100 200 1.87122e-162
2125 200 5.52295e-168
2150 200 1.33313e-173
2175 200 2.63804e-179
2200 200 4.28952e-185
2225 200 5.74399e-191
2250 200 6.34765e-197
2275 200 5.80067e-203
2300 200 4.39181e-209
2325 200 2.75996e-215
2350 200 1.44216e-221
2375 200 6.27622e-228
2400 200 2.2785e-234
2425 200 6.91068e-241
2450 200 1.75364e-247
2475 200 3.7281e-254
2500 200 6.64619e-261
2525 200 9.9287e-268
2550 200 1.23489e-274
2575 200 1.25286e-281
2600 200 9.94023e-289
2625 200 5.79429e-296
2650 200 2.30977e-303
2675 200 5.86743e-311
2700 200 8.88997e-319
2725 200 0
2750 200 0
2775 200 0
2800 200 0
2825 200 0
2850 200 0
2875 200 0
2900 200 0
2925 200 0
2950 200 0
2975 200 0
0 225 0
25 225 1.3417e-131
50 225 1.16958e-126
75 225 8.16282e-122
100 225 4.54476e-117
125 225 2.01088e-112
150 225 7.04253e-108
175 225 1.9441e-103
200 225 4.21161e-99
225 225 7.12717e-95
250 225 9.37639e-91
275 225 9.54154e-87
300 225 7.47116e-83
325 225 4.47686e-79
350 225 2.04133e-75
375 225 7.04154e-72
400 225 1.82649e-68
425 225 3.54065e-65
450 225 5.09735e-62
475 225 5.41581e-59
500 225 4.22001e-56
525 225 2.39676e-53
550 225 9.86354e-51
575 225 2.92506e-48
600 225 6.2196e-46
625 225 9.44186e-44
650 225 1.01988e-41
675 225 7.82046e-40
700 225 4.25241e-38
725 225 1.64007e-36
750 225 4.49383e-35
775 225 8.77353e-34
800 225 1.22553e-32
825 225 1.23104e-31
850 225 8.94306e-31
875 225 4.72676e-30
900 225 1.82829e-29
925 225 5.20306e-29
950 225 1.09441e-28
975 225 1.7073e-28
1000 225 1.97961e-28
1025 225 1.7073e-28
1050 225 1.09441e-28
1075 225 5.20306e-29
1100 225 1.82829e-29
1125 225 4.72676e-30
1150 225 8.94306e-31
1175 225 1.23104e-31
1200 225 1.22553e-32
1225 225 8.77353e-34
1250 225 4.49383e-35
1275 225 1.64007e-36
1300 225 4.25241e-38
1325 225 7.82046e-40
1350 225 1.01988e-41
1375 225 9.44186e-44
1400 225 6.2196e-46
1425 225 2.92506e-48
1450 225 9.86354e-51
1475 225 2.39676e-53
1500 225 4.22001e-56
1525 225 5.41581e-59
1550 225 5.09735e-62
1575 225 3.54065e-65
1600 225 1.82649e-68
1625 225 7.04154e-72
1650 225 2.04133e-75
1675 225 4.47686e-79
1700 225 7.47116e-83
1725 225 9.54154e-87
1750 225 9.37639e-91
1775 225 7.12717e-95
1800 225 4.21161e-99
1825 225 1.9441e-103
1850 225 7.04253e-108
1875 225 2.01088e-112
1900 225 4.54476e-117
1925 225 8.16282e-122
1950 225 1.16958e-126
1975 225 1.3417e-131
2000 225 1.23657e-136
2025 225 9.1866e-142
2050 225 5.51852e-147
2075 225 2.68858e-152
2100 225 1.06535e-157
2125 225 3.44278e-163
2150 225 9.097e-169
2175 225 1.97028e-174
2200 225 3.50606e-180
2225 225 5.13742e-186
2250 225 6.21201e-192
2275 225 6.21105e-198
2300 225 5.14501e-204
2325 225 3.53753e-210
2350 225 2.02243e-216
2375 225 9.63028e-223
2400 225 3.82555e-229
2425 225 1.26971e-235
2450 225 3.52621e-242
2475 225 8.20553e-249
2500 225 1.60198e-255
2525 225 2.62633e-262
2550 225 3.61279e-269
2575 225 4.14248e-276
2600 225 3.87823e-283
2625 225 2.84166e-290
2650 225 1.5309e-297
2675 225 5.64499e-305
2700 225 1.3278e-312
2725 225 1.86213e-320
2750 225 0
2775 225 0
2800 225 0
2825 225 0
2850 225 0
2875 225 0
2900 225 0
2925 225 0
2950 225 0
2975 225 0
0 250 0
25 250 3.77578e-127
50 250 2.99948e-122
75 250 1.90678e-117
100 250 9.66424e-113
125 250 3.8902e-108
150 250 1.23866e-103
175 250 3.10642e-99
200 250 6.10892e-95
225 250 9.37639e-91
250 250 1.11778e-86
275 250 1.02971e-82
300 250 7.29129e-79
325 250 3.94663e-75
350 250 1.62367e-71
375 250 5.04721e-68
400 250 1.17829e-64
425 250 2.05312e-61
450 250 2.65344e-58
475 250 2.52761e-55
500 250 1.76367e-52
525 250 8.96003e-50
550 250 3.2953e-47
575 250 8.7273e-45
600 250 1.6567e-42
625 250 2.24554e-40
650 250 2.16714e-38
675 250 1.48675e-36
700 250 7.24877e-35
725 250 2.51465e-33
750 250 6.22349e-32
775 250 1.1033e-30
800 250 1.40846e-29
825 250 1.3028e-28
850 250 8.79083e-28
875 250 4.35735e-27
900 250 1.59724e-26
925 250 4.35621e-26
950 250 8.88507e-26
975 250 1.3605e-25
1000 250 1.56769e-25
1025 250 1.3605e-25
1050 250 8.88507e-26
1075 250 4.35621e-26
1100 250 1.59724e-26
1125 250 4.35735e-27
1150 250 8.79083e-28
1175 250 1.3028e-28
1200 250 1.40846e-29
1225 250 1.1033e-30
1250 250 6.22349e-32
1275 250 2.51465e-33
1300 250 7.24877e-35
1325 250 1.48675e-36
1350 250 2.16714e-38
1375 250 2.24554e-40
1400 250 1.6567e-42
1425 250 8.7273e-45
1450 250 3.2953e-47
1475 250 8.96003e-50
1500 250 1.76367e-52
1525 250 2.52761e-55
1550 250 2.65344e-58
1575 250 2.05312e-61
1600 250 1.17829e-64
1625 250 5.04721e-68
1650 250 1.62367e-71
1675 250 3.94663e-75
1700 250 7.29129e-79
1725 250 1.02971e-82
1750 250 1.11778e-86
1775 250 9.37639e-91
1800 250 6.10892e-95
1825 250 3.10642e-99
1850 250 1.23866e-103
1875 250 3.8902e-108
1900 250 9.66424e-113
1925 250 1.90678e-117
1950 250 2.99948e-122
1975 250 3.77578e-127
2000 250 3.81685e-132
2025 250 3.10879e-137
2050 250 2.04668e-142
2075 250 1.09243e-147
2100 250 4.74112e-153
2125 250 1.67766e-158
2150 250 4.85292e-164
2175 250 1.15043e-169
2200 250 2.24034e-175
2225 250 3.59207e-181
2250 250 4.7522e-187
2275 250 5.19827e-193
2300 250 4.71076e-199
2325 250 3.54329e-205
2350 250 2.21606e-211
2375 250 1.1544e-217
2400 250 5.01697e-224
2425 250 1.82183e-230
2450 250 5.53607e-237
2475 250 1.40972e-243
2500 250 3.01225e-250
2525 250 5.40763e-257
2550 250 8.16299e-264
2575 250 1.03524e-270
2600 250 1.09558e-277
2625 250 9.47522e-285
2650 250 6.41816e-292
2675 250 3.19865e-299
2700 250 1.09199e-306
2725 250 2.38039e-314
2750 250 3.16202e-322
2775 250 0
2800 250 0
2825 250 0
2850 250 0
2875 250 0
2900 250 0
2925 250 0
2950 250 0
2975 250 0
0 275 0
25 275 8.25834e-123
50 275 5.97645e-118
75 275 3.45908e-113
100 275 1.59522e-108
125 275 5.83871e-104
150 275 1.68914e-99
175 275 3.84584e-95
200 275 6.86005e-91
225 275 9.54154e-87
250 275 1.02971e-82
275 275 8.57771e-79
300 275 5.48592e-75
325 275 2.67868e-71
350 275 9.92817e-68
375 275 2.77653e-64
400 275 5.82318e-61
425 275 9.10202e-58
450 275 1.05367e-54
475 275 8.97705e-52
500 275 5.59437e-49
525 275 2.535e-46
550 275 8.30608e-44
575 275 1.95804e-41
600 275 3.30662e-39
625 275 3.98679e-37
650 275 3.42433e-35
675 275 2.09343e-33
700 275 9.11461e-32
725 275 2.8325e-30
750 275 6.30654e-29
775 275 1.0113e-27
800 275 1.17557e-26
825 275 9.97938e-26
850 275 6.23565e-25
875 275 2.89098e-24
900 275 1.00207e-23
925 275 2.61458e-23
950 275 5.16456e-23
975 275 7.75612e-23
1000 275 8.87944e-23
1025 275 7.75612e-23
1050 275 5.16456e-23
1075 275 2.61458e-23
1100 275 1.00207e-23
1125 275 2.89098e-24
1150 275 6.23565e-25
1175 275 9.97938e-26
1200 275 1.17557e-26
1225 275 1.0113e-27
1250 275 6.30654e-29
1275 275 2.8325e-30
1300 275 9.11461e-32
1325 275 2.09343e-33
1350 275 3.42433e-35
1375 275 3.98679e-37
1400 275 3.30662e-39
1425 275 1.95804e-41
1450 275 8.30608e-44
1475 275 2.535e-46
1500 275 5.59437e-49
1525 275 8.97705e-52
1550 275 1.05367e-54
1575 275 9.10202e-58
1600 275 5.82318e-61
1625 275 2.77653e-64
1650 275 9.92817e-68
1675 275 2.67868e-71
1700 275 5.48592e-75
1725 275 8.57771e-79
1750 275 1.02971e-82
1775 275 9.54154e-87
1800 275 6.86005e-91
1825 275 3.84584e-95
1850 275 1.68914e-99
1875 275 5.83871e-104
1900 275 1.59522e-108
1925 275 3.45908e-113
1950 275 5.97645e-118
1975 275 8.25834e-123
2000 275 9.15915e-128
2025 275 8.18094e-133
2050 275 5.90391e-138
2075 275 3.45304e-143
2100 275 1.64158e-148
2125 275 6.36106e-154
2150 275 2.01448e-159
2175 275 5.2271e-165
2200 275 1.11397e-170
2225 275 1.95432e-176
2250 275 2.82868e-182
2275 275 3.38489e-188
2300 275 3.35539e-194
2325 275 2.76062e-200
2350 275 1.88852e-206
2375 275 1.07606e-212
2400 275 5.11533e-219
2425 275 2.03194e-225
2450 275 6.75465e-232
2475 275 1.88179e-238
2500 275 4.39956e-245
2525 275 8.64332e-252
2550 275 1.42857e-258
2575 275 1.988e-265
2600 275 2.32707e-272
2625 275 2.27548e-279
2650 275 1.81989e-286
2675 275 1.14069e-293
2700 275 5.26373e-301
2725 275 1.66511e-308
2750 275 3.36655e-316
2775 275 0
2800 275 0
2825 275 0
2850 275 0
2875 275 0
2900 275 0
2925 275 0
2950 275 0
2975 275 0
0 300 0
25 300 1.39686e-118
50 300 9.20561e-114
75 300 4.84891e-109
100 300 2.03366e-104
125 300 6.76426e-100
150 300 1.77687e-95
175 300 3.67007e-91
200 300 5.93312e-87
225 300 7.47116e-83
250 300 7.29129e-79
275 300 5.48592e-75
300 300 3.16482e-71
325 300 1.39199e-67
350 300 4.64044e-64
375 300 1.16544e-60
400 300 2.19151e-57
425 300 3.0661e-54
450 300 3.17156e-51
475 300 2.41034e-48
500 300 1.33765e-45
525 300 5.38926e-43
550 300 1.56779e-40
575 300 3.27752e-38
600 300 4.90446e-36
625 300 5.23811e-34
650 300 3.98664e-32
675 300 2.16196e-30
700 300 8.36702e-29
725 300 2.31847e-27
750 300 4.62271e-26
775 300 6.6755e-25
800 300 7.03621e-24
825 300 5.46041e-23
850 300 3.14844e-22
875 300 1.3611e-21
900 300 4.4496e-21
925 300 1.1084e-20
950 300 2.11718e-20
975 300 3.11567e-20
1000 300 3.54274e-20
1025 300 3.11567e-20
1050 300 2.11718e-20
1075 300 1.1084e-20
1100 300 4.4496e-21
1125 300 1.3611e-21
1150 300 3.14844e-22
1175 300 5.46041e-23
1200 300 7.03621e-24
1225 300 6.6755e-25
1250 300 4.62271e-26
1275 300 2.31847e-27
1300 300 8.36702e-29
1325 300 2.16196e-30
1350 300 3.98664e-32
1375 300 5.23811e-34
1400 300 4.90446e-36
1425 300 3.27752e-38
1450 300 1.56779e-40
1475 300 5.38926e-43
1500 300 1.33765e-45
1525 300 2.41034e-48
1550 300 3.17156e-51
1575 300 3.0661e-54
1600 300 2.19151e-57
1625 300 1.16544e-60
1650 300 4.64044e-64
1675 300 1.39199e-67
1700 300 3.16482e-71
1725 300 5.48592e-75
1750 300 7.29129e-79
1775 300 7.47116e-83
1800 300 5.93312e-87
1825 300 3.67007e-91
1850 300 1.77687e-95
1875 300 6.76426e-100
1900 300 2.03366e-104
1925 300 4.84891e-109
1950 300 9.20561e-114
1975 300 1.39686e-118
2000 300 1.70027e-123
2025 300 1.66587e-128
2050 300 1.31811e-133
2075 300 8.449e-139
2100 300 4.40042e-144
2125 300 1.86745e-149
2150 300 6.47506e-155
2175 300 1.83905e-160
2200 300 4.28905e-166
2225 300 8.2331e-172
2250 300 1.30366e-177
2275 300 1.70642e-183
2300 300 1.85015e-189
2325 300 1.66481e-195
2350 300 1.24553e-201
2375 300 7.76141e-208
2400 300 4.03505e-214
2425 300 1.75296e-220
2450 300 6.37338e-227
2475 300 1.94211e-233
2500 300 4.96691e-240
2525 300 1.06753e-246
2550 300 1.93063e-253
2575 300 2.9413e-260
2600 300 3.77768e-267
2625 300 4.08605e-274
2650 300 3.69565e-281
2675 300 2.736e-288
2700 300 1.58832e-295
2725 300 6.79197e-303
2750 300 1.99244e-310
2775 300 3.73903e-318
2800 300 0
2825 300 0
2850 300 0
2875 300 0
2900 300 0
2925 300 0
2950 300 0
2975 300 0
0 325 0
25 325 1.8177e-114
50 325 1.09044e-109
75 325 5.22484e-105
100 325 1.99184e-100
125 325 6.01703e-96
150 325 1.43419e-91
175 325 2.68525e-87
200 325 3.93082e-83
225 325 4.47686e-79
250 325 3.94663e-75
275 325 2.67868e-71
300 325 1.39199e-67
325 325 5.50635e-64
350 325 1.64819e-60
375 325 3.71022e-57
400 325 6.24186e-54
425 325 7.79808e-51
450 325 7.18873e-48
475 325 4.85928e-45
500 325 2.39385e-42
525 325 8.54518e-40
550 325 2.1987e-37
575 325 4.05944e-35
600 325 5.35883e-33
625 325 5.04603e-31
650 325 3.38616e-29
675 325 1.62056e-27
700 325 5.54546e-26
725 325 1.36286e-24
750 325 2.42061e-23
775 325 3.1317e-22
800 325 2.9785e-21
825 325 2.10346e-20
850 325 1.11456e-19
875 325 4.47664e-19
900 325 1.37605e-18
925 325 3.26454e-18
950 325 6.01927e-18
975 325 8.67063e-18
1000 325 9.78883e-18
1025 325 8.67063e-18
1050 325 6.01927e-18
1075 325 3.26454e-18
1100 325 1.37605e-18
1125 325 4.47664e-19
1150 325 1.11456e-19
1175 325 2.10346e-20
1200 325 2.9785e-21
1225 325 3.1317e-22
1250 325 2.42061e-23
1275 325 1.36286e-24
1300 325 5.54546e-26
1325 325 1.62056e-27
1350 325 3.38616e-29
1375 325 5.04603e-31
1400 325 5.35883e-33
1425 325 4.05944e-35
1450 325 2.1987e-37
1475 325 8.54518e-40
1500 325 2.39385e-42
1525 325 4.85928e-45
1550 325 7.18873e-48
1575 325 7.79808e-51
1600 325 6.24186e-54
1625 325 3.71022e-57
1650 325 1.64819e-60
1675 325 5.50635e-64
1700 325 1.39199e-67
1725 325 2.67868e-71
1750 325 3.94663e-75
1775 325 4.47686e-79
1800 325 3.93082e-83
1825 325 2.68525e-87
1850 325 1.43419e-91
1875 325 6.01703e-96
1900 325 1.99184e-100
1925 325 5.22484e-105
1950 325 1.09044e-109
1975 325 1.8177e-114
2000 325 2.42901e-119
2025 325 2.61126e-124
2050 325 2.26585e-129
2075 325 1.59204e-134
2100 325 9.08511e-140
2125 325 4.22292e-145
2150 325 1.60322e-150
2175 325 4.98431e-156
2200 325 1.27212e-161
2225 325 2.67174e-167
2250 325 4.62788e-173
2275 325 6.62564e-179
2300 325 7.85637e-185
2325 325 7.73062e-191
2350 325 6.32434e-197
2375 325 4.3092e-203
2400 325 2.4496e-209
2425 325 1.16363e-215
2450 325 4.62618e-222
2475 325 1.54156e-228
2500 325 4.3116e-235
2525 325 1.01353e-241
2550 325 2.00498e-248
2575 325 3.34185e-255
2600 325 4.69834e-262
2625 325 5.57546e-269
2650 325 5.57834e-276
2675 325 4.67147e-283
2700 325 3.20436e-290
2725 325 1.72437e-297
2750 325 6.83855e-305
2775 325 1.8617e-312
2800 325 3.24354e-320
2825 325 0
2850 325 0
2875 325 0
2900 325 0
2925 325 0
2950 325 0
2975 325 0
0 350 0
25 350 1.80978e-110
50 350 9.8791e-106
75 350 4.30394e-101
100 350 1.4906e-96
125 350 4.08701e-92
150 350 8.83305e-88
175 350 1.49795e-83
200 350 1.98376e-79
225 350 2.04133e-75
250 350 1.62367e-71
275 350 9.92817e-68
300 350 4.64044e-64
325 350 1.64819e-60
350 350 4.42148e-57
375 350 8.90267e-54
400 350 1.33688e-50
425 350 1.48757e-47
450 350 1.21865e-44
475 350 7.30355e-42
500 350 3.18269e-39
525 350 1.00273e-36
550 350 2.27237e-34
575 350 3.68827e-32
600 350 4.27394e-30
625 350 3.52936e-28
650 350 2.07652e-26
675 350 8.71883e-25
700 350 2.6221e-23
725 350 5.68043e-22
750 350 8.93261e-21
775 350 1.02921e-19
800 350 8.78214e-19
825 350 5.61391e-18
850 350 2.72032e-17
875 350 1.01078e-16
900 350 2.91077e-16
925 350 6.55763e-16
950 350 1.16469e-15
975 350 1.64011e-15
1000 350 1.83762e-15
1025 350 1.64011e-15
1050 350 1.16469e-15
1075 350 6.55763e-16
1100 350 2.91077e-16
1125 350 1.01078e-16
1150 350 2.72032e-17
1175 350 5.61391e-18
1200 350 8.78214e-19
1225 350 1.02921e-19
1250 350 8.93261e-21
1275 350 5.68043e-22
1300 350 2.6221e-23
1325 350 8.71883e-25
1350 350 2.07652e-26
1375 350 3.52936e-28
1400 350 4.27394e-30
1425 350 3.68827e-32
1450 350 2.27237e-34
1475 350 1.00273e-36
1500 350 3.18269e-39
1525 350 7.30355e-42
1550 350 1.21865e-44
1575 350 1.48757e-47
1600 350 1.33688e-50
1625 350 8.90267e-54
1650 350 4.42148e-57
1675 350 1.64819e-60
1700 350 4.64044e-64
1725 350 9.92817e-68
1750 350 1.62367e-71
1775 350 2.04133e-75
1800 350 1.98376e-79
1825 350 1.49795e-83
1850 350 8.83305e-88
1875 350 4.08701e-92
1900 350 1.4906e-96
1925 350 4.30394e-101
1950 350 9.8791e-106
1975 350 1.80978e-110
2000 350 2.65597e-115
2025 350 3.1337e-120
2050 350 2.98268e-125
2075 350 2.2976e-130
2100 350 1.4368e-135
2125 350 7.31556e-141
2150 350 3.04114e-146
2175 350 1.03495e-151
2200 350 2.89063e-157
2225 350 6.64206e-163
2250 350 1.25848e-168
2275 350 1.97049e-174
2300 350 2.555e-180
2325 350 2.74889e-186
2350 350 2.45866e-192
2375 350 1.83145e-198
2400 350 1.13815e-204
2425 350 5.91043e-211
2450 350 2.56884e-217
2475 350 9.35842e-224
2500 350 2.86175e-230
2525 350 7.35558e-237
2550 350 1.59118e-243
2575 350 2.90053e-250
2600 350 4.46065e-257
2625 350 5.79354e-264
2650 350 6.35899e-271
2675 350 5.89111e-278
2700 350 4.5722e-285
2725 350 2.90845e-292
2750 350 1.45201e-299
2775 350 5.34431e-307
2800 350 1.3511e-314
2825 350 2.47033e-322
2850 350 0
2875 350 0
2900 350 0
2925 350 0
2950 350 0
2975 350 0
0 375 0
25 375 1.37084e-106
50 375 6.80635e-102
75 375 2.69487e-97
100 375 8.47444e-93
125 375 2.10764e-88
150 375 4.12733e-84
175 375 6.33436e-80
200 375 7.58187e-76
225 375 7.04154e-72
250 375 5.04721e-68
275 375 2.77653e-64
300 375 1.16544e-60
325 375 3.71022e-57
350 375 8.90267e-54
375 375 1.59983e-50
400 375 2.13908e-47
425 375 2.11407e-44
450 375 1.53428e-41
475 375 8.12448e-39
500 375 3.11978e-36
525 375 8.63829e-34
550 375 1.71608e-31
575 375 2.43612e-29
600 375 2.46424e-27
625 375 1.77391e-25
650 375 9.09238e-24
675 375 3.32696e-22
700 375 8.73238e-21
725 375 1.65577e-19
750 375 2.28893e-18
775 375 2.33236e-17
800 375 1.77358e-16
825 375 1.01976e-15
850 375 4.49288e-15
875 375 1.53646e-14
900 375 4.12717e-14
925 375 8.7988e-14
950 375 1.50147e-13
975 375 2.06376e-13
1000 375 2.29361e-13
1025 375 2.06376e-13
1050 375 1.50147e-13
1075 375 8.7988e-14
1100 375 4.12717e-14
1125 375 1.53646e-14
1150 375 4.49288e-15
1175 375 1.01976e-15
1200 375 1.77358e-16
1225 375 2.33236e-17
1250 375 2.28893e-18
1275 375 1.65577e-19
1300 375 8.73238e-21
1325 375 3.32696e-22
1350 375 9.09238e-24
1375 375 1.77391e-25
1400 375 2.46424e-27
1425 375 2.43612e-29
1450 375 1.71608e-31
1475 375 8.63829e-34
1500 375 3.11978e-36
1525 375 8.12448e-39
1550 375 1.53428e-41
1575 375 2.11407e-44
1600 375 2.13908e-47
1625 375 1.59983e-50
1650 375 8.90267e-54
1675 375 3.71022e-57
1700 375 1.16544e-60
1725 375 2.77653e-64
1750 375 5.04721e-68
1775 375 7.04154e-72
1800 375 7.58187e-76
1825 375 6.33436e-80
1850 375 4.12733e-84
1875 375 2.10764e-88
1900 375 8.47444e-93
1925 375 2.69487e-97
1950 375 6.80635e-102
1975 375 1.37084e-106
2000 375 2.21011e-111
2025 375 2.86274e-116
2050 375 2.98946e-121
2075 375 2.5251e-126
2100 375 1.73061e-131
2125 375 9.65276e-137
2150 375 4.39409e-142
2175 375 1.63691e-147
2200 375 5.00306e-153
2225 375 1.25767e-158
2250 375 2.60633e-164
2275 375 4.46264e-170
2300 375 6.32661e-176
2325 375 7.44122e-182
2350 375 7.27524e-188
2375 375 5.92347e-194
2400 375 4.02337e-200
2425 375 2.28356e-206
2450 375 1.08476e-212
2475 375 4.31927e-219
2500 375 1.44369e-225
2525 375 4.05621e-232
2550 375 9.59226e-239
2575 375 1.91171e-245
2600 375 3.2147e-252
2625 375 4.56636e-259
2650 375 5.4847e-266
2675 375 5.57367e-273
2700 375 4.78581e-280
2725 375 3.44555e-287
2750 375 2.03425e-294
2775 375 9.42881e-302
2800 375 3.22298e-309
2825 375 7.57117e-317
2850 375 0
2875 375 0
2900 375 0
2925 375 0
2950 375 0
2975 375 0
0 400 0
25 400 7.85246e-103
50 400 3.5449e-98
75 400 1.27498e-93
100 400 3.63847e-89
125 400 8.20298e-85
150 400 1.45442e-80
175 400 2.01839e-76
200 400 2.18142e-72
225 400 1.82649e-68
250 400 1.17829e-64
275 400 5.82318e-61
300 400 2.19151e-57
325 400 6.24186e-54
350 400 1.33688e-50
375 400 2.13908e-47
400 400 2.53986e-44
425 400 2.22288e-41
450 400 1.42441e-38
475 400 6.63936e-36
500 400 2.23716e-33
525 400 5.41855e-31
550 400 9.38758e-29
575 400 1.15889e-26
600 400 1.01692e-24
625 400 6.33824e-23
650 400 2.8097e-21
675 400 8.89056e-20
700 400 2.02032e-18
725 400 3.32537e-17
750 400 4.00769e-16
775 400 3.582e-15
800 400 2.40813e-14
825 400 1.23606e-13
850 400 4.91729e-13
875 400 1.53816e-12
900 400 3.8337e-12
925 400 7.7015e-12
950 400 1.25878e-11
975 400 1.68556e-11
1000 400 1.85695e-11
1025 400 1.68556e-11
1050 400 1.25878e-11
1075 400 7.7015e-12
1100 400 3.8337e-12
1125 400 1.53816e-12
1150 400 4.91729e-13
1175 400 1.23606e-13
1200 400 2.40813e-14
1225 400 3.582e-15
1250 400 4.00769e-16
1275 400 3.32537e-17
1300 400 2.02032e-18
1325 400 8.89056e-20
1350 400 2.8097e-21
1375 400 6.33824e-23
1400 400 1.01692e-24
1425 400 1.15889e-26
1450 400 9.38758e-29
1475 400 5.41855e-31
1500 400 2.23716e-33
1525 400 6.63936e-36
1550 400 1.42441e-38
1575 400 2.22288e-41
1600 400 2.53986e-44
1625 400 2.13908e-47
1650 400 1.33688e-50
1675 400 6.24186e-54
1700 400 2.19151e-57
1725 400 5.82318e-61
1750 400 1.17829e-64
1775 400 1.82649e-68
1800 400 2.18142e-72
1825 400 2.01839e-76
1850 400 1.45442e-80
1875 400 8.20298e-85
1900 400 3.63847e-89
1925 400 1.27498e-93
1950 400 3.5449e-98
1975 400 7.85246e-103
2000 400 1.39125e-107
2025 400 1.97887e-112
2050 400 2.26766e-117
2075 400 2.10062e-122
2100 400 1.57802e-127
2125 400 9.64258e-133
2150 400 4.80671e-138
2175 400 1.96007e-143
2200 400 6.5554e-149
2225 400 1.80267e-154
2250 400 4.08558e-160
2275 400 7.64878e-166
2300 400 1.18541e-171
2325 400 1.52395e-177
2350 400 1.62836e-183
2375 400 1.44882e-189
2400 400 1.07532e-195
2425 400 6.66884e-202
2450 400 3.46144e-208
2475 400 1.506e-214
2500 400 5.50039e-221
2525 400 1.68876e-227
2550 400 4.36443e-234
2575 400 9.50665e-241
2600 400 1.7474e-247
2625 400 2.71349e-254
2650 400 3.56374e-261
2675 400 3.96238e-268
2700 400 3.73167e-275
2725 400 2.97249e-282
2750 400 1.98688e-289
2775 400 1.0896e-296
2800 400 4.69202e-304
2825 400 1.49039e-311
2850 400 3.25471e-319
2875 400 0
2900 400 0
2925 400 0
2950 400 0
2975 400 0
0 425 0
25 425 3.38054e-99
50 425 1.38706e-94
75 425 4.5298e-90
100 425 1.17248e-85
125 425 2.39473e-81
150 425 3.84156e-77
175 425 4.81653e-73
200 425 4.69576e-69
225 425 3.54065e-65
250 425 2.05312e-61
275 425 9.10202e-58
300 425 3.0661e-54
325 425 7.79808e-51
350 425 1.48757e-47
375 425 2.11407e-44
400 425 2.22288e-41
425 425 1.71733e-38
450 425 9.68145e-36
475 425 3.95612e-33
500 425 1.16438e-30
525 425 2.45432e-28
550 425 3.68694e-26
575 425 3.93291e-24
600 425 2.97278e-22
625 425 1.59199e-20
650 425 6.05296e-19
675 425 1.64169e-17
700 425 3.19993e-16
725 425 4.52826e-15
750 425 4.71153e-14
775 425 3.65784e-13
800 425 2.15352e-12
825 425 9.77885e-12
850 425 3.48325e-11
875 425 9.89164e-11
900 425 2.27278e-10
925 425 4.27982e-10
950 425 6.67424e-10
975 425 8.68608e-10
1000 425 9.4784e-10
1025 425 8.68608e-10
1050 425 6.67424e-10
1075 425 4.27982e-10
1100 425 2.27278e-10
1125 425 9.89164e-11
1150 425 3.48325e-11
1175 425 9.77885e-12
1200 425 2.15352e-12
1225 425 3.65784e-13
1250 425 4.71153e-14
1275 425 4.52826e-15
1300 425 3.19993e-16
