0 0 0
25 0 0
50 0 0
75 0 0
100 0 0
125 0 0
150 0 0
175 0 0
200 0 0
225 0 0
250 0 0
275 0 0
300 0 0
325 0 0
350 0 0
375 0 0
400 0 0
425 0 0
450 0 0
475 0 0
500 0 0
525 0 0
550 0 0
575 0 0
600 0 0
625 0 0
650 0 0
675 0 0
700 0 0
725 0 0
750 0 0
775 0 0
800 0 0
825 0 0
850 0 0
875 0 0
900 0 0
925 0 0
950 0 0
975 0 0
1000 0 0
1025 0 0
1050 0 0
1075 0 0
1100 0 0
1125 0 0
1150 0 0
1175 0 0
1200 0 0
1225 0 0
1250 0 0
1275 0 0
1300 0 0
1325 0 0
1350 0 0
1375 0 0
1400 0 0
1425 0 0
1450 0 0
1475 0 0
1500 0 0
1525 0 0
1550 0 0
1575 0 0
1600 0 0
1625 0 0
1650 0 0
1675 0 0
1700 0 0
1725 0 0
1750 0 0
1775 0 0
1800 0 0
1825 0 0
1850 0 0
1875 0 0
1900 0 0
1925 0 0
1950 0 0
1975 0 0
2000 0 0
2025 0 0
2050 0 0
2075 0 0
2100 0 0
2125 0 0
2150 0 0
2175 0 0
2200 0 0
2225 0 0
2250 0 0
2275 0 0
2300 0 0
2325 0 0
2350 0 0
2375 0 0
2400 0 0
2425 0 0
2450 0 0
2475 0 0
2500 0 0
2525 0 0
2550 0 0
2575 0 0
2600 0 0
2625 0 0
2650 0 0
2675 0 0
2700 0 0
2725 0 0
2750 0 0
2775 0 0
2800 0 0
2825 0 0
2850 0 0
2875 0 0
2900 0 0
2925 0 0
2950 0 0
2975 0 0
0 25 0
25 25 0
50 25 0
75 25 0
100 25 0
125 25 0
150 25 0
175 25 0
200 25 0
225 25 6.98263e-320
250 25 4.55598e-307
275 25 9.34272e-297
300 25 1.26892e-287
325 25 2.63104e-279
350 25 1.25784e-271
375 25 1.78847e-264
400 25 9.10317e-258
425 25 1.94551e-251
450 25 2.0455e-245
475 25 1.24056e-239
500 25 4.93952e-234
525 25 1.38082e-228
550 25 2.74967e-223
575 25 3.87045e-218
600 25 3.79862e-213
625 25 2.55826e-208
650 25 1.16123e-203
675 25 3.48125e-199
700 25 6.73574e-195
725 25 8.1925e-191
750 25 6.07628e-187
775 25 2.65298e-183
800 25 6.54318e-180
825 25 8.68315e-177
850 25 5.85239e-174
875 25 1.87028e-171
900 25 2.61186e-169
925 25 1.44897e-167
950 25 2.87077e-166
975 25 1.8249e-165
1000 25 3.41836e-165
1025 25 1.8249e-165
1050 25 2.87077e-166
1075 25 1.44897e-167
1100 25 2.61186e-169
1125 25 1.87028e-171
1150 25 5.85239e-174
1175 25 8.68315e-177
1200 25 6.54318e-180
1225 25 2.65298e-183
1250 25 6.07628e-187
1275 25 8.1925e-191
1300 25 6.73574e-195
1325 25 3.48125e-199
1350 25 1.16123e-203
1375 25 2.55826e-208
1400 25 3.79862e-213
1425 25 3.87045e-218
1450 25 2.74967e-223
1475 25 1.38082e-228
1500 25 4.93952e-234
1525 25 1.24056e-239
1550 25 2.0455e-245
1575 25 1.94551e-251
1600 25 9.10317e-258
1625 25 1.78847e-264
1650 25 1.25784e-271
1675 25 2.63104e-279
1700 25 1.26892e-287
1725 25 9.34272e-297
1750 25 4.55598e-307
1775 25 6.98263e-320
1800 25 0
1825 25 0
1850 25 0
1875 25 0
1900 25 0
1925 25 0
1950 25 0
1975 25 0
2000 25 0
2025 25 0
2050 25 0
2075 25 0
2100 25 0
2125 25 0
2150 25 0
2175 25 0
2200 25 0
2225 25 0
2250 25 0
2275 25 0
2300 25 0
2325 25 0
2350 25 0
2375 25 0
2400 25 0
2425 25 0
2450 25 0
2475 25 0
2500 25 0
2525 25 0
2550 25 0
2575 25 0
2600 25 0
2625 25 0
2650 25 0
2675 25 0
2700 25 0
2725 25 0
2750 25 0
2775 25 0
2800 25 0
2825 25 0
2850 25 0
2875 25 0
2900 25 0
2925 25 0
2950 25 0
2975 25 0
0 50 0
25 50 0
50 50 0
75 50 0
100 50 0
125 50 0
150 50 0
175 50 0
200 50 1.89939e-319
225 50 1.45522e-306
250 50 3.52285e-296
275 50 5.67959e-287
300 50 1.406e-278
325 50 8.07464e-271
350 50 1.38817e-263
375 50 8.60283e-257
400 50 2.25564e-250
425 50 2.93439e-244
450 50 2.22343e-238
475 50 1.11801e-232
500 50 3.9928e-227
525 50 1.0285e-221
550 50 1.89835e-216
575 50 2.48011e-211
600 50 2.26102e-206
625 50 1.41562e-201
650 50 5.97886e-197
675 50 1.66933e-192
700 50 3.01121e-188
725 50 3.41836e-184
750 50 2.36943e-180
775 50 9.6827e-177
800 50 2.23912e-173
825 50 2.79212e-170
850 50 1.77315e-167
875 50 5.35819e-165
900 50 7.10934e-163
925 50 3.7718e-161
950 50 7.21156e-160
975 50 4.47824e-159
1000 50 8.31974e-159
1025 50 4.47824e-159
1050 50 7.21156e-160
1075 50 3.7718e-161
1100 50 7.10934e-163
1125 50 5.35819e-165
1150 50 1.77315e-167
1175 50 2.79212e-170
1200 50 2.23912e-173
1225 50 9.6827e-177
1250 50 2.36943e-180
1275 50 3.41836e-184
1300 50 3.01121e-188
1325 50 1.66933e-192
1350 50 5.97886e-197
1375 50 1.41562e-201
1400 50 2.26102e-206
1425 50 2.48011e-211
1450 50 1.89835e-216
1475 50 1.0285e-221
1500 50 3.9928e-227
1525 50 1.11801e-232
1550 50 2.22343e-238
1575 50 2.93439e-244
1600 50 2.25564e-250
1625 50 8.60283e-257
1650 50 1.38817e-263
1675 50 8.07464e-271
1700 50 1.406e-278
1725 50 5.67959e-287
1750 50 3.52285e-296
1775 50 1.45522e-306
1800 50 1.89939e-319
1825 50 0
1850 50 0
1875 50 0
1900 50 0
1925 50 0
1950 50 0
1975 50 0
2000 50 0
2025 50 0
2050 50 0
2075 50 0
2100 50 0
2125 50 0
2150 50 0
2175 50 0
2200 50 0
2225 50 0
2250 50 0
2275 50 0
2300 50 0
2325 50 0
2350 50 0
2375 50 0
2400 50 0
2425 50 0
2450 50 0
2475 50 0
2500 50 0
2525 50 0
2550 50 0
2575 50 0
2600 50 0
2625 50 0
2650 50 0
2675 50 0
2700 50 0
2725 50 0
2750 50 0
2775 50 0
2800 50 0
2825 50 0
2850 50 0
2875 50 0
2900 50 0
2925 50 0
2950 50 0
2975 50 0
0 75 0
25 75 0
50 75 0
75 75 0
100 75 0
125 75 0
150 75 0
175 75 3.87688e-319
200 75 3.47091e-306
225 75 9.86696e-296
250 75 1.87767e-286
275 75 5.51653e-278
300 75 3.7816e-270
325 75 7.80736e-263
350 75 5.84833e-256
375 75 1.86659e-249
400 75 2.97914e-243
425 75 2.7941e-237
450 75 1.75619e-231
475 75 7.92301e-226
500 75 2.60741e-220
525 75 6.22478e-215
550 75 1.06624e-209
575 75 1.29373e-204
600 75 1.09625e-199
625 75 6.3847e-195
650 75 2.51062e-190
675 75 6.53255e-186
700 75 1.09929e-181
725 75 1.16551e-177
750 75 7.55507e-174
775 75 2.89163e-170
800 75 6.27413e-167
825 75 7.35684e-164
850 75 4.40534e-161
875 75 1.25973e-158
900 75 1.58924e-156
925 75 8.06939e-155
950 75 1.48988e-153
975 75 9.04226e-153
1000 75 1.66642e-152
1025 75 9.04226e-153
1050 75 1.48988e-153
1075 75 8.06939e-155
1100 75 1.58924e-156
1125 75 1.25973e-158
1150 75 4.40534e-161
1175 75 7.35684e-164
1200 75 6.27413e-167
1225 75 2.89163e-170
1250 75 7.55507e-174
1275 75 1.16551e-177
1300 75 1.09929e-181
1325 75 6.53255e-186
1350 75 2.51062e-190
1375 75 6.3847e-195
1400 75 1.09625e-199
1425 75 1.29373e-204
1450 75 1.06624e-209
1475 75 6.22478e-215
1500 75 2.60741e-220
1525 75 7.92301e-226
1550 75 1.75619e-231
1575 75 2.7941e-237
1600 75 2.97914e-243
1625 75 1.86659e-249
1650 75 5.84833e-256
1675 75 7.80736e-263
1700 75 3.7816e-270
1725 75 5.51653e-278
1750 75 1.87767e-286
1775 75 9.86696e-296
1800 75 3.47091e-306
1825 75 3.87688e-319
1850 75 0
1875 75 0
1900 75 0
1925 75 0
1950 75 0
1975 75 0
2000 75 0
2025 75 0
2050 75 0
2075 75 0
2100 75 0
2125 75 0
2150 75 0
2175 75 0
2200 75 0
2225 75 0
2250 75 0
2275 75 0
2300 75 0
2325 75 0
2350 75 0
2375 75 0
2400 75 0
2425 75 0
2450 75 0
2475 75 0
2500 75 0
2525 75 0
2550 75 0
2575 75 0
2600 75 0
2625 75 0
2650 75 0
2675 75 0
2700 75 0
2725 75 0
2750 75 0
2775 75 0
2800 75 0
2825 75 0
2850 75 0
2875 75 0
2900 75 0
2925 75 0
2950 75 0
2975 75 0
0 100 0
25 100 0
50 100 0
75 100 0
100 100 0
125 100 0
150 100 5.94539e-319
175 100 6.19112e-306
200 100 2.05647e-295
225 100 4.59501e-286
250 100 1.59325e-277
275 100 1.29595e-269
300 100 3.1929e-262
325 100 2.87154e-255
350 100 1.10758e-248
375 100 2.15187e-242
400 100 2.47684e-236
425 100 1.92782e-230
450 100 1.08744e-224
475 100 4.52084e-219
500 100 1.37878e-213
525 100 3.05434e-208
550 100 4.85825e-203
575 100 5.4781e-198
600 100 4.31711e-193
625 100 2.34035e-188
650 100 8.57358e-184
675 100 2.08027e-179
700 100 3.26781e-175
725 100 3.238e-171
750 100 1.9642e-167
775 100 7.04597e-164
800 100 1.43545e-160
825 100 1.58388e-157
850 100 8.94971e-155
875 100 2.42362e-152
900 100 2.90942e-150
925 100 1.41486e-148
950 100 2.52432e-147
975 100 1.49805e-146
1000 100 2.73914e-146
1025 100 1.49805e-146
1050 100 2.52432e-147
1075 100 1.41486e-148
1100 100 2.90942e-150
1125 100 2.42362e-152
1150 100 8.94971e-155
1175 100 1.58388e-157
1200 100 1.43545e-160
1225 100 7.04597e-164
1250 100 1.9642e-167
1275 100 3.238e-171
1300 100 3.26781e-175
1325 100 2.08027e-179
1350 100 8.57358e-184
1375 100 2.34035e-188
1400 100 4.31711e-193
1425 100 5.4781e-198
1450 100 4.85825e-203
1475 100 3.05434e-208
1500 100 1.37878e-213
1525 100 4.52084e-219
1550 100 1.08744e-224
1575 100 1.92782e-230
1600 100 2.47684e-236
1625 100 2.15187e-242
1650 100 1.10758e-248
1675 100 2.87154e-255
1700 100 3.1929e-262
1725 100 1.29595e-269
1750 100 1.59325e-277
1775 100 4.59501e-286
1800 100 2.05647e-295
1825 100 6.19112e-306
1850 100 5.94539e-319
1875 100 0
1900 100 0
1925 100 0
1950 100 0
1975 100 0
2000 100 0
2025 100 0
2050 100 0
2075 100 0
2100 100 0
2125 100 0
2150 100 0
2175 100 0
2200 100 0
2225 100 0
2250 100 0
2275 100 0
2300 100 0
2325 100 0
2350 100 0
2375 100 0
2400 100 0
2425 100 0
2450 100 0
2475 100 0
2500 100 0
2525 100 0
2550 100 0
2575 100 0
2600 100 0
2625 100 0
2650 100 0
2675 100 0
2700 100 0
2725 100 0
2750 100 0
2775 100 0
2800 100 0
2825 100 0
2850 100 0
2875 100 0
2900 100 0
2925 100 0
2950 100 0
2975 100 0
0 125 0
25 125 0
50 125 0
75 125 0
100 125 0
125 125 6.8559e-319
150 125 8.2666e-306
175 125 3.1935e-295
200 125 8.33709e-286
225 125 3.39387e-277
250 125 3.25753e-269
275 125 9.52144e-262
300 125 1.02168e-254
325 125 4.73056e-248
350 125 1.11072e-241
375 125 1.55668e-235
400 125 1.48751e-229
425 125 1.03926e-223
450 125 5.4022e-218
475 125 2.08121e-212
500 125 5.88922e-207
525 125 1.21133e-201
550 125 1.79029e-196
575 125 1.87714e-191
600 125 1.37666e-186
625 125 6.9509e-182
650 125 2.37377e-177
675 125 5.37439e-173
700 125 7.88607e-169
725 125 7.30777e-165
750 125 4.15124e-161
775 125 1.39664e-157
800 125 2.67349e-154
825 125 2.77796e-151
850 125 1.4823e-148
875 125 3.80436e-146
900 125 4.34898e-144
925 125 2.02709e-142
950 125 3.49709e-141
975 125 2.03025e-140
1000 125 3.68383e-140
1025 125 2.03025e-140
1050 125 3.49709e-141
1075 125 2.02709e-142
1100 125 4.34898e-144
1125 125 3.80436e-146
1150 125 1.4823e-148
1175 125 2.77796e-151
1200 125 2.67349e-154
1225 125 1.39664e-157
1250 125 4.15124e-161
1275 125 7.30777e-165
1300 125 7.88607e-169
1325 125 5.37439e-173
1350 125 2.37377e-177
1375 125 6.9509e-182
1400 125 1.37666e-186
1425 125 1.87714e-191
1450 125 1.79029e-196
1475 125 1.21133e-201
1500 125 5.88922e-207
1525 125 2.08121e-212
1550 125 5.4022e-218
1575 125 1.03926e-223
1600 125 1.48751e-229
1625 125 1.55668e-235
1650 125 1.11072e-241
1675 125 4.73056e-248
1700 125 1.02168e-254
1725 125 9.52144e-262
1750 125 3.25753e-269
1775 125 3.39387e-277
1800 125 8.33709e-286
1825 125 3.1935e-295
1850 125 8.2666e-306
1875 125 6.8559e-319
1900 125 0
1925 125 0
1950 125 0
1975 125 0
2000 125 0
2025 125 0
2050 125 0
2075 125 0
2100 125 0
2125 125 0
2150 125 0
2175 125 0
2200 125 0
2225 125 0
2250 125 0
2275 125 0
2300 125 0
2325 125 0
2350 125 0
2375 125 0
2400 125 0
2425 125 0
2450 125 0
2475 125 0
2500 125 0
2525 125 0
2550 125 0
2575 125 0
2600 125 0
2625 125 0
2650 125 0
2675 125 0
2700 125 0
2725 125 0
2750 125 0
2775 125 0
2800 125 0
2825 125 0
2850 125 0
2875 125 0
2900 125 0
2925 125 0
2950 125 0
2975 125 0
0 150 0
25 150 0
50 150 0
75 150 0
100 150 5.94539e-319
125 150 8.2666e-306
150 150 3.69781e-295
175 150 1.1227e-285
200 150 5.33952e-277
225 150 6.01642e-269
250 150 2.07485e-261
275 150 2.6409e-254
300 150 1.45875e-247
325 150 4.11166e-241
350 150 6.9656e-235
375 150 8.10702e-229
400 150 6.95499e-223
425 150 4.47795e-217
450 150 2.15691e-211
475 150 7.7092e-206
500 150 2.02531e-200
525 150 3.8703e-195
550 150 5.31822e-190
575 150 5.18835e-185
600 150 3.54319e-180
625 150 1.66729e-175
650 150 5.31131e-171
675 150 1.12282e-166
700 150 1.54e-162
725 150 1.3355e-158
750 150 7.10915e-155
775 150 2.24483e-151
800 150 4.04053e-148
825 150 3.95657e-145
850 150 1.99518e-142
875 150 4.85679e-140
900 150 5.29121e-138
925 150 2.36559e-136
950 150 3.94877e-135
975 150 2.24374e-134
1000 150 4.04071e-134
1025 150 2.24374e-134
1050 150 3.94877e-135
1075 150 2.36559e-136
1100 150 5.29121e-138
1125 150 4.85679e-140
1150 150 1.99518e-142
1175 150 3.95657e-145
1200 150 4.04053e-148
1225 150 2.24483e-151
1250 150 7.10915e-155
1275 150 1.3355e-158
1300 150 1.54e-162
1325 150 1.12282e-166
1350 150 5.31131e-171
1375 150 1.66729e-175
1400 150 3.54319e-180
1425 150 5.18835e-185
1450 150 5.31822e-190
1475 150 3.8703e-195
1500 150 2.02531e-200
1525 150 7.7092e-206
1550 150 2.15691e-211
1575 150 4.47795e-217
1600 150 6.95499e-223
1625 150 8.10702e-229
1650 150 6.9656e-235
1675 150 4.11166e-241
1700 150 1.45875e-247
1725 150 2.6409e-254
1750 150 2.07485e-261
1775 150 6.01642e-269
1800 150 5.33952e-277
1825 150 1.1227e-285
1850 150 3.69781e-295
1875 150 8.2666e-306
1900 150 5.94539e-319
1925 150 0
1950 150 0
1975 150 0
2000 150 0
2025 150 0
2050 150 0
2075 150 0
2100 150 0
2125 150 0
2150 150 0
2175 150 0
2200 150 0
2225 150 0
2250 150 0
2275 150 0
2300 150 0
2325 150 0
2350 150 0
2375 150 0
2400 150 0
2425 150 0
2450 150 0
2475 150 0
2500 150 0
2525 150 0
2550 150 0
2575 150 0
2600 150 0
2625 150 0
2650 150 0
2675 150 0
2700 150 0
2725 150 0
2750 150 0
2775 150 0
2800 150 0
2825 150 0
2850 150 0
2875 150 0
2900 150 0
2925 150 0
2950 150 0
2975 150 0
0 175 0
25 175 0
50 175 0
75 175 3.87688e-319
100 175 6.19112e-306
125 175 3.1935e-295
150 175 1.1227e-285
175 175 6.20961e-277
200 175 8.17407e-269
225 175 3.309e-261
250 175 4.96883e-254
275 175 3.25539e-247
300 175 1.09465e-240
325 175 2.22655e-234
350 175 3.13317e-228
375 175 3.27433e-222
400 175 2.5887e-216
425 175 1.54438e-210
450 175 6.90098e-205
475 175 2.28979e-199
500 175 5.58836e-194
525 175 9.92767e-189
550 175 1.2691e-183
575 175 1.15271e-178
600 175 7.33491e-174
625 175 3.21878e-169
650 175 9.57097e-165
675 175 1.89046e-160
700 175 2.42521e-156
725 175 1.96954e-152
750 175 9.8316e-149
775 175 2.9158e-145
800 175 4.93843e-142
825 175 4.56067e-139
850 175 2.17509e-136
875 175 5.02579e-134
900 175 5.22209e-132
925 175 2.24106e-130
950 175 3.62198e-129
975 175 2.01524e-128
1000 175 3.60265e-128
1025 175 2.01524e-128
1050 175 3.62198e-129
1075 175 2.24106e-130
1100 175 5.22209e-132
1125 175 5.02579e-134
1150 175 2.17509e-136
1175 175 4.56067e-139
1200 175 4.93843e-142
1225 175 2.9158e-145
1250 175 9.8316e-149
1275 175 1.96954e-152
1300 175 2.42521e-156
1325 175 1.89046e-160
1350 175 9.57097e-165
1375 175 3.21878e-169
1400 175 7.33491e-174
1425 175 1.15271e-178
1450 175 1.2691e-183
1475 175 9.92767e-189
1500 175 5.58836e-194
1525 175 2.28979e-199
1550 175 6.90098e-205
1575 175 1.54438e-210
1600 175 2.5887e-216
1625 175 3.27433e-222
1650 175 3.13317e-228
1675 175 2.22655e-234
1700 175 1.09465e-240
1725 175 3.25539e-247
1750 175 4.96883e-254
1775 175 3.309e-261
1800 175 8.17407e-269
1825 175 6.20961e-277
1850 175 1.1227e-285
1875 175 3.1935e-295
1900 175 6.19112e-306
1925 175 3.87688e-319
1950 175 0
1975 175 0
2000 175 0
2025 175 0
2050 175 0
2075 175 0
2100 175 0
2125 175 0
2150 175 0
2175 175 0
2200 175 0
2225 175 0
2250 175 0
2275 175 0
2300 175 0
2325 175 0
2350 175 0
2375 175 0
2400 175 0
2425 175 0
2450 175 0
2475 175 0
2500 175 0
2525 175 0
2550 175 0
2575 175 0
2600 175 0
2625 175 0
2650 175 0
2675 175 0
2700 175 0
2725 175 0
2750 175 0
2775 175 0
2800 175 0
2825 175 0
2850 175 0
2875 175 0
2900 175 0
2925 175 0
2950 175 0
2975 175 0
0 200 0
25 200 0
50 200 1.89939e-319
75 200 3.47091e-306
100 200 2.05647e-295
125 200 8.33709e-286
150 200 5.33952e-277
175 200 8.17407e-269
200 200 3.86566e-261
225 200 6.81349e-254
250 200 5.26612e-247
275 200 2.10032e-240
300 200 5.09719e-234
325 200 8.61339e-228
350 200 1.08845e-221
375 200 1.04828e-215
400 200 7.67912e-210
425 200 4.24977e-204
450 200 1.7628e-198
475 200 5.43323e-193
500 200 1.23258e-187
525 200 2.03684e-182
550 200 2.42385e-177
575 200 2.05099e-172
600 200 1.21681e-167
625 200 4.98286e-163
650 200 1.3839e-158
675 200 2.55568e-154
700 200 3.06871e-150
725 200 2.33542e-146
750 200 1.09399e-142
775 200 3.04951e-139
800 200 4.86362e-136
825 200 4.23924e-133
850 200 1.91363e-130
875 200 4.20033e-128
900 200 4.1658e-126
925 200 1.71732e-124
950 200 2.68905e-123
975 200 1.46572e-122
1000 200 2.60154e-122
1025 200 1.46572e-122
1050 200 2.68905e-123
1075 200 1.71732e-124
1100 200 4.1658e-126
1125 200 4.20033e-128
1150 200 1.91363e-130
1175 200 4.23924e-133
1200 200 4.86362e-136
1225 200 3.04951e-139
1250 200 1.09399e-142
1275 200 2.33542e-146
1300 200 3.06871e-150
1325 200 2.55568e-154
1350 200 1.3839e-158
1375 200 4.98286e-163
1400 200 1.21681e-167
1425 200 2.05099e-172
1450 200 2.42385e-177
1475 200 2.03684e-182
1500 200 1.23258e-187
1525 200 5.43323e-193
1550 200 1.7628e-198
1575 200 4.24977e-204
1600 200 7.67912e-210
1625 200 1.04828e-215
1650 200 1.08845e-221
1675 200 8.61339e-228
1700 200 5.09719e-234
1725 200 2.10032e-240
1750 200 5.26612e-247
1775 200 6.81349e-254
1800 200 3.86566e-261
1825 200 8.17407e-269
1850 200 5.33952e-277
1875 200 8.33709e-286
1900 200 2.05647e-295
1925 200 3.47091e-306
1950 200 1.89939e-319
1975 200 0
2000 200 0
2025 200 0
2050 200 0
2075 200 0
2100 200 0
2125 200 0
2150 200 0
2175 200 0
2200 200 0
2225 200 0
2250 200 0
2275 200 0
2300 200 0
2325 200 0
2350 200 0
2375 200 0
2400 200 0
2425 200 0
2450 200 0
2475 200 0
2500 200 0
2525 200 0
2550 200 0
2575 200 0
2600 200 0
2625 200 0
2650 200 0
2675 200 0
2700 200 0
2725 200 0
2750 200 0
2775 200 0
2800 200 0
2825 200 0
2850 200 0
2875 200 0
2900 200 0
2925 200 0
2950 200 0
2975 200 0
0 225 0
25 225 6.98263e-320
50 225 1.45522e-306
75 225 9.86696e-296
100 225 4.59501e-286
125 225 3.39387e-277
150 225 6.01642e-269
175 225 3.309e-261
200 225 6.81349e-254
225 225 6.1812e-247
250 225 2.90832e-240
275 225 8.37219e-234
300 225 1.68819e-227
325 225 2.56201e-221
350 225 2.98367e-215
375 225 2.66245e-209
400 225 1.80918e-203
425 225 9.29382e-198
450 225 3.58076e-192
475 225 1.02581e-186
500 225 2.16452e-181
525 225 3.32929e-176
550 225 3.6904e-171
575 225 2.91099e-166
600 225 1.61127e-161
625 225 6.16123e-157
650 225 1.59934e-152
675 225 2.76331e-148
700 225 3.10774e-144
725 225 2.21795e-140
750 225 9.75675e-137
775 225 2.55812e-133
800 225 3.84481e-130
825 225 3.16536e-127
850 225 1.35349e-124
875 225 2.82439e-122
900 225 2.6758e-120
925 225 1.06042e-118
950 225 1.60976e-117
975 225 8.59975e-117
1000 225 1.51573e-116
1025 225 8.59975e-117
1050 225 1.60976e-117
1075 225 1.06042e-118
1100 225 2.6758e-120
1125 225 2.82439e-122
1150 225 1.35349e-124
1175 225 3.16536e-127
1200 225 3.84481e-130
1225 225 2.55812e-133
1250 225 9.75675e-137
1275 225 2.21795e-140
1300 225 3.10774e-144
1325 225 2.76331e-148
1350 225 1.59934e-152
1375 225 6.16123e-157
1400 225 1.61127e-161
1425 225 2.91099e-166
1450 225 3.6904e-171
1475 225 3.32929e-176
1500 225 2.16452e-181
1525 225 1.02581e-186
1550 225 3.58076e-192
1575 225 9.29382e-198
1600 225 1.80918e-203
1625 225 2.66245e-209
1650 225 2.98367e-215
1675 225 2.56201e-221
1700 225 1.68819e-227
1725 225 8.37219e-234
1750 225 2.90832e-240
1775 225 6.1812e-247
1800 225 6.81349e-254
1825 225 3.309e-261
1850 225 6.01642e-269
1875 225 3.39387e-277
1900 225 4.59501e-286
1925 225 9.86696e-296
1950 225 1.45522e-306
1975 225 6.98263e-320
2000 225 0
2025 225 0
2050 225 0
2075 225 0
2100 225 0
2125 225 0
2150 225 0
2175 225 0
2200 225 0
2225 225 0
2250 225 0
2275 225 0
2300 225 0
2325 225 0
2350 225 0
2375 225 0
2400 225 0
2425 225 0
2450 225 0
2475 225 0
2500 225 0
2525 225 0
2550 225 0
2575 225 0
2600 225 0
2625 225 0
2650 225 0
2675 225 0
2700 225 0
2725 225 0
2750 225 0
2775 225 0
2800 225 0
2825 225 0
2850 225 0
2875 225 0
2900 225 0
2925 225 0
2950 225 0
2975 225 0
0 250 0
25 250 4.55598e-307
50 250 3.52285e-296
75 250 1.87767e-286
100 250 1.59325e-277
125 250 3.25753e-269
150 250 2.07485e-261
175 250 4.96883e-254
200 250 5.26612e-247
225 250 2.90832e-240
250 250 9.87697e-234
275 250 2.36257e-227
300 250 4.27861e-221
325 250 5.98409e-215
350 250 6.45689e-209
375 250 5.34451e-203
400 250 3.37092e-197
425 250 1.60837e-191
450 250 5.75939e-186
475 250 1.53452e-180
500 250 3.01354e-175
525 250 4.31708e-170
550 250 4.46027e-165
575 250 3.28186e-160
600 250 1.69589e-155
625 250 6.05941e-151
650 250 1.47111e-146
675 250 2.37968e-142
700 250 2.50843e-138
725 250 1.68004e-134
750 250 6.94532e-131
775 250 1.71408e-127
800 250 2.42964e-124
825 250 1.89082e-121
850 250 7.66457e-119
875 250 1.52177e-116
900 250 1.37829e-114
925 250 5.25486e-113
950 250 7.73862e-112
975 250 4.05376e-111
1000 250 7.09619e-111
1025 250 4.05376e-111
1050 250 7.73862e-112
1075 250 5.25486e-113
1100 250 1.37829e-114
1125 250 1.52177e-116
1150 250 7.66457e-119
1175 250 1.89082e-121
1200 250 2.42964e-124
1225 250 1.71408e-127
1250 250 6.94532e-131
1275 250 1.68004e-134
1300 250 2.50843e-138
1325 250 2.37968e-142
1350 250 1.47111e-146
1375 250 6.05941e-151
1400 250 1.69589e-155
1425 250 3.28186e-160
1450 250 4.46027e-165
1475 250 4.31708e-170
1500 250 3.01354e-175
1525 250 1.53452e-180
1550 250 5.75939e-186
1575 250 1.60837e-191
1600 250 3.37092e-197
1625 250 5.34451e-203
1650 250 6.45689e-209
1675 250 5.98409e-215
1700 250 4.27861e-221
1725 250 2.36257e-227
1750 250 9.87697e-234
1775 250 2.90832e-240
1800 250 5.26612e-247
1825 250 4.96883e-254
1850 250 2.07485e-261
1875 250 3.25753e-269
1900 250 1.59325e-277
1925 250 1.87767e-286
1950 250 3.52285e-296
1975 250 4.55598e-307
2000 250 1.92488e-320
2025 250 0
2050 250 0
2075 250 0
2100 250 0
2125 250 0
2150 250 0
2175 250 0
2200 250 0
2225 250 0
2250 250 0
2275 250 0
2300 250 0
2325 250 0
2350 250 0
2375 250 0
2400 250 0
2425 250 0
2450 250 0
2475 250 0
2500 250 0
2525 250 0
2550 250 0
2575 250 0
2600 250 0
2625 250 0
2650 250 0
2675 250 0
2700 250 0
2725 250 0
2750 250 0
2775 250 0
2800 250 0
2825 250 0
2850 250 0
2875 250 0
2900 250 0
2925 250 0
2950 250 0
2975 250 0
0 275 0
25 275 9.34272e-297
50 275 5.67959e-287
75 275 5.51653e-278
100 275 1.29595e-269
125 275 9.52144e-262
150 275 2.6409e-254
175 275 3.25539e-247
200 275 2.10032e-240
225 275 8.37219e-234
250 275 2.36257e-227
275 275 5.07558e-221
300 275 8.47115e-215
325 275 1.09771e-208
350 275 1.09865e-202
375 275 8.44062e-197
400 275 4.94452e-191
425 275 2.19256e-185
450 275 7.30167e-180
475 275 1.81049e-174
500 275 3.31119e-169
525 275 4.42077e-164
550 275 4.25991e-159
575 275 2.92574e-154
600 275 1.41239e-149
625 275 4.7186e-145
650 275 1.07218e-140
675 275 1.62491e-136
700 275 1.60654e-132
725 275 1.01049e-128
750 275 3.9287e-125
775 275 9.13363e-122
800 275 1.22193e-118
825 275 8.99621e-116
850 275 3.45982e-113
875 275 6.54127e-111
900 275 5.66839e-109
925 275 2.08069e-107
950 275 2.97449e-106
975 275 1.52853e-105
1000 275 2.65795e-105
1025 275 1.52853e-105
1050 275 2.97449e-106
1075 275 2.08069e-107
1100 275 5.66839e-109
1125 275 6.54127e-111
1150 275 3.45982e-113
1175 275 8.99621e-116
1200 275 1.22193e-118
1225 275 9.13363e-122
1250 275 3.9287e-125
1275 275 1.01049e-128
1300 275 1.60654e-132
1325 275 1.62491e-136
1350 275 1.07218e-140
1375 275 4.7186e-145
1400 275 1.41239e-149
1425 275 2.92574e-154
1450 275 4.25991e-159
1475 275 4.42077e-164
1500 275 3.31119e-169
1525 275 1.81049e-174
1550 275 7.30167e-180
1575 275 2.19256e-185
1600 275 4.94452e-191
1625 275 8.44062e-197
1650 275 1.09865e-202
1675 275 1.09771e-208
1700 275 8.47115e-215
1725 275 5.07558e-221
1750 275 2.36257e-227
1775 275 8.37219e-234
1800 275 2.10032e-240
1825 275 3.25539e-247
1850 275 2.6409e-254
1875 275 9.52144e-262
1900 275 1.29595e-269
1925 275 5.51653e-278
1950 275 5.67959e-287
1975 275 9.34272e-297
2000 275 1.06302e-307
2025 275 3.95253e-321
2050 275 0
2075 275 0
2100 275 0
2125 275 0
2150 275 0
2175 275 0
2200 275 0
2225 275 0
2250 275 0
2275 275 0
2300 275 0
2325 275 0
2350 275 0
2375 275 0
2400 275 0
2425 275 0
2450 275 0
2475 275 0
2500 275 0
2525 275 0
2550 275 0
2575 275 0
2600 275 0
2625 275 0
2650 275 0
2675 275 0
2700 275 0
2725 275 0
2750 275 0
2775 275 0
2800 275 0
2825 275 0
2850 275 0
2875 275 0
2900 275 0
2925 275 0
2950 275 0
2975 275 0
0 300 0
25 300 1.26892e-287
50 300 1.406e-278
75 300 3.7816e-270
100 300 3.1929e-262
125 300 1.02168e-254
150 300 1.45875e-247
175 300 1.09465e-240
200 300 5.09719e-234
225 300 1.68819e-227
250 300 4.27861e-221
275 300 8.47115e-215
300 300 1.30993e-208
325 300 1.57448e-202
350 300 1.46262e-196
375 300 1.04362e-190
400 300 5.6816e-185
425 300 2.34293e-179
450 300 7.2608e-174
475 300 1.67654e-168
500 300 2.85735e-163
525 300 3.55764e-158
550 300 3.19949e-153
575 300 2.0525e-148
600 300 9.26268e-144
625 300 2.89549e-139
650 300 6.16198e-135
675 300 8.75544e-131
700 300 8.12522e-127
725 300 4.80312e-123
750 300 1.75756e-119
775 300 3.85208e-116
800 300 4.86784e-113
825 300 3.39318e-110
850 300 1.23912e-107
875 300 2.23269e-105
900 300 1.85263e-103
925 300 6.55231e-102
950 300 9.09887e-101
975 300 4.58899e-100
1000 300 7.92801e-100
1025 300 4.58899e-100
1050 300 9.09887e-101
1075 300 6.55231e-102
1100 300 1.85263e-103
1125 300 2.23269e-105
1150 300 1.23912e-107
1175 300 3.39318e-110
1200 300 4.86784e-113
1225 300 3.85208e-116
1250 300 1.75756e-119
1275 300 4.80312e-123
1300 300 8.12522e-127
1325 300 8.75544e-131
1350 300 6.16198e-135
1375 300 2.89549e-139
1400 300 9.26268e-144
1425 300 2.0525e-148
1450 300 3.19949e-153
1475 300 3.55764e-158
1500 300 2.85735e-163
1525 300 1.67654e-168
1550 300 7.2608e-174
1575 300 2.34293e-179
1600 300 5.6816e-185
1625 300 1.04362e-190
1650 300 1.46262e-196
1675 300 1.57448e-202
1700 300 1.30993e-208
1725 300 8.47115e-215
1750 300 4.27861e-221
1775 300 1.68819e-227
1800 300 5.09719e-234
1825 300 1.09465e-240
1850 300 1.45875e-247
1875 300 1.02168e-254
1900 300 3.1929e-262
1925 300 3.7816e-270
1950 300 1.406e-278
1975 300 1.26892e-287
2000 300 1.83611e-297
2025 300 1.84381e-308
2050 300 6.07701e-322
2075 300 0
2100 300 0
2125 300 0
2150 300 0
2175 300 0
2200 300 0
2225 300 0
2250 300 0
2275 300 0
2300 300 0
2325 300 0
2350 300 0
2375 300 0
2400 300 0
2425 300 0
2450 300 0
2475 300 0
2500 300 0
2525 300 0
2550 300 0
2575 300 0
2600 300 0
2625 300 0
2650 300 0
2675 300 0
2700 300 0
2725 300 0
2750 300 0
2775 300 0
2800 300 0
2825 300 0
2850 300 0
2875 300 0
2900 300 0
2925 300 0
2950 300 0
2975 300 0
0 325 0
25 325 2.63104e-279
50 325 8.07464e-271
75 325 7.80736e-263
100 325 2.87154e-255
125 325 4.73056e-248
150 325 4.11166e-241
175 325 2.22655e-234
200 325 8.61339e-228
225 325 2.56201e-221
250 325 5.98409e-215
275 325 1.09771e-208
300 325 1.57448e-202
325 325 1.75649e-196
350 325 1.51542e-190
375 325 1.00488e-184
400 325 5.08736e-179
425 325 1.95218e-173
450 325 5.63347e-168
475 325 1.2121e-162
500 325 1.92636e-157
525 325 2.23825e-152
550 325 1.87991e-147
575 325 1.1272e-142
600 325 4.75871e-138
625 325 1.39285e-133
650 325 2.77816e-129
675 325 3.70363e-125
700 325 3.22851e-121
725 325 1.795e-117
750 325 6.18673e-114
775 325 1.27933e-110
800 325 1.52831e-107
825 325 1.00948e-104
850 325 3.50337e-102
875 325 6.02103e-100
900 325 4.78797e-98
925 325 1.63288e-96
950 325 2.20405e-95
975 325 1.09148e-94
1000 325 1.87375e-94
1025 325 1.09148e-94
1050 325 2.20405e-95
1075 325 1.63288e-96
1100 325 4.78797e-98
1125 325 6.02103e-100
1150 325 3.50337e-102
1175 325 1.00948e-104
1200 325 1.52831e-107
1225 325 1.27933e-110
1250 325 6.18673e-114
1275 325 1.795e-117
1300 325 3.22851e-121
1325 325 3.70363e-125
1350 325 2.77816e-129
1375 325 1.39285e-133
1400 325 4.75871e-138
1425 325 1.1272e-142
1450 325 1.87991e-147
1475 325 2.23825e-152
1500 325 1.92636e-157
1525 325 1.2121e-162
1550 325 5.63347e-168
1575 325 1.95218e-173
1600 325 5.08736e-179
1625 325 1.00488e-184
1650 325 1.51542e-190
1675 325 1.75649e-196
1700 325 1.57448e-202
1725 325 1.09771e-208
1750 325 5.98409e-215
1775 325 2.56201e-221
1800 325 8.61339e-228
1825 325 2.22655e-234
1850 325 4.11166e-241
1875 325 4.73056e-248
1900 325 2.87154e-255
1925 325 7.80736e-263
1950 325 8.07464e-271
1975 325 2.63104e-279
2000 325 2.08824e-288
2025 325 2.66623e-298
2050 325 2.37009e-309
2075 325 7.41098e-323
2100 325 0
2125 325 0
2150 325 0
2175 325 0
2200 325 0
2225 325 0
2250 325 0
2275 325 0
2300 325 0
2325 325 0
2350 325 0
2375 325 0
2400 325 0
2425 325 0
2450 325 0
2475 325 0
2500 325 0
2525 325 0
2550 325 0
2575 325 0
2600 325 0
2625 325 0
2650 325 0
2675 325 0
2700 325 0
2725 325 0
2750 325 0
2775 325 0
2800 325 0
2825 325 0
2850 325 0
2875 325 0
2900 325 0
2925 325 0
2950 325 0
2975 325 0
0 350 0
25 350 1.25784e-271
50 350 1.38817e-263
75 350 5.84833e-256
100 350 1.10758e-248
125 350 1.11072e-241
150 350 6.9656e-235
175 350 3.13317e-228
200 350 1.08845e-221
225 350 2.98367e-215
250 350 6.45689e-209
275 350 1.09865e-202
300 350 1.46262e-196
325 350 1.51542e-190
350 350 1.21503e-184
375 350 7.49228e-179
400 350 3.52954e-173
425 350 1.26114e-167
450 350 3.39106e-162
475 350 6.80332e-157
500 350 1.00892e-151
525 350 1.09469e-146
550 350 8.59264e-142
575 350 4.81898e-137
600 350 1.90451e-132
625 350 5.22324e-128
650 350 9.77156e-124
675 350 1.22313e-119
700 350 1.00229e-115
725 350 5.24529e-112
750 350 1.70419e-108
775 350 3.32757e-105
800 350 3.76104e-102
825 350 2.35602e-99
850 350 7.77715e-97
875 350 1.276e-94
900 350 9.7324e-93
925 350 3.20302e-91
950 350 4.20525e-90
975 350 2.04576e-89
1000 350 3.49037e-89
1025 350 2.04576e-89
1050 350 4.20525e-90
1075 350 3.20302e-91
1100 350 9.7324e-93
1125 350 1.276e-94
1150 350 7.77715e-97
1175 350 2.35602e-99
1200 350 3.76104e-102
1225 350 3.32757e-105
1250 350 1.70419e-108
1275 350 5.24529e-112
1300 350 1.00229e-115
1325 350 1.22313e-119
1350 350 9.77156e-124
1375 350 5.22324e-128
1400 350 1.90451e-132
1425 350 4.81898e-137
1450 350 8.59264e-142
1475 350 1.09469e-146
1500 350 1.00892e-151
1525 350 6.80332e-157
1550 350 3.39106e-162
1575 350 1.26114e-167
1600 350 3.52954e-173
1625 350 7.49228e-179
1650 350 1.21503e-184
1675 350 1.51542e-190
1700 350 1.46262e-196
1725 350 1.09865e-202
1750 350 6.45689e-209
1775 350 2.98367e-215
1800 350 1.08845e-221
1825 350 3.13317e-228
1850 350 6.9656e-235
1875 350 1.11072e-241
1900 350 1.10758e-248
1925 350 5.84833e-256
1950 350 1.38817e-263
1975 350 1.25784e-271
2000 350 3.60333e-280
2025 350 2.52284e-289
2050 350 2.85062e-299
2075 350 2.24951e-310
2100 350 0
2125 350 0
2150 350 0
2175 350 0
2200 350 0
2225 350 0
2250 350 0
2275 350 0
2300 350 0
2325 350 0
2350 350 0
2375 350 0
2400 350 0
2425 350 0
2450 350 0
2475 350 0
2500 350 0
2525 350 0
2550 350 0
2575 350 0
2600 350 0
2625 350 0
2650 350 0
2675 350 0
2700 350 0
2725 350 0
2750 350 0
2775 350 0
2800 350 0
2825 350 0
2850 350 0
2875 350 0
2900 350 0
2925 350 0
2950 350 0
2975 350 0
0 375 0
25 375 1.78847e-264
50 375 8.60283e-257
75 375 1.86659e-249
100 375 2.15187e-242
125 375 1.55668e-235
150 375 8.10702e-229
175 375 3.27433e-222
200 375 1.04828e-215
225 375 2.66245e-209
250 375 5.34451e-203
275 375 8.44062e-197
300 375 1.04362e-190
325 375 1.00488e-184
350 375 7.49228e-179
375 375 4.29898e-173
400 375 1.88574e-167
425 375 6.27812e-162
450 375 1.57401e-156
475 375 2.9465e-151
500 375 4.08014e-146
525 375 4.1369e-141
550 375 3.03683e-136
575 375 1.59412e-131
600 375 5.90206e-127
625 375 1.51782e-122
650 375 2.66527e-118
675 375 3.13485e-114
700 375 2.4167e-110
725 375 1.19141e-106
750 375 3.65188e-103
775 375 6.73872e-100
800 375 7.2124e-97
825 375 4.28859e-94
850 375 1.3477e-91
875 375 2.11278e-89
900 375 1.54698e-87
925 375 4.91712e-86
950 375 6.28352e-85
975 375 3.00426e-84
1000 375 5.09502e-84
1025 375 3.00426e-84
1050 375 6.28352e-85
1075 375 4.91712e-86
1100 375 1.54698e-87
1125 375 2.11278e-89
1150 375 1.3477e-91
1175 375 4.28859e-94
1200 375 7.2124e-97
1225 375 6.73872e-100
1250 375 3.65188e-103
1275 375 1.19141e-106
1300 375 2.4167e-110
1325 375 3.13485e-114
1350 375 2.66527e-118
1375 375 1.51782e-122
1400 375 5.90206e-127
1425 375 1.59412e-131
1450 375 3.03683e-136
1475 375 4.1369e-141
1500 375 4.08014e-146
1525 375 2.9465e-151
1550 375 1.57401e-156
1575 375 6.27812e-162
1600 375 1.88574e-167
1625 375 4.29898e-173
1650 375 7.49228e-179
1675 375 1.00488e-184
1700 375 1.04362e-190
1725 375 8.44062e-197
1750 375 5.34451e-203
1775 375 2.66245e-209
1800 375 1.04828e-215
1825 375 3.27433e-222
1850 375 8.10702e-229
1875 375 1.55668e-235
1900 375 2.15187e-242
1925 375 1.86659e-249
1950 375 8.60283e-257
1975 375 1.78847e-264
2000 375 1.42424e-272
2025 375 3.5978e-281
2050 375 2.22848e-290
2075 375 2.23465e-300
2100 375 1.56969e-311
2125 375 0
2150 375 0
2175 375 0
2200 375 0
2225 375 0
2250 375 0
2275 375 0
2300 375 0
2325 375 0
2350 375 0
2375 375 0
2400 375 0
2425 375 0
2450 375 0
2475 375 0
2500 375 0
2525 375 0
2550 375 0
2575 375 0
2600 375 0
2625 375 0
2650 375 0
2675 375 0
2700 375 0
2725 375 0
2750 375 0
2775 375 0
2800 375 0
2825 375 0
2850 375 0
2875 375 0
2900 375 0
2925 375 0
2950 375 0
2975 375 0
0 400 0
25 400 9.10317e-258
50 400 2.25564e-250
75 400 2.97914e-243
100 400 2.47684e-236
125 400 1.48751e-229
150 400 6.95499e-223
175 400 2.5887e-216
200 400 7.67912e-210
225 400 1.80918e-203
250 400 3.37092e-197
275 400 4.94452e-191
300 400 5.6816e-185
325 400 5.08736e-179
350 400 3.52954e-173
375 400 1.88574e-167
400 400 7.70722e-162
425 400 2.39244e-156
450 400 5.59653e-151
475 400 9.78207e-146
500 400 1.26572e-140
525 400 1.20007e-135
550 400 8.24469e-131
575 400 4.05382e-126
600 400 1.4071e-121
625 400 3.3957e-117
650 400 5.60119e-113
675 400 6.19534e-109
700 400 4.49681e-105
725 400 2.09006e-101
750 400 6.04906e-98
775 400 1.05578e-94
800 400 1.07098e-91
825 400 6.05021e-89
850 400 1.81168e-86
875 400 2.71624e-84
900 400 1.91094e-82
925 400 5.87105e-81
950 400 7.30748e-80
975 400 3.4354e-79
1000 400 5.79235e-79
1025 400 3.4354e-79
1050 400 7.30748e-80
1075 400 5.87105e-81
1100 400 1.91094e-82
1125 400 2.71624e-84
1150 400 1.81168e-86
1175 400 6.05021e-89
1200 400 1.07098e-91
1225 400 1.05578e-94
1250 400 6.04906e-98
1275 400 2.09006e-101
1300 400 4.49681e-105
1325 400 6.19534e-109
1350 400 5.60119e-113
1375 400 3.3957e-117
1400 400 1.4071e-121
1425 400 4.05382e-126
1450 400 8.24469e-131
1475 400 1.20007e-135
1500 400 1.26572e-140
1525 400 9.78207e-146
1550 400 5.59653e-151
1575 400 2.39244e-156
1600 400 7.70722e-162
1625 400 1.88574e-167
1650 400 3.52954e-173
1675 400 5.08736e-179
1700 400 5.6816e-185
1725 400 4.94452e-191
1750 400 3.37092e-197
1775 400 1.80918e-203
1800 400 7.67912e-210
1825 400 2.5887e-216
1850 400 6.95499e-223
1875 400 1.48751e-229
1900 400 2.47684e-236
1925 400 2.97914e-243
1950 400 2.25564e-250
1975 400 9.10317e-258
2000 400 1.6626e-265
2025 400 1.16703e-273
2050 400 2.60698e-282
2075 400 1.43247e-291
2100 400 1.27817e-301
2125 400 8.01248e-313
2150 400 0
2175 400 0
2200 400 0
2225 400 0
2250 400 0
2275 400 0
2300 400 0
2325 400 0
2350 400 0
2375 400 0
2400 400 0
2425 400 0
2450 400 0
2475 400 0
2500 400 0
2525 400 0
2550 400 0
2575 400 0
2600 400 0
2625 400 0
2650 400 0
2675 400 0
2700 400 0
2725 400 0
2750 400 0
2775 400 0
2800 400 0
2825 400 0
2850 400 0
2875 400 0
2900 400 0
2925 400 0
2950 400 0
2975 400 0
0 425 0
25 425 1.94551e-251
50 425 2.93439e-244
75 425 2.7941e-237
100 425 1.92782e-230
125 425 1.03926e-223
150 425 4.47795e-217
175 425 1.54438e-210
200 425 4.24977e-204
225 425 9.29382e-198
250 425 1.60837e-191
275 425 2.19256e-185
300 425 2.34293e-179
325 425 1.95218e-173
350 425 1.26114e-167
375 425 6.27812e-162
400 425 2.39244e-156
425 425 6.92917e-151
450 425 1.51343e-145
475 425 2.47168e-140
500 425 2.9905e-135
525 425 2.6534e-130
550 425 1.7073e-125
575 425 7.86892e-121
600 425 2.56261e-116
625 425 5.80782e-112
650 425 9.00614e-108
675 425 9.37529e-104
700 425 6.41237e-100
725 425 2.81227e-96
750 425 7.69197e-93
775 425 1.27097e-89
800 425 1.22306e-86
825 425 6.57042e-84
850 425 1.87649e-81
875 425 2.69319e-79
900 425 1.82218e-77
925 425 5.41588e-76
950 425 6.57036e-75
975 425 3.03868e-74
1000 425 5.09455e-74
1025 425 3.03868e-74
1050 425 6.57036e-75
1075 425 5.41588e-76
1100 425 1.82218e-77
1125 425 2.69319e-79
1150 425 1.87649e-81
1175 425 6.57042e-84
1200 425 1.22306e-86
1225 425 1.27097e-89
1250 425 7.69197e-93
1275 425 2.81227e-96
1300 425 6.41237e-100
1325 425 9.37529e-104
1350 425 9.00614e-108
1375 425 5.80782e-112
1400 425 2.56261e-116
1425 425 7.86892e-121
1450 425 1.7073e-125
1475 425 2.6534e-130
1500 425 2.9905e-135
1525 425 2.47168e-140
1550 425 1.51343e-145
1575 425 6.92917e-151
1600 425 2.39244e-156
1625 425 6.27812e-162
1650 425 1.26114e-167
1675 425 1.95218e-173
1700 425 2.34293e-179
1725 425 2.19256e-185
1750 425 1.60837e-191
1775 425 9.29382e-198
1800 425 4.24977e-204
1825 425 1.54438e-210
1850 425 4.47795e-217
1875 425 1.03926e-223
1900 425 1.92782e-230
1925 425 2.7941e-237
1950 425 2.93439e-244
1975 425 1.94551e-251
2000 425 6.8959e-259
2025 425 1.10964e-266
2050 425 6.88436e-275
2075 425 1.36358e-283
2100 425 6.66395e-293
2125 425 5.3043e-303
2150 425 2.97473e-314
2175 425 0
2200 425 0
2225 425 0
2250 425 0
2275 425 0
2300 425 0
2325 425 0
2350 425 0
2375 425 0
2400 425 0
2425 425 0
2450 425 0
2475 425 0
2500 425 0
2525 425 0
2550 425 0
2575 425 0
2600 425 0
2625 425 0
2650 425 0
2675 425 0
2700 425 0
2725 425 0
2750 425 0
2775 425 0
2800 425 0
2825 425 0
2850 425 0
2875 425 0
2900 425 0
2925 425 0
2950 425 0
2975 425 0
0 450 0
25 450 2.0455e-245
50 450 2.22343e-238
75 450 1.75619e-231
100 450 1.08744e-224
125 450 5.4022e-218
150 450 2.15691e-211
175 450 6.90098e-205
200 450 1.7628e-198
225 450 3.58076e-192
250 450 5.75939e-186
275 450 7.30167e-180
300 450 7.2608e-174
325 450 5.63347e-168
350 450 3.39106e-162
375 450 1.57401e-156
400 450 5.59653e-151
425 450 1.51343e-145
450 450 3.08855e-140
475 450 4.7165e-135
500 450 5.33997e-130
525 450 4.43719e-125
550 450 2.67601e-120
575 450 1.15702e-115
600 450 3.538e-111
625 450 7.53639e-107
650 450 1.09956e-102
675 450 1.07818e-98
700 450 6.95491e-95
725 450 2.8807e-91
750 450 7.45282e-88
775 450 1.1669e-84
800 450 1.06625e-81
825 450 5.45234e-79
850 450 1.48663e-76
875 450 2.04448e-74
900 450 1.33157e-72
925 450 3.83205e-71
950 450 4.53457e-70
975 450 2.06412e-69
1000 450 3.44171e-69
1025 450 2.06412e-69
1050 450 4.53457e-70
1075 450 3.83205e-71
1100 450 1.33157e-72
1125 450 2.04448e-74
1150 450 1.48663e-76
1175 450 5.45234e-79
1200 450 1.06625e-81
1225 450 1.1669e-84
1250 450 7.45282e-88
1275 450 2.8807e-91
1300 450 6.95491e-95
1325 450 1.07818e-98
1350 450 1.09956e-102
1375 450 7.53639e-107
1400 450 3.538e-111
1425 450 1.15702e-115
1450 450 2.67601e-120
1475 450 4.43719e-125
1500 450 5.33997e-130
1525 450 4.7165e-135
1550 450 3.08855e-140
1575 450 1.51343e-145
1600 450 5.59653e-151
1625 450 1.57401e-156
1650 450 3.39106e-162
1675 450 5.63347e-168
1700 450 7.2608e-174
1725 450 7.30167e-180
1750 450 5.75939e-186
1775 450 3.58076e-192
1800 450 1.7628e-198
1825 450 6.90098e-205
1850 450 2.15691e-211
1875 450 5.4022e-218
1900 450 1.08744e-224
1925 450 1.75619e-231
1950 450 2.22343e-238
1975 450 2.0455e-245
2000 450 1.19112e-252
2025 450 3.71848e-260
2050 450 5.28588e-268
2075 450 2.90607e-276
2100 450 5.11654e-285
2125 450 2.22942e-294
2150 450 1.5868e-304
2175 450 7.97989e-316
2200 450 0
2225 450 0
2250 450 0
2275 450 0
2300 450 0
2325 450 0
2350 450 0
2375 450 0
2400 450 0
2425 450 0
2450 450 0
2475 450 0
2500 450 0
2525 450 0
2550 450 0
2575 450 0
2600 450 0
2625 450 0
2650 450 0
2675 450 0
2700 450 0
2725 450 0
2750 450 0
2775 450 0
2800 450 0
2825 450 0
2850 450 0
2875 450 0
2900 450 0
2925 450 0
2950 450 0
2975 450 0
0 475 0
25 475 1.24056e-239
50 475 1.11801e-232
75 475 7.92301e-226
100 475 4.52084e-219
125 475 2.08121e-212
150 475 7.7092e-206
175 475 2.28979e-199
200 475 5.43323e-193
225 475 1.02581e-186
250 475 1.53452e-180
275 475 1.81049e-174
300 475 1.67654e-168
325 475 1.2121e-162
350 475 6.80332e-157
375 475 2.9465e-151
400 475 9.78207e-146
425 475 2.47168e-140
450 475 4.7165e-135
475 475 6.73977e-130
500 475 7.14595e-125
525 475 5.56514e-120
550 475 3.14824e-115
575 475 1.27796e-110
600 475 3.67229e-106
625 475 7.35833e-102
650 475 1.01096e-97
675 475 9.34566e-94
700 475 5.69069e-90
725 475 2.22811e-86
750 475 5.45771e-83
775 475 8.10513e-80
800 475 7.03924e-77
825 475 3.4298e-74
850 475 8.93717e-72
875 475 1.17891e-69
900 475 7.39856e-68
925 475 2.06348e-66
950 475 2.38351e-65
975 475 1.06842e-64
1000 475 1.77207e-64
1025 475 1.06842e-64
1050 475 2.38351e-65
1075 475 2.06348e-66
1100 475 7.39856e-68
1125 475 1.17891e-69
1150 475 8.93717e-72
1175 475 3.4298e-74
1200 475 7.03924e-77
1225 475 8.10513e-80
1250 475 5.45771e-83
1275 475 2.22811e-86
1300 475 5.69069e-90
1325 475 9.34566e-94
1350 475 1.01096e-97
1375 475 7.35833e-102
1400 475 3.67229e-106
1425 475 1.27796e-110
1450 475 3.14824e-115
1475 475 5.56514e-120
1500 475 7.14595e-125
1525 475 6.73977e-130
1550 475 4.7165e-135
1575 475 2.47168e-140
1600 475 9.78207e-146
1625 475 2.9465e-151
1650 475 6.80332e-157
