0 0 0
25 0 0
50 0 0
75 0 0
100 0 0
125 0 0
150 0 0
175 0 0
200 0 0
225 0 0
250 0 0
275 0 0
300 0 0
325 0 0
350 0 0
375 0 0
400 0 0
425 0 0
450 0 0
475 0 0
500 0 0
525 0 0
550 0 0
575 0 0
600 0 0
625 0 0
650 0 0
675 0 0
700 0 0
725 0 0
750 0 0
775 0 0
800 0 0
825 0 0
850 0 0
875 0 0
900 0 0
925 0 0
950 0 0
975 0 0
1000 0 0
1025 0 0
1050 0 0
1075 0 0
1100 0 0
1125 0 0
1150 0 0
1175 0 0
1200 0 0
1225 0 0
1250 0 0
1275 0 0
1300 0 0
1325 0 0
1350 0 0
1375 0 0
1400 0 0
1425 0 0
1450 0 0
1475 0 0
1500 0 0
1525 0 0
1550 0 0
1575 0 0
1600 0 0
1625 0 0
1650 0 0
1675 0 0
1700 0 0
1725 0 0
1750 0 0
1775 0 0
1800 0 0
1825 0 0
1850 0 0
1875 0 0
1900 0 0
1925 0 0
1950 0 0
1975 0 0
2000 0 0
2025 0 0
2050 0 0
2075 0 0
2100 0 0
2125 0 0
2150 0 0
2175 0 0
2200 0 0
2225 0 0
2250 0 0
2275 0 0
2300 0 0
2325 0 0
2350 0 0
2375 0 0
2400 0 0
2425 0 0
2450 0 0
2475 0 0
2500 0 0
2525 0 0
2550 0 0
2575 0 0
2600 0 0
2625 0 0
2650 0 0
2675 0 0
2700 0 0
2725 0 0
2750 0 0
2775 0 0
2800 0 0
2825 0 0
2850 0 0
2875 0 0
2900 0 0
2925 0 0
2950 0 0
2975 0 0
0 25 0
25 25 -3.70599e-08
50 25 -7.59678e-08
75 25 -1.18804e-07
100 25 -1.6817e-07
125 25 -2.27614e-07
150 25 -3.02334e-07
175 25 -4.00444e-07
200 25 -5.35465e-07
225 25 -7.31659e-07
250 25 -1.03702e-06
275 25 -1.56211e-06
300 25 -2.64221e-06
325 25 -5.32956e-06
350 25 -9.75428e-06
375 25 -5.11098e-06
400 25 2.23369e-05
425 25 4.30582e-05
450 25 1.93148e-05
475 25 -1.57782e-05
500 25 -2.20281e-05
525 25 -1.12166e-05
550 25 -3.20467e-06
575 25 -5.5494e-07
600 25 -3.62462e-08
625 25 2.92256e-08
650 25 3.42153e-08
675 25 3.38377e-08
700 25 3.31908e-08
725 25 3.25974e-08
750 25 3.20681e-08
775 25 3.15995e-08
800 25 3.11883e-08
825 25 3.08317e-08
850 25 3.05273e-08
875 25 3.02729e-08
900 25 3.00671e-08
925 25 2.99083e-08
950 25 2.97956e-08
975 25 2.97283e-08
1000 25 2.97059e-08
1025 25 2.97283e-08
1050 25 2.97956e-08
1075 25 2.99083e-08
1100 25 3.00671e-08
1125 25 3.02729e-08
1150 25 3.05273e-08
1175 25 3.08317e-08
1200 25 3.11883e-08
1225 25 3.15995e-08
1250 25 3.20681e-08
1275 25 3.25974e-08
1300 25 3.31914e-08
1325 25 3.38544e-08
1350 25 3.45915e-08
1375 25 3.54085e-08
1400 25 3.63122e-08
1425 25 3.73101e-08
1450 25 3.84112e-08
1475 25 3.96254e-08
1500 25 4.09644e-08
1525 25 4.24416e-08
1550 25 4.40725e-08
1575 25 4.58752e-08
1600 25 4.78705e-08
1625 25 5.0083e-08
1650 25 5.25416e-08
1675 25 5.52802e-08
1700 25 5.8339e-08
1725 25 6.17663e-08
1750 25 6.56196e-08
1775 25 6.99688e-08
1800 25 7.48986e-08
1825 25 8.0513e-08
1850 25 8.69406e-08
1875 25 9.43417e-08
1900 25 1.02919e-07
1925 25 1.12929e-07
1950 25 1.24705e-07
1975 25 1.38681e-07
2000 25 1.55434e-07
2025 25 1.75741e-07
2050 25 2.00673e-07
2075 25 2.31733e-07
2100 25 2.71089e-07
2125 25 3.21956e-07
2150 25 3.89274e-07
2175 25 4.80957e-07
2200 25 6.10364e-07
2225 25 8.01628e-07
2250 25 1.10264e-06
2275 25 1.62388e-06
2300 25 2.70055e-06
2325 25 5.38484e-06
2350 25 9.80682e-06
2375 25 5.16106e-06
2400 25 -2.2289e-05
2425 25 -4.30123e-05
2450 25 -1.92707e-05
2475 25 1.58207e-05
2500 25 2.20691e-05
2525 25 1.12563e-05
2550 25 3.24308e-06
2575 25 5.9225e-07
2600 25 7.25584e-08
2625 25 6.18289e-09
2650 25 3.76204e-10
2675 25 1.66854e-11
2700 25 5.48655e-13
2725 25 1.35694e-14
2750 25 2.55586e-16
2775 25 3.70674e-18
2800 25 4.17991e-20
2825 25 3.69718e-22
2850 25 2.58554e-24
2875 25 1.43995e-26
2900 25 6.4288e-29
2925 25 2.31495e-31
2950 25 6.76115e-34
2975 25 1.60992e-36
0 50 0
25 50 -7.59678e-08
50 50 -1.5582e-07
75 50 -2.43946e-07
100 50 -3.45876e-07
125 50 -4.69229e-07
150 50 -6.25314e-07
175 50 -8.32095e-07
200 50 -1.12022e-06
225 50 -1.54667e-06
250 50 -2.23168e-06
275 50 -3.49348e-06
300 50 -6.32002e-06
325 50 -1.19996e-05
350 50 -1.46662e-05
375 50 3.55748e-06
400 50 4.24783e-05
425 50 6.2349e-05
450 50 3.20839e-05
475 50 -1.79252e-05
500 50 -3.64192e-05
525 50 -2.36403e-05
550 50 -8.48217e-06
575 50 -1.85874e-06
600 50 -2.16548e-07
625 50 4.13863e-08
650 50 6.73819e-08
675 50 6.79494e-08
700 50 6.67217e-08
725 50 6.55281e-08
750 50 6.44607e-08
775 50 6.35159e-08
800 50 6.26868e-08
825 50 6.19679e-08
850 50 6.13542e-08
875 50 6.08415e-08
900 50 6.04265e-08
925 50 6.01065e-08
950 50 5.98794e-08
975 50 5.97437e-08
1000 50 5.96985e-08
1025 50 5.97437e-08
1050 50 5.98794e-08
1075 50 6.01065e-08
1100 50 6.04265e-08
1125 50 6.08415e-08
1150 50 6.13542e-08
1175 50 6.19679e-08
1200 50 6.26868e-08
1225 50 6.35159e-08
1250 50 6.44608e-08
1275 50 6.55282e-08
1300 50 6.67261e-08
1325 50 6.80633e-08
1350 50 6.95501e-08
1375 50 7.11984e-08
1400 50 7.30217e-08
1425 50 7.50356e-08
1450 50 7.72579e-08
1475 50 7.9709e-08
1500 50 8.24126e-08
1525 50 8.53959e-08
1550 50 8.86904e-08
1575 50 9.23328e-08
1600 50 9.63656e-08
1625 50 1.00839e-07
1650 50 1.05811e-07
1675 50 1.11352e-07
1700 50 1.17543e-07
1725 50 1.24484e-07
1750 50 1.32291e-07
1775 50 1.41108e-07
1800 50 1.51108e-07
1825 50 1.62504e-07
1850 50 1.75562e-07
1875 50 1.90611e-07
1900 50 2.08069e-07
1925 50 2.28468e-07
1950 50 2.52498e-07
1975 50 2.81061e-07
2000 50 3.15361e-07
2025 50 3.57029e-07
2050 50 4.08318e-07
2075 50 4.72414e-07
2100 50 5.53945e-07
2125 50 6.59841e-07
2150 50 8.00876e-07
2175 50 9.946e-07
2200 50 1.27132e-06
2225 50 1.68778e-06
2250 50 2.36397e-06
2275 50 3.61796e-06
2300 50 6.43756e-06
2325 50 1.2111e-05
2350 50 1.4772e-05
2375 50 -3.45664e-06
2400 50 -4.23819e-05
2425 50 -6.22567e-05
2450 50 -3.19952e-05
2475 50 1.80106e-05
2500 50 3.65016e-05
2525 50 2.372e-05
2550 50 8.55943e-06
2575 50 1.93378e-06
2600 50 2.8957e-07
2625 50 2.98121e-08
2650 50 2.16822e-09
2675 50 1.13835e-10
2700 50 4.39254e-12
2725 50 1.26495e-13
2750 50 2.75504e-15
2775 50 4.59163e-17
2800 50 5.91712e-19
2825 50 5.95134e-21
2850 50 4.71131e-23
2875 50 2.95813e-25
2900 50 1.48347e-27
2925 50 5.9802e-30
2950 50 1.94935e-32
2975 50 5.166e-35
0 75 0
25 75 -1.18804e-07
50 75 -2.43946e-07
75 75 -3.82638e-07
100 75 -5.44084e-07
125 75 -7.41191e-07
150 75 -9.93568e-07
175 75 -1.33334e-06
200 75 -1.81779e-06
225 75 -2.56141e-06
250 75 -3.84404e-06
275 75 -6.50305e-06
300 75 -1.20241e-05
325 75 -1.71779e-05
350 75 -6.77393e-06
375 75 2.5006e-05
400 75 5.2389e-05
425 75 5.53103e-05
450 75 3.49204e-05
475 75 -5.38233e-06
500 75 -3.71969e-05
525 75 -3.52554e-05
550 75 -1.70519e-05
575 75 -4.89449e-06
600 75 -8.31073e-07
625 75 -1.14285e-08
650 75 9.47709e-08
675 75 1.02335e-07
700 75 1.00928e-07
725 75 9.91345e-08
750 75 9.7512e-08
775 75 9.60752e-08
800 75 9.48148e-08
825 75 9.37218e-08
850 75 9.27889e-08
875 75 9.20096e-08
900 75 9.13789e-08
925 75 9.08925e-08
950 75 9.05473e-08
975 75 9.03411e-08
1000 75 9.02725e-08
1025 75 9.03411e-08
1050 75 9.05473e-08
1075 75 9.08925e-08
1100 75 9.13789e-08
1125 75 9.20096e-08
1150 75 9.27889e-08
1175 75 9.37218e-08
1200 75 9.48148e-08
1225 75 9.60752e-08
1250 75 9.7512e-08
1275 75 9.91355e-08
1300 75 1.00957e-07
1325 75 1.02992e-07
1350 75 1.05254e-07
1375 75 1.07763e-07
1400 75 1.10538e-07
1425 75 1.13605e-07
1450 75 1.1699e-07
1475 75 1.20724e-07
1500 75 1.24845e-07
1525 75 1.29393e-07
1550 75 1.34418e-07
1575 75 1.39976e-07
1600 75 1.46133e-07
1625 75 1.52966e-07
1650 75 1.60566e-07
1675 75 1.6904e-07
1700 75 1.78516e-07
1725 75 1.89146e-07
1750 75 2.01114e-07
1775 75 2.14643e-07
1800 75 2.30004e-07
1825 75 2.47532e-07
1850 75 2.67641e-07
1875 75 2.90853e-07
1900 75 3.17826e-07
1925 75 3.49406e-07
1950 75 3.86692e-07
1975 75 4.31132e-07
2000 75 4.84664e-07
2025 75 5.49936e-07
2050 75 6.30638e-07
2075 75 7.32044e-07
2100 75 8.61909e-07
2125 75 1.03204e-06
2150 75 1.26121e-06
2175 75 1.58087e-06
2200 75 2.04779e-06
2225 75 2.77605e-06
2250 75 4.04516e-06
2275 75 6.69219e-06
2300 75 1.22026e-05
2325 75 1.73469e-05
2350 75 6.93449e-06
2375 75 -2.4853e-05
2400 75 -5.22429e-05
2425 75 -5.51704e-05
2450 75 -3.47859e-05
2475 75 5.51172e-06
2500 75 3.73218e-05
2525 75 3.53761e-05
2550 75 1.71689e-05
2575 75 5.00809e-06
2600 75 9.41611e-07
2625 75 1.19191e-07
2650 75 1.04833e-08
2675 75 6.56697e-10
2700 75 2.98975e-11
2725 75 1.00626e-12
2750 75 2.54072e-14
2775 75 4.87448e-16
2800 75 7.18669e-18
2825 75 8.22485e-20
2850 75 7.37314e-22
2875 75 5.21977e-24
2900 75 2.94004e-26
2925 75 1.32651e-28
2950 75 4.82424e-31
2975 75 1.42227e-33
0 100 0
25 100 -1.6817e-07
50 100 -3.45876e-07
75 100 -5.44084e-07
100 100 -7.7706e-07
125 100 -1.06536e-06
150 100 -1.44137e-06
175 100 -1.96078e-06
200 100 -2.73084e-06
225 100 -3.99985e-06
250 100 -6.48355e-06
275 100 -1.16429e-05
300 100 -1.7792e-05
325 100 -1.20438e-05
350 100 1.53706e-05
375 100 4.33641e-05
400 100 4.7028e-05
425 100 3.67377e-05
450 100 2.95724e-05
475 100 1.12094e-05
500 100 -2.38672e-05
525 100 -4.06891e-05
550 100 -2.80199e-05
575 100 -1.07133e-05
600 100 -2.44818e-06
625 100 -2.61693e-07
650 100 9.85949e-08
675 100 1.35765e-07
700 100 1.36084e-07
725 100 1.33775e-07
750 100 1.31575e-07
775 100 1.29622e-07
800 100 1.27909e-07
825 100 1.26424e-07
850 100 1.25156e-07
875 100 1.24098e-07
900 100 1.23241e-07
925 100 1.2258e-07
950 100 1.22112e-07
975 100 1.21832e-07
1000 100 1.21738e-07
1025 100 1.21832e-07
1050 100 1.22112e-07
1075 100 1.2258e-07
1100 100 1.23241e-07
1125 100 1.24098e-07
1150 100 1.25156e-07
1175 100 1.26424e-07
1200 100 1.27909e-07
1225 100 1.29622e-07
1250 100 1.31575e-07
1275 100 1.33782e-07
1300 100 1.3626e-07
1325 100 1.39027e-07
1350 100 1.42105e-07
1375 100 1.45519e-07
1400 100 1.49298e-07
1425 100 1.53474e-07
1450 100 1.58085e-07
1475 100 1.63176e-07
1500 100 1.68795e-07
1525 100 1.75001e-07
1550 100 1.81861e-07
1575 100 1.89454e-07
1600 100 1.97871e-07
1625 100 2.07218e-07
1650 100 2.17624e-07
1675 100 2.29237e-07
1700 100 2.42236e-07
1725 100 2.56835e-07
1750 100 2.73292e-07
1775 100 2.9192e-07
1800 100 3.13105e-07
1825 100 3.37319e-07
1850 100 3.65154e-07
1875 100 3.97353e-07
1900 100 4.34865e-07
1925 100 4.78911e-07
1950 100 5.31089e-07
1975 100 5.93519e-07
2000 100 6.69067e-07
2025 100 7.61689e-07
2050 100 8.76965e-07
2075 100 1.02299e-06
2100 100 1.21193e-06
2125 100 1.46272e-06
2150 100 1.80652e-06
2175 100 2.2981e-06
2200 100 3.04395e-06
2225 100 4.29177e-06
2250 100 6.75684e-06
2275 100 1.18997e-05
2300 100 1.80343e-05
2325 100 1.2273e-05
2350 100 -1.51529e-05
2375 100 -4.31569e-05
2400 100 -4.68301e-05
2425 100 -3.65482e-05
2450 100 -2.93905e-05
2475 100 -1.10344e-05
2500 100 2.4036e-05
2525 100 4.08523e-05
2550 100 2.8178e-05
2575 100 1.08668e-05
2600 100 2.59747e-06
2625 100 4.07212e-07
2650 100 4.35098e-08
2675 100 3.26145e-09
2700 100 1.75517e-10
2725 100 6.9121e-12
2750 100 2.02455e-13
2775 100 4.47253e-15
2800 100 7.54419e-17
2825 100 9.82246e-19
2850 100 9.96751e-21
2875 100 7.95246e-23
2900 100 5.028e-25
2925 100 2.53742e-27
2950 100 1.02885e-29
2975 100 3.37189e-32
0 125 0
25 125 -2.27614e-07
50 125 -4.69229e-07
75 125 -7.41191e-07
100 125 -1.06536e-06
125 125 -1.47452e-06
150 125 -2.02308e-06
175 125 -2.81256e-06
200 125 -4.06911e-06
225 125 -6.42301e-06
250 125 -1.12497e-05
275 125 -1.7755e-05
300 125 -1.50816e-05
325 125 8.67315e-06
350 125 3.80301e-05
375 125 4.51968e-05
400 125 3.22006e-05
425 125 2.06871e-05
450 125 2.12252e-05
475 125 2.10788e-05
500 125 -3.42765e-06
525 125 -3.51056e-05
550 125 -3.75828e-05
575 125 -1.96277e-05
600 125 -5.91663e-06
625 125 -1.00986e-06
650 125 2.47291e-08
675 125 1.62573e-07
700 125 1.72147e-07
725 125 1.69821e-07
750 125 1.67032e-07
775 125 1.6453e-07
800 125 1.62335e-07
825 125 1.60433e-07
850 125 1.58809e-07
875 125 1.57453e-07
900 125 1.56356e-07
925 125 1.5551e-07
950 125 1.5491e-07
975 125 1.54552e-07
1000 125 1.54432e-07
1025 125 1.54552e-07
1050 125 1.5491e-07
1075 125 1.5551e-07
1100 125 1.56356e-07
1125 125 1.57453e-07
1150 125 1.58809e-07
1175 125 1.60433e-07
1200 125 1.62335e-07
1225 125 1.6453e-07
1250 125 1.67033e-07
1275 125 1.69863e-07
1300 125 1.7304e-07
1325 125 1.76589e-07
1350 125 1.80539e-07
1375 125 1.84922e-07
1400 125 1.89775e-07
1425 125 1.95141e-07
1450 125 2.0107e-07
1475 125 2.07618e-07
1500 125 2.1485e-07
1525 125 2.22844e-07
1550 125 2.31687e-07
1575 125 2.41483e-07
1600 125 2.52351e-07
1625 125 2.64434e-07
1650 125 2.77898e-07
1675 125 2.92944e-07
1700 125 3.09808e-07
1725 125 3.28775e-07
1750 125 3.50192e-07
1775 125 3.7448e-07
1800 125 4.02156e-07
1825 125 4.33863e-07
1850 125 4.70407e-07
1875 125 5.12807e-07
1900 125 5.62369e-07
1925 125 6.20791e-07
1950 125 6.90312e-07
1975 125 7.73933e-07
2000 125 8.75763e-07
2025 125 1.00155e-06
2050 125 1.15954e-06
2075 125 1.36198e-06
2100 125 1.62773e-06
2125 125 1.98733e-06
2150 125 2.49349e-06
2175 125 3.24642e-06
2200 125 4.47126e-06
2225 125 6.79749e-06
2250 125 1.15999e-05
2275 125 1.80838e-05
2300 125 1.53914e-05
2325 125 -8.38021e-06
2350 125 -3.77522e-05
2375 125 -4.49324e-05
2400 125 -3.19482e-05
2425 125 -2.04456e-05
2450 125 -2.09935e-05
2475 125 -2.08559e-05
2500 125 3.6425e-06
2525 125 3.53132e-05
2550 125 3.77838e-05
2575 125 1.98229e-05
2600 125 6.1064e-06
2625 125 1.19478e-06
2650 125 1.5581e-07
2675 125 1.40164e-08
2700 125 8.93218e-10
2725 125 4.12013e-11
2750 125 1.4006e-12
2775 125 3.56322e-14
2800 125 6.87525e-16
2825 125 1.01798e-17
2850 125 1.16874e-19
2875 125 1.05019e-21
2900 125 7.44782e-24
2925 125 4.20064e-26
2950 125 1.89733e-28
2975 125 6.90615e-31
0 150 0
25 150 -3.02334e-07
50 150 -6.25314e-07
75 150 -9.93568e-07
100 150 -1.44137e-06
125 150 -2.02308e-06
150 150 -2.83696e-06
175 150 -4.09557e-06
200 150 -6.37472e-06
225 150 -1.09614e-05
250 150 -1.75365e-05
275 150 -1.68095e-05
300 150 3.90878e-06
325 150 3.37437e-05
350 150 4.46824e-05
375 150 3.30064e-05
400 150 1.79851e-05
425 150 1.15393e-05
450 150 1.42588e-05
475 150 2.17607e-05
500 150 1.38808e-05
525 150 -1.90674e-05
550 150 -4.03363e-05
575 150 -3.00932e-05
600 150 -1.20316e-05
625 150 -2.79652e-06
650 150 -2.62685e-07
675 150 1.63761e-07
700 150 2.07791e-07
725 150 2.07602e-07
750 150 2.04304e-07
775 150 2.01215e-07
800 150 1.98499e-07
825 150 1.96145e-07
850 150 1.94137e-07
875 150 1.92461e-07
900 150 1.91105e-07
925 150 1.90059e-07
950 150 1.89317e-07
975 150 1.88874e-07
1000 150 1.88726e-07
1025 150 1.88874e-07
1050 150 1.89317e-07
1075 150 1.90059e-07
1100 150 1.91105e-07
1125 150 1.92461e-07
1150 150 1.94137e-07
1175 150 1.96145e-07
1200 150 1.98499e-07
1225 150 2.01215e-07
1250 150 2.04313e-07
1275 150 2.07816e-07
1300 150 2.11751e-07
1325 150 2.16149e-07
1350 150 2.21046e-07
1375 150 2.26482e-07
1400 150 2.32504e-07
1425 150 2.39167e-07
1450 150 2.46534e-07
1475 150 2.54675e-07
1500 150 2.63676e-07
1525 150 2.73633e-07
1550 150 2.84657e-07
1575 150 2.96882e-07
1600 150 3.10462e-07
1625 150 3.25578e-07
1650 150 3.42446e-07
1675 150 3.61324e-07
1700 150 3.82519e-07
1725 150 4.06404e-07
1750 150 4.33429e-07
1775 150 4.64149e-07
1800 150 4.99246e-07
1825 150 5.39576e-07
1850 150 5.86213e-07
1875 150 6.40529e-07
1900 150 7.043e-07
1925 150 7.79853e-07
1950 150 8.7029e-07
1975 150 9.7983e-07
2000 150 1.11434e-06
2025 150 1.28216e-06
2050 150 1.4956e-06
2075 150 1.77342e-06
2100 150 2.14567e-06
2125 150 2.66361e-06
2150 150 3.42318e-06
2175 150 4.63515e-06
2200 150 6.87396e-06
2225 150 1.14256e-05
2250 150 1.797e-05
2275 150 1.72159e-05
2300 150 -3.52626e-06
2325 150 -3.33824e-05
2350 150 -4.43399e-05
2375 150 -3.26808e-05
2400 150 -1.76746e-05
2425 150 -1.12424e-05
2450 150 -1.39742e-05
2475 150 -2.1487e-05
2500 150 -1.36171e-05
2525 150 1.9322e-05
2550 150 4.05828e-05
2575 150 3.03324e-05
2600 150 1.22641e-05
2625 150 3.023e-06
2650 150 4.83731e-07
2675 150 5.23883e-08
2700 150 3.96061e-09
2725 150 2.14189e-10
2750 150 8.45381e-12
2775 150 2.47668e-13
2800 150 5.4646e-15
2825 150 9.19641e-17
2850 150 1.19371e-18
2875 150 1.20704e-20
2900 150 9.59303e-23
2925 150 6.04096e-25
2950 150 3.03635e-27
2975 150 1.22619e-29
0 175 0
25 175 -4.00444e-07
50 175 -8.32095e-07
75 175 -1.33334e-06
100 175 -1.96078e-06
125 175 -2.81256e-06
150 175 -4.09557e-06
175 175 -6.3571e-06
200 175 -1.08128e-05
225 175 -1.73461e-05
250 175 -1.77287e-05
275 175 7.29926e-07
300 175 3.03785e-05
325 175 4.41893e-05
350 175 3.44796e-05
375 175 1.84644e-05
400 175 9.36995e-06
425 175 7.43543e-06
450 175 9.98092e-06
475 175 1.74271e-05
500 175 2.18589e-05
525 175 6.87354e-07
550 175 -3.28207e-05
575 175 -3.83585e-05
600 175 -2.0788e-05
625 175 -6.34976e-06
650 175 -1.04398e-06
675 175 8.70803e-08
700 175 2.37531e-07
725 175 2.47167e-07
750 175 2.43855e-07
775 175 2.40147e-07
800 175 2.36861e-07
825 175 2.34013e-07
850 175 2.31584e-07
875 175 2.29556e-07
900 175 2.27916e-07
925 175 2.26652e-07
950 175 2.25755e-07
975 175 2.25219e-07
1000 175 2.25041e-07
1025 175 2.25219e-07
1050 175 2.25755e-07
1075 175 2.26652e-07
1100 175 2.27916e-07
1125 175 2.29556e-07
1150 175 2.31584e-07
1175 175 2.34013e-07
1200 175 2.36861e-07
1225 175 2.40148e-07
1250 175 2.43899e-07
1275 175 2.48143e-07
1300 175 2.52912e-07
1325 175 2.58244e-07
1350 175 2.64184e-07
1375 175 2.70782e-07
1400 175 2.78098e-07
1425 175 2.86197e-07
1450 175 2.95159e-07
1475 175 3.05073e-07
1500 175 3.16044e-07
1525 175 3.28192e-07
1550 175 3.4166e-07
1575 175 3.56613e-07
1600 175 3.73247e-07
1625 175 3.91791e-07
1650 175 4.12522e-07
1675 175 4.35766e-07
1700 175 4.61918e-07
1725 175 4.91457e-07
1750 175 5.24969e-07
1775 175 5.63173e-07
1800 175 6.06965e-07
1825 175 6.57472e-07
1850 175 7.16125e-07
1875 175 7.84767e-07
1900 175 8.65806e-07
1925 175 9.62439e-07
1950 175 1.07899e-06
1975 175 1.22144e-06
2000 175 1.39828e-06
2025 175 1.62189e-06
2050 175 1.91109e-06
2075 175 2.29578e-06
2100 175 2.82659e-06
2125 175 3.59733e-06
2150 175 4.8117e-06
2175 175 7.01457e-06
2200 175 1.14198e-05
2225 175 1.79093e-05
2250 175 1.82536e-05
2275 175 -2.38468e-07
2300 175 -2.99166e-05
2325 175 -4.37536e-05
2350 175 -3.4067e-05
2375 175 -1.80726e-05
2400 175 -8.9967e-06
2425 175 -7.07882e-06
2450 175 -9.63926e-06
2475 175 -1.70989e-05
2500 175 -2.15429e-05
2525 175 -3.8228e-07
2550 175 3.31159e-05
2575 175 3.86447e-05
2600 175 2.10661e-05
2625 175 6.62054e-06
2650 175 1.30817e-06
2675 175 1.71164e-07
2700 175 1.5381e-08
2725 175 9.76131e-10
2750 175 4.4744e-11
2775 175 1.50927e-12
2800 175 3.80616e-14
2825 175 7.27517e-16
2850 175 1.06671e-17
2875 175 1.21257e-19
2900 175 1.07881e-21
2925 175 7.57635e-24
2950 175 4.23261e-26
2975 175 1.89406e-28
0 200 0
25 200 -5.35465e-07
50 200 -1.12022e-06
75 200 -1.81779e-06
100 200 -2.73084e-06
125 200 -4.06911e-06
150 200 -6.37472e-06
175 200 -1.08128e-05
200 200 -1.72742e-05
225 200 -1.81233e-05
250 200 -1.08499e-06
275 200 2.80535e-05
300 200 4.36771e-05
325 200 3.57593e-05
350 200 1.95012e-05
375 200 9.02129e-06
400 200 5.57734e-06
425 200 5.71179e-06
450 200 7.66925e-06
475 200 1.27007e-05
500 200 2.13198e-05
525 200 1.58907e-05
550 200 -1.6651e-05
575 200 -3.9909e-05
600 200 -3.05856e-05
625 200 -1.2271e-05
650 200 -2.78503e-06
675 200 -1.87835e-07
700 200 2.44533e-07
725 200 2.87504e-07
750 200 2.86147e-07
775 200 2.81869e-07
800 200 2.77954e-07
825 200 2.74557e-07
850 200 2.7166e-07
875 200 2.69243e-07
900 200 2.67288e-07
925 200 2.65781e-07
950 200 2.64712e-07
975 200 2.64074e-07
1000 200 2.63862e-07
1025 200 2.64074e-07
1050 200 2.64712e-07
1075 200 2.65781e-07
1100 200 2.67288e-07
1125 200 2.69243e-07
1150 200 2.7166e-07
1175 200 2.74557e-07
1200 200 2.77954e-07
1225 200 2.81877e-07
1250 200 2.86356e-07
1275 200 2.91424e-07
1300 200 2.97123e-07
1325 200 3.035e-07
1350 200 3.10608e-07
1375 200 3.18509e-07
1400 200 3.27276e-07
1425 200 3.36991e-07
1450 200 3.47752e-07
1475 200 3.59668e-07
1500 200 3.7287e-07
1525 200 3.87508e-07
1550 200 4.03759e-07
1575 200 4.2183e-07
1600 200 4.41967e-07
1625 200 4.6446e-07
1650 200 4.89657e-07
1675 200 5.17975e-07
1700 200 5.49918e-07
1725 200 5.86101e-07
1750 200 6.27282e-07
1775 200 6.74398e-07
1800 200 7.28625e-07
1825 200 7.91455e-07
1850 200 8.64803e-07
1875 200 9.51163e-07
1900 200 1.05384e-06
1925 200 1.17727e-06
1950 200 1.32761e-06
1975 200 1.51352e-06
2000 200 1.74762e-06
2025 200 2.04899e-06
2050 200 2.44783e-06
2075 200 2.99506e-06
2100 200 3.78468e-06
2125 200 5.02027e-06
2150 200 7.23952e-06
2175 200 1.16043e-05
2200 200 1.80028e-05
2225 200 1.87977e-05
2250 200 1.71227e-06
2275 200 -2.74674e-05
2300 200 -4.31272e-05
2325 200 -3.52413e-05
2350 200 -1.90115e-05
2375 200 -8.55683e-06
2400 200 -5.13537e-06
2425 200 -5.28996e-06
2450 200 -7.26549e-06
2475 200 -1.23132e-05
2500 200 -2.09469e-05
2525 200 -1.5531e-05
2550 200 1.69987e-05
2575 200 4.0246e-05
2600 200 3.09129e-05
2625 200 1.25895e-05
2650 200 3.09564e-06
2675 200 4.91335e-07
2700 200 5.25901e-08
2725 200 3.9203e-09
2750 200 2.08738e-10
2775 200 8.10429e-12
2800 200 2.33446e-13
2825 200 5.0636e-15
2850 200 8.37781e-17
2875 200 1.06936e-18
2900 200 1.0637e-20
2925 200 8.32015e-23
2950 200 5.15935e-25
2975 200 2.55482e-27
0 225 0
25 225 -7.31659e-07
50 225 -1.54667e-06
75 225 -2.56141e-06
100 225 -3.99985e-06
125 225 -6.42301e-06
150 225 -1.09614e-05
175 225 -1.73461e-05
200 225 -1.81233e-05
225 225 -1.6741e-06
250 225 2.68672e-05
275 225 4.32866e-05
300 225 3.66374e-05
325 225 2.04735e-05
350 225 9.1698e-06
375 225 4.86544e-06
400 225 4.20769e-06
425 225 4.88178e-06
450 225 6.35773e-06
475 225 9.4633e-06
500 225 1.69056e-05
525 225 2.23541e-05
550 225 1.93675e-06
575 225 -3.22783e-05
600 225 -3.81683e-05
625 225 -2.04603e-05
650 225 -6.07644e-06
675 225 -8.92742e-07
700 225 1.85953e-07
725 225 3.24401e-07
750 225 3.31486e-07
775 225 3.2701e-07
800 225 3.22408e-07
825 225 3.18392e-07
850 225 3.14969e-07
875 225 3.12113e-07
900 225 3.09804e-07
925 225 3.08025e-07
950 225 3.06763e-07
975 225 3.06009e-07
1000 225 3.05759e-07
1025 225 3.06009e-07
1050 225 3.06763e-07
1075 225 3.08025e-07
1100 225 3.09804e-07
1125 225 3.12113e-07
1150 225 3.14969e-07
1175 225 3.18392e-07
1200 225 3.22409e-07
1225 225 3.27049e-07
1250 225 3.32348e-07
1275 225 3.3835e-07
1300 225 3.45102e-07
1325 225 3.52662e-07
1350 225 3.61095e-07
1375 225 3.70479e-07
1400 225 3.809e-07
1425 225 3.92462e-07
1450 225 4.05281e-07
1475 225 4.19496e-07
1500 225 4.35266e-07
1525 225 4.52779e-07
1550 225 4.72255e-07
1575 225 4.93954e-07
1600 225 5.18182e-07
1625 225 5.45307e-07
1650 225 5.75769e-07
1675 225 6.101e-07
1700 225 6.48947e-07
1725 225 6.93104e-07
1750 225 7.43556e-07
1775 225 8.01533e-07
1800 225 8.68595e-07
1825 225 9.46739e-07
1850 225 1.03856e-06
1875 225 1.14749e-06
1900 225 1.27814e-06
1925 225 1.43687e-06
1950 225 1.63263e-06
1975 225 1.87842e-06
2000 225 2.19389e-06
2025 225 2.61008e-06
2050 225 3.17929e-06
2075 225 3.99828e-06
2100 225 5.278e-06
2125 225 7.5705e-06
2150 225 1.2e-05
2175 225 1.82928e-05
2200 225 1.89919e-05
2225 225 2.47564e-06
2250 225 -2.61237e-05
2275 225 -4.25935e-05
2300 225 -3.59884e-05
2325 225 -1.98634e-05
2350 225 -8.59403e-06
2375 225 -4.32013e-06
2400 225 -3.68951e-06
2425 225 -4.38782e-06
2450 225 -5.88547e-06
2475 225 -9.01052e-06
2500 225 -1.64703e-05
2525 225 -2.19346e-05
2550 225 -1.53147e-06
2575 225 3.26708e-05
2600 225 3.85492e-05
2625 225 2.08308e-05
2650 225 6.43754e-06
2675 225 1.2454e-06
2700 225 1.59149e-07
2725 225 1.39485e-08
2750 225 8.62813e-10
2775 225 3.85416e-11
2800 225 1.2671e-12
2825 225 3.11565e-14
2850 225 5.8098e-16
2875 225 8.31595e-18
2900 225 9.23525e-20
2925 225 8.03374e-22
2950 225 5.5213e-24
2975 225 3.02079e-26
0 250 0
25 250 -1.03702e-06
50 250 -2.23168e-06
75 250 -3.84404e-06
100 250 -6.48355e-06
125 250 -1.12497e-05
150 250 -1.75365e-05
175 250 -1.77287e-05
200 250 -1.08499e-06
225 250 2.68672e-05
250 250 4.31411e-05
275 250 3.70751e-05
300 250 2.11296e-05
325 250 9.41277e-06
350 250 4.58052e-06
375 250 3.49812e-06
400 250 3.70618e-06
425 250 4.38497e-06
450 250 5.51751e-06
475 250 7.57013e-06
500 250 1.25074e-05
525 250 2.144e-05
550 250 1.61019e-05
575 250 -1.71268e-05
600 250 -3.98513e-05
625 250 -2.95763e-05
650 250 -1.13928e-05
675 250 -2.39449e-06
700 250 -3.08009e-08
725 250 3.45548e-07
750 250 3.79503e-07
775 250 3.76277e-07
800 250 3.70975e-07
825 250 3.66257e-07
850 250 3.62233e-07
875 250 3.58877e-07
900 250 3.56164e-07
925 250 3.54074e-07
950 250 3.52592e-07
975 250 3.51708e-07
1000 250 3.51413e-07
1025 250 3.51708e-07
1050 250 3.52592e-07
1075 250 3.54074e-07
1100 250 3.56164e-07
1125 250 3.58877e-07
1150 250 3.62233e-07
1175 250 3.66257e-07
1200 250 3.70981e-07
1225 250 3.7644e-07
1250 250 3.8268e-07
1275 250 3.89751e-07
1300 250 3.97712e-07
1325 250 4.06633e-07
1350 250 4.16594e-07
1375 250 4.27688e-07
1400 250 4.40024e-07
1425 250 4.53726e-07
1450 250 4.6894e-07
1475 250 4.85835e-07
1500 250 5.04611e-07
1525 250 5.255e-07
1550 250 5.48777e-07
1575 250 5.74768e-07
1600 250 6.03861e-07
1625 250 6.36522e-07
1650 250 6.73311e-07
1675 250 7.14913e-07
1700 250 7.62164e-07
1725 250 8.16102e-07
1750 250 8.78022e-07
1775 250 9.49561e-07
1800 250 1.03282e-06
1825 250 1.13052e-06
1850 250 1.24625e-06
1875 250 1.38486e-06
1900 250 1.55298e-06
1925 250 1.75999e-06
1950 250 2.01951e-06
1975 250 2.35208e-06
2000 250 2.79027e-06
2025 250 3.3891e-06
2050 250 4.25119e-06
2075 250 5.60404e-06
2100 250 8.03653e-06
2125 250 1.26346e-05
2150 250 1.87828e-05
2175 250 1.88592e-05
2200 250 2.11781e-06
2225 250 -2.59176e-05
2250 250 -4.22631e-05
2275 250 -3.6259e-05
2300 250 -2.03675e-05
2325 250 -8.69785e-06
2350 250 -3.9072e-06
2375 250 -2.86159e-06
2400 250 -3.10232e-06
2425 250 -3.8102e-06
2450 250 -4.96873e-06
2475 250 -7.04463e-06
2500 250 -1.20028e-05
2525 250 -2.09541e-05
2550 250 -1.56329e-05
2575 250 1.75805e-05
2600 250 4.02913e-05
2625 250 3.0004e-05
2650 250 1.18094e-05
2675 250 2.80112e-06
2700 250 4.28513e-07
2725 250 4.42022e-08
2750 250 3.17663e-09
2775 250 1.63172e-10
2800 250 6.11694e-12
2825 250 1.70301e-13
2850 250 3.57419e-15
2875 250 5.72843e-17
2900 250 7.09142e-19
2925 250 6.84939e-21
2950 250 5.20851e-23
2975 250 3.14322e-25
0 275 0
25 275 -1.56211e-06
50 275 -3.49348e-06
75 275 -6.50305e-06
100 275 -1.16429e-05
125 275 -1.7755e-05
150 275 -1.68095e-05
175 275 7.29926e-07
200 275 2.80535e-05
225 275 4.32866e-05
250 275 3.70751e-05
275 275 2.13589e-05
300 275 9.57151e-06
325 275 4.47663e-06
350 275 3.1474e-06
375 275 3.11731e-06
400 275 3.47113e-06
425 275 4.0479e-06
450 275 4.93845e-06
475 275 6.43057e-06
500 275 9.52943e-06
525 275 1.72129e-05
550 275 2.24849e-05
575 275 3.60844e-07
600 275 -3.35789e-05
625 275 -3.70372e-05
650 275 -1.86922e-05
675 275 -5.15014e-06
700 275 -5.75865e-07
725 275 3.21227e-07
750 275 4.27862e-07
775 275 4.30385e-07
800 275 4.24567e-07
825 275 4.1905e-07
850 275 4.14331e-07
875 275 4.10397e-07
900 275 4.07218e-07
925 275 4.0477e-07
950 275 4.03034e-07
975 275 4.01998e-07
1000 275 4.01653e-07
1025 275 4.01998e-07
1050 275 4.03034e-07
1075 275 4.0477e-07
1100 275 4.07218e-07
1125 275 4.10397e-07
1150 275 4.14331e-07
1175 275 4.1905e-07
1200 275 4.24593e-07
1225 275 4.31003e-07
1250 275 4.38334e-07
1275 275 4.46648e-07
1300 275 4.56017e-07
1325 275 4.66526e-07
1350 275 4.78272e-07
1375 275 4.91371e-07
1400 275 5.05955e-07
1425 275 5.22178e-07
1450 275 5.40221e-07
1475 275 5.60294e-07
1500 275 5.82644e-07
1525 275 6.07564e-07
1550 275 6.354e-07
1575 275 6.66564e-07
1600 275 7.0155e-07
1625 275 7.40954e-07
1650 275 7.85501e-07
1675 275 8.3608e-07
1700 275 8.93789e-07
1725 275 9.60002e-07
1750 275 1.03646e-06
1775 275 1.12537e-06
1800 275 1.22963e-06
1825 275 1.35306e-06
1850 275 1.50077e-06
1875 275 1.67982e-06
1900 275 1.90016e-06
1925 275 2.17629e-06
1950 275 2.53016e-06
1975 275 2.99668e-06
2000 275 3.63533e-06
2025 275 4.55879e-06
2050 275 6.02364e-06
2075 275 8.67934e-06
2100 275 1.3543e-05
2125 275 1.94349e-05
2150 275 1.83102e-05
2175 275 6.23133e-07
2200 275 -2.68238e-05
2225 275 -4.21612e-05
2250 275 -3.60386e-05
2275 275 -2.03989e-05
2300 275 -8.67772e-06
2325 275 -3.64055e-06
2350 275 -2.3619e-06
2375 275 -2.37636e-06
2400 275 -2.76958e-06
2425 275 -3.38133e-06
2450 275 -4.30305e-06
2475 275 -5.82301e-06
2500 275 -8.94679e-06
2525 275 -1.66526e-05
2550 275 -2.19447e-05
2575 275 1.61334e-07
2600 275 3.40848e-05
2625 275 3.75285e-05
2650 275 1.91705e-05
2675 275 5.61667e-06
2700 275 1.03188e-06
2725 275 1.2542e-07
2750 275 1.04723e-08
2775 275 6.1817e-10
2800 275 2.63962e-11
2825 275 8.30979e-13
2850 275 1.9599e-14
2875 275 3.51143e-16
2900 275 4.83717e-18
2925 275 5.1783e-20
2950 275 4.34912e-22
2975 275 2.88969e-24
0 300 0
25 300 -2.64221e-06
50 300 -6.32002e-06
75 300 -1.20241e-05
100 300 -1.7792e-05
125 300 -1.50816e-05
150 300 3.90878e-06
175 300 3.03785e-05
200 300 4.36771e-05
225 300 3.66374e-05
250 300 2.11296e-05
275 300 9.57151e-06
300 300 4.45172e-06
325 300 3.00014e-06
350 300 2.83087e-06
375 300 3.01233e-06
400 300 3.33756e-06
425 300 3.81525e-06
450 300 4.53167e-06
475 300 5.67942e-06
500 300 7.77328e-06
525 300 1.29871e-05
550 300 2.21345e-05
575 300 1.44701e-05
600 300 -2.04076e-05
625 300 -3.98714e-05
650 300 -2.7047e-05
675 300 -9.55076e-06
700 300 -1.71228e-06
725 300 1.89992e-07
750 300 4.6946e-07
775 300 4.89814e-07
800 300 4.8429e-07
825 300 4.77884e-07
850 300 4.72352e-07
875 300 4.67741e-07
900 300 4.64016e-07
925 300 4.61149e-07
950 300 4.59116e-07
975 300 4.57903e-07
1000 300 4.575e-07
1025 300 4.57903e-07
1050 300 4.59116e-07
1075 300 4.61149e-07
1100 300 4.64016e-07
1125 300 4.67741e-07
1150 300 4.72353e-07
1175 300 4.77888e-07
1200 300 4.84392e-07
1225 300 4.9192e-07
1250 300 5.00536e-07
1275 300 5.10315e-07
1300 300 5.21348e-07
1325 300 5.33736e-07
1350 300 5.47602e-07
1375 300 5.63086e-07
1400 300 5.80352e-07
1425 300 5.99592e-07
1450 300 6.2103e-07
1475 300 6.44932e-07
1500 300 6.71608e-07
1525 300 7.01427e-07
1550 300 7.34831e-07
1575 300 7.72347e-07
1600 300 8.14612e-07
1625 300 8.624e-07
1650 300 9.16663e-07
1675 300 9.78575e-07
1700 300 1.04961e-06
1725 300 1.13162e-06
1750 300 1.22698e-06
1775 300 1.33881e-06
1800 300 1.47118e-06
1825 300 1.62961e-06
1850 300 1.82172e-06
1875 300 2.05825e-06
1900 300 2.35495e-06
1925 300 2.73578e-06
1950 300 3.23917e-06
1975 300 3.93144e-06
2000 300 4.94163e-06
2025 300 6.57366e-06
2050 300 9.55919e-06
2075 300 1.47599e-05
2100 300 2.0147e-05
2125 300 1.71399e-05
2150 300 -2.08706e-06
2175 300 -2.87489e-05
2200 300 -4.22059e-05
2225 300 -3.52986e-05
2250 300 -1.99026e-05
2275 300 -8.43989e-06
2300 300 -3.40212e-06
2325 300 -2.02157e-06
2350 300 -1.91421e-06
2375 300 -2.14993e-06
2400 300 -2.52295e-06
2425 300 -3.0429e-06
2450 300 -3.79684e-06
2475 300 -4.97799e-06
2500 300 -7.10167e-06
2525 300 -1.23421e-05
2550 300 -2.15134e-05
2575 300 -1.38705e-05
2600 300 2.09879e-05
2625 300 4.04345e-05
2650 300 2.75946e-05
2675 300 1.00845e-05
2700 300 2.23363e-06
2725 300 3.20324e-07
2750 300 3.10758e-08
2775 300 2.10649e-09
2800 300 1.02334e-10
2825 300 3.63737e-12
2850 300 9.62472e-14
2875 300 1.9242e-15
2900 300 2.94409e-17
2925 300 3.48649e-19
2950 300 3.22781e-21
2975 300 2.35662e-23
0 325 0
25 325 -5.32956e-06
50 325 -1.19996e-05
75 325 -1.71779e-05
100 325 -1.20438e-05
125 325 8.67315e-06
150 325 3.37437e-05
175 325 4.41893e-05
200 325 3.57593e-05
225 325 2.04735e-05
250 325 9.41277e-06
275 325 4.47663e-06
300 325 3.00014e-06
325 325 2.74439e-06
350 325 2.81566e-06
375 325 2.99687e-06
400 325 3.26914e-06
425 325 3.66458e-06
450 325 4.25035e-06
475 325 5.16141e-06
500 325 6.71099e-06
525 325 1.0044e-05
550 325 1.83927e-05
575 325 2.19908e-05
600 325 -4.2008e-06
625 325 -3.61242e-05
650 325 -3.46046e-05
675 325 -1.56672e-05
700 325 -3.77233e-06
725 325 -1.5786e-07
750 325 4.87396e-07
775 325 5.54196e-07
800 325 5.51467e-07
825 325 5.44161e-07
850 325 5.37669e-07
875 325 5.32253e-07
900 325 5.2788e-07
925 325 5.24515e-07
950 325 5.2213e-07
975 325 5.20707e-07
1000 325 5.20234e-07
1025 325 5.20707e-07
1050 325 5.2213e-07
1075 325 5.24515e-07
1100 325 5.2788e-07
1125 325 5.32253e-07
1150 325 5.37669e-07
1175 325 5.44175e-07
1200 325 5.51825e-07
1225 325 5.60686e-07
1250 325 5.70837e-07
1275 325 5.82371e-07
1300 325 5.95399e-07
1325 325 6.10047e-07
1350 325 6.26467e-07
1375 325 6.44834e-07
1400 325 6.65352e-07
1425 325 6.88263e-07
1450 325 7.13849e-07
1475 325 7.42446e-07
1500 325 7.74451e-07
1525 325 8.10338e-07
1550 325 8.50675e-07
1575 325 8.9615e-07
1600 325 9.47597e-07
1625 325 1.00604e-06
1650 325 1.07276e-06
1675 325 1.14934e-06
1700 325 1.23779e-06
1725 325 1.3407e-06
1750 325 1.46144e-06
1775 325 1.60448e-06
1800 325 1.77584e-06
1825 325 1.98387e-06
1850 325 2.24046e-06
1875 325 2.56308e-06
1900 325 2.97858e-06
1925 325 3.53053e-06
1950 325 4.29573e-06
1975 325 5.42979e-06
2000 325 7.31115e-06
2025 325 1.07594e-05
2050 325 1.62953e-05
2075 325 2.07084e-05
2100 325 1.50224e-05
2125 325 -6.11007e-06
2150 325 -3.15032e-05
2175 325 -4.22055e-05
2200 325 -3.39834e-05
2225 325 -1.8869e-05
2250 325 -7.95132e-06
2275 325 -3.13592e-06
2300 325 -1.76236e-06
2325 325 -1.59505e-06
2350 325 -1.7429e-06
2375 325 -1.99082e-06
2400 325 -2.32154e-06
2425 325 -2.76843e-06
2450 325 -3.39968e-06
2475 325 -4.35107e-06
2500 325 -5.93654e-06
2525 325 -9.3016e-06
2550 325 -1.76789e-05
2575 325 -2.13026e-05
2600 325 4.86615e-06
2625 325 3.6769e-05
2650 325 3.52311e-05
2675 325 1.62773e-05
2700 325 4.36773e-06
2725 325 7.40231e-07
2750 325 8.34405e-08
2775 325 6.48979e-09
2800 325 3.58217e-10
2825 325 1.43525e-11
2850 325 4.25298e-13
2875 325 9.4694e-15
2900 325 1.60598e-16
2925 325 2.09953e-18
2950 325 2.13815e-20
2975 325 1.71176e-22
0 350 0
25 350 -9.75428e-06
50 350 -1.46662e-05
75 350 -6.77393e-06
100 350 1.53706e-05
125 350 3.80301e-05
150 350 4.46824e-05
175 350 3.44796e-05
200 350 1.95012e-05
225 350 9.1698e-06
250 350 4.58052e-06
275 350 3.1474e-06
300 350 2.83087e-06
325 350 2.81566e-06
350 350 2.89451e-06
375 350 3.03845e-06
400 350 3.25924e-06
425 350 3.58538e-06
450 350 4.06842e-06
475 350 4.80689e-06
500 350 6.01428e-06
525 350 8.28134e-06
550 350 1.42517e-05
575 350 2.31669e-05
600 350 1.03355e-05
625 350 -2.59831e-05
650 350 -3.90687e-05
675 350 -2.30006e-05
700 350 -7.07193e-06
725 350 -8.90806e-07
750 350 4.47463e-07
775 350 6.21055e-07
800 350 6.27611e-07
825 350 6.19662e-07
850 350 6.12034e-07
875 350 6.05647e-07
900 350 6.00493e-07
925 350 5.96529e-07
950 350 5.9372e-07
975 350 5.92045e-07
1000 350 5.91487e-07
1025 350 5.92045e-07
1050 350 5.9372e-07
1075 350 5.96529e-07
1100 350 6.00493e-07
1125 350 6.05647e-07
1150 350 6.12035e-07
1175 350 6.19713e-07
1200 350 6.28748e-07
1225 350 6.39224e-07
1250 350 6.51238e-07
1275 350 6.64907e-07
1300 350 6.80366e-07
1325 350 6.97777e-07
1350 350 7.17327e-07
1375 350 7.39238e-07
1400 350 7.63769e-07
1425 350 7.91227e-07
1450 350 8.21974e-07
1475 350 8.56441e-07
1500 350 8.95143e-07
1525 350 9.38698e-07
1550 350 9.87856e-07
1575 350 1.04353e-06
1600 350 1.10683e-06
1625 350 1.17916e-06
1650 350 1.26227e-06
1675 350 1.35836e-06
1700 350 1.47029e-06
1725 350 1.60177e-06
1750 350 1.75778e-06
1775 350 1.94504e-06
1800 350 2.1729e-06
1825 350 2.4548e-06
1850 350 2.81067e-06
1875 350 3.27148e-06
1900 350 3.88851e-06
1925 350 4.7549e-06
1950 350 6.0711e-06
1975 350 8.3266e-06
2000 350 1.23813e-05
2025 350 1.80809e-05
2050 350 2.07373e-05
2075 350 1.15288e-05
2100 350 -1.1482e-05
2125 350 -3.47586e-05
2150 350 -4.18717e-05
2175 350 -3.20248e-05
2200 350 -1.73283e-05
2225 350 -7.22476e-06
2250 350 -2.82273e-06
2275 350 -1.54562e-06
2300 350 -1.36058e-06
2325 350 -1.4573e-06
2350 350 -1.63224e-06
2375 350 -1.85928e-06
2400 350 -2.15241e-06
2425 350 -2.54186e-06
2450 350 -3.08057e-06
2475 350 -3.86819e-06
2500 350 -5.11913e-06
2525 350 -7.4249e-06
2550 350 -1.34297e-05
2575 350 -2.23757e-05
2600 350 -9.57169e-06
2625 350 2.67224e-05
2650 350 3.9786e-05
2675 350 2.36984e-05
2700 350 7.75229e-06
2725 350 1.55571e-06
2750 350 2.03775e-07
2775 350 1.81692e-08
2800 350 1.13784e-09
2825 350 5.12989e-11
2850 350 1.69897e-12
2875 350 4.20413e-14
2900 350 7.88629e-16
2925 350 1.13565e-17
2950 350 1.26938e-19
2975 350 1.11186e-21
0 375 0
25 375 -5.11098e-06
50 375 3.55748e-06
75 375 2.5006e-05
100 375 4.33641e-05
125 375 4.51968e-05
150 375 3.30064e-05
175 375 1.84644e-05
200 375 9.02129e-06
225 375 4.86544e-06
250 375 3.49812e-06
275 375 3.11731e-06
300 375 3.01233e-06
325 375 2.99687e-06
350 375 3.03845e-06
375 375 3.13874e-06
400 375 3.30994e-06
425 375 3.57458e-06
450 375 3.97264e-06
475 375 4.57845e-06
500 375 5.54422e-06
525 375 7.23161e-06
550 375 1.11409e-05
575 375 2.04498e-05
600 375 1.98967e-05
625 375 -1.1852e-05
650 375 -3.85726e-05
675 375 -3.03983e-05
700 375 -1.17667e-05
725 375 -2.22786e-06
750 375 2.89424e-07
775 375 6.83599e-07
800 375 7.14296e-07
825 375 7.06686e-07
850 375 6.97731e-07
875 375 6.90158e-07
900 375 6.84048e-07
925 375 6.7935e-07
950 375 6.76023e-07
975 375 6.74039e-07
1000 375 6.73379e-07
1025 375 6.74039e-07
1050 375 6.76023e-07
1075 375 6.7935e-07
1100 375 6.84048e-07
1125 375 6.90159e-07
1150 375 6.97737e-07
1175 375 7.06853e-07
1200 375 7.17592e-07
1225 375 7.30057e-07
1250 375 7.4437e-07
1275 375 7.60678e-07
1300 375 7.79154e-07
1325 375 8.00001e-07
1350 375 8.23458e-07
1375 375 8.49808e-07
1400 375 8.79386e-07
1425 375 9.12588e-07
1450 375 9.49887e-07
1475 375 9.91848e-07
1500 375 1.03915e-06
1525 375 1.09263e-06
1550 375 1.15327e-06
1575 375 1.22234e-06
1600 375 1.30138e-06
1625 375 1.39232e-06
1650 375 1.49765e-06
1675 375 1.62057e-06
1700 375 1.76528e-06
1725 375 1.93739e-06
1750 375 2.14458e-06
1775 375 2.39762e-06
1800 375 2.71211e-06
1825 375 3.11148e-06
1850 375 3.63285e-06
1875 375 4.33923e-06
1900 375 5.35117e-06
1925 375 6.94698e-06
1950 375 9.75917e-06
1975 375 1.45091e-05
2000 375 1.9866e-05
2025 375 1.96201e-05
2050 375 6.20169e-06
2075 375 -1.8059e-05
2100 375 -3.80129e-05
2125 375 -4.08576e-05
2150 375 -2.93735e-05
2175 375 -1.53529e-05
2200 375 -6.30918e-06
2225 375 -2.46782e-06
2250 375 -1.35354e-06
2275 375 -1.17992e-06
2300 375 -1.24705e-06
2325 375 -1.3763e-06
2350 375 -1.54079e-06
2375 375 -1.74642e-06
2400 375 -2.00856e-06
2425 375 -2.35223e-06
2450 375 -2.81936e-06
2475 375 -3.48583e-06
2500 375 -4.50507e-06
2525 375 -6.23976e-06
2550 375 -1.01911e-05
2575 375 -1.95372e-05
2600 375 -1.90173e-05
2625 375 1.27018e-05
2650 375 3.9396e-05
2675 375 3.11983e-05
2700 375 1.25459e-05
2725 375 2.98854e-06
2750 375 4.54946e-07
2775 375 4.64579e-08
2800 375 3.29578e-09
2825 375 1.6688e-10
2850 375 6.16427e-12
2875 375 1.69147e-13
2900 375 3.50141e-15
2925 375 5.54102e-17
2950 375 6.78195e-19
2975 375 6.48403e-21
0 400 0
25 400 2.23369e-05
50 400 4.24783e-05
75 400 5.2389e-05
100 400 4.7028e-05
125 400 3.22006e-05
150 400 1.79851e-05
175 400 9.36995e-06
200 400 5.57734e-06
225 400 4.20769e-06
250 400 3.70618e-06
275 400 3.47113e-06
300 400 3.33756e-06
325 400 3.26914e-06
350 400 3.25924e-06
375 400 3.30994e-06
400 400 3.42976e-06
425 400 3.63582e-06
450 400 3.95923e-06
475 400 4.45722e-06
500 400 5.24235e-06
525 400 6.56711e-06
550 400 9.20497e-06
575 400 1.65395e-05
600 400 2.36861e-05
625 400 2.70608e-06
650 400 -3.2512e-05
675 400 -3.62556e-05
700 400 -1.76953e-05
725 400 -4.39995e-06
750 400 -7.94593e-08
775 400 7.27523e-07
800 400 8.1285e-07
825 400 8.0823e-07
850 400 7.97793e-07
875 400 7.88749e-07
900 400 7.81447e-07
925 400 7.75836e-07
950 400 7.71865e-07
975 400 7.69497e-07
1000 400 7.6871e-07
1025 400 7.69497e-07
1050 400 7.71865e-07
1075 400 7.75836e-07
1100 400 7.81447e-07
1125 400 7.88749e-07
1150 400 7.97814e-07
1175 400 8.08727e-07
1200 400 8.21597e-07
1225 400 8.36556e-07
1250 400 8.5376e-07
1275 400 8.73395e-07
1300 400 8.95685e-07
1325 400 9.2089e-07
1350 400 9.49322e-07
1375 400 9.8135e-07
1400 400 1.01741e-06
1425 400 1.05803e-06
1450 400 1.10385e-06
1475 400 1.15561e-06
1500 400 1.21424e-06
1525 400 1.28088e-06
1550 400 1.35692e-06
1575 400 1.44412e-06
1600 400 1.54468e-06
1625 400 1.66142e-06
1650 400 1.79802e-06
1675 400 1.95931e-06
1700 400 2.15184e-06
1725 400 2.38458e-06
1750 400 2.6703e-06
1775 400 3.02772e-06
1800 400 3.48549e-06
1825 400 4.09013e-06
1850 400 4.92378e-06
1875 400 6.15766e-06
1900 400 8.20105e-06
1925 400 1.17954e-05
1950 400 1.7101e-05
1975 400 2.10644e-05
2000 400 1.65127e-05
2025 400 -1.27249e-06
2050 400 -2.53773e-05
2075 400 -4.05936e-05
2100 400 -3.88269e-05
2125 400 -2.60429e-05
2150 400 -1.30613e-05
2175 400 -5.27982e-06
2200 400 -2.09185e-06
2225 400 -1.17997e-06
2250 400 -1.03588e-06
2275 400 -1.08656e-06
2300 400 -1.18572e-06
2325 400 -1.30982e-06
2350 400 -1.46122e-06
2375 400 -1.64852e-06
2400 400 -1.88509e-06
2425 400 -2.1917e-06
2450 400 -2.60231e-06
2475 400 -3.17634e-06
2500 400 -4.02811e-06
2525 400 -5.4115e-06
2550 400 -8.10113e-06
2575 400 -1.54815e-05
