0 0 0
25 0 0
50 0 0
75 0 0
100 0 0
125 0 0
150 0 0
175 0 0
200 0 0
225 0 0
250 0 0
275 0 0
300 0 0
325 0 0
350 0 0
375 0 0
400 0 0
425 0 0
450 0 0
475 0 0
500 0 0
525 0 0
550 0 0
575 0 0
600 0 0
625 0 0
650 0 0
675 0 0
700 0 0
725 0 0
750 0 0
775 0 0
800 0 0
825 0 0
850 0 0
875 0 0
900 0 0
925 0 0
950 0 0
975 0 0
1000 0 0
1025 0 0
1050 0 0
1075 0 0
1100 0 0
1125 0 0
1150 0 0
1175 0 0
1200 0 0
1225 0 0
1250 0 0
1275 0 0
1300 0 0
1325 0 0
1350 0 0
1375 0 0
1400 0 0
1425 0 0
1450 0 0
1475 0 0
1500 0 0
1525 0 0
1550 0 0
1575 0 0
1600 0 0
1625 0 0
1650 0 0
1675 0 0
1700 0 0
1725 0 0
1750 0 0
1775 0 0
1800 0 0
1825 0 0
1850 0 0
1875 0 0
1900 0 0
1925 0 0
1950 0 0
1975 0 0
2000 0 0
2025 0 0
2050 0 0
2075 0 0
2100 0 0
2125 0 0
2150 0 0
2175 0 0
2200 0 0
2225 0 0
2250 0 0
2275 0 0
2300 0 0
2325 0 0
2350 0 0
2375 0 0
2400 0 0
2425 0 0
2450 0 0
2475 0 0
2500 0 0
2525 0 0
2550 0 0
2575 0 0
2600 0 0
2625 0 0
2650 0 0
2675 0 0
2700 0 0
2725 0 0
2750 0 0
2775 0 0
2800 0 0
2825 0 0
2850 0 0
2875 0 0
2900 0 0
2925 0 0
2950 0 0
2975 0 0
0 25 0
25 25 5.60111e-05
50 25 5.32607e-05
75 25 7.52056e-06
100 25 -2.39009e-05
125 25 -2.23583e-05
150 25 -9.48625e-06
175 25 -1.71229e-06
200 25 5.87489e-07
225 25 8.70846e-07
250 25 7.67639e-07
275 25 6.47396e-07
300 25 5.52081e-07
325 25 4.77867e-07
350 25 4.1913e-07
375 25 3.71869e-07
400 25 3.33297e-07
425 25 3.01431e-07
450 25 2.74825e-07
475 25 2.52408e-07
500 25 2.33373e-07
525 25 2.17098e-07
550 25 2.03103e-07
575 25 1.9101e-07
600 25 1.80519e-07
625 25 1.71391e-07
650 25 1.6343e-07
675 25 1.5648e-07
700 25 1.50411e-07
725 25 1.45116e-07
750 25 1.40509e-07
775 25 1.36516e-07
800 25 1.33078e-07
825 25 1.30144e-07
850 25 1.27675e-07
875 25 1.25637e-07
900 25 1.24004e-07
925 25 1.22754e-07
950 25 1.21872e-07
975 25 1.21347e-07
1000 25 1.21173e-07
1025 25 1.21347e-07
1050 25 1.21872e-07
1075 25 1.22754e-07
1100 25 1.24004e-07
1125 25 1.25637e-07
1150 25 1.27675e-07
1175 25 1.30144e-07
1200 25 1.33078e-07
1225 25 1.36516e-07
1250 25 1.40509e-07
1275 25 1.45116e-07
1300 25 1.50411e-07
1325 25 1.5648e-07
1350 25 1.6343e-07
1375 25 1.71391e-07
1400 25 1.80519e-07
1425 25 1.9101e-07
1450 25 2.03103e-07
1475 25 2.17098e-07
1500 25 2.33373e-07
1525 25 2.52408e-07
1550 25 2.74825e-07
1575 25 3.01431e-07
1600 25 3.33297e-07
1625 25 3.71869e-07
1650 25 4.1913e-07
1675 25 4.77868e-07
1700 25 5.52099e-07
1725 25 6.47795e-07
1750 25 7.74167e-07
1775 25 9.4609e-07
1800 25 1.18908e-06
1825 25 1.55081e-06
1850 25 2.13344e-06
1875 25 3.19601e-06
1900 25 5.36934e-06
1925 25 9.30485e-06
1950 25 1.22673e-05
1975 25 3.38564e-06
2000 25 -2.546e-05
2025 25 -5.26255e-05
2050 25 -4.09934e-05
2075 25 1.78429e-06
2100 25 2.92702e-05
2125 25 2.55543e-05
2150 25 1.16197e-05
2175 25 3.26309e-06
2200 25 6.01589e-07
2225 25 7.52447e-08
2250 25 6.52825e-09
2275 25 3.99681e-10
2300 25 1.75166e-11
2325 25 5.56472e-13
2350 25 1.29586e-14
2375 25 2.23469e-16
2400 25 2.88053e-18
2425 25 2.79932e-20
2450 25 2.06736e-22
2475 25 1.16886e-24
2500 25 5.09411e-27
2525 25 1.7223e-29
2550 25 4.54432e-32
2575 25 9.40943e-35
2600 25 1.53691e-37
2625 25 1.98994e-40
2650 25 2.05171e-43
2675 25 1.69174e-46
2700 25 1.12006e-49
2725 25 5.97692e-53
2750 25 2.57977e-56
2775 25 9.03662e-60
2800 25 2.57701e-63
2825 25 6.00068e-67
2850 25 1.14412e-70
2875 25 1.79093e-74
2900 25 2.30728e-78
2925 25 2.4522e-82
2950 25 2.15481e-86
2975 25 1.56881e-90
0 50 0
25 50 5.32607e-05
50 50 6.36384e-05
75 50 2.61417e-05
100 50 -2.00286e-05
125 50 -3.50483e-05
150 50 -2.221e-05
175 50 -6.92065e-06
200 50 3.29761e-08
225 50 1.60493e-06
250 50 1.59035e-06
275 50 1.35551e-06
300 50 1.15138e-06
325 50 9.92191e-07
350 50 8.67066e-07
375 50 7.67008e-07
400 50 6.85758e-07
425 50 6.18912e-07
450 50 5.63297e-07
475 50 5.16578e-07
500 50 4.77004e-07
525 50 4.43244e-07
550 50 4.14268e-07
575 50 3.89271e-07
600 50 3.67617e-07
625 50 3.48798e-07
650 50 3.32406e-07
675 50 3.18107e-07
700 50 3.05632e-07
725 50 2.94757e-07
750 50 2.85299e-07
775 50 2.77108e-07
800 50 2.70058e-07
825 50 2.64046e-07
850 50 2.58988e-07
875 50 2.54814e-07
900 50 2.51469e-07
925 50 2.48911e-07
950 50 2.47105e-07
975 50 2.46031e-07
1000 50 2.45675e-07
1025 50 2.46031e-07
1050 50 2.47105e-07
1075 50 2.48911e-07
1100 50 2.51469e-07
1125 50 2.54814e-07
1150 50 2.58988e-07
1175 50 2.64046e-07
1200 50 2.70058e-07
1225 50 2.77108e-07
1250 50 2.85299e-07
1275 50 2.94757e-07
1300 50 3.05632e-07
1325 50 3.18107e-07
1350 50 3.32406e-07
1375 50 3.48798e-07
1400 50 3.67617e-07
1425 50 3.89271e-07
1450 50 4.14268e-07
1475 50 4.43244e-07
1500 50 4.77004e-07
1525 50 5.16578e-07
1550 50 5.63297e-07
1575 50 6.18912e-07
1600 50 6.85758e-07
1625 50 7.67008e-07
1650 50 8.67067e-07
1675 50 9.92198e-07
1700 50 1.15158e-06
1725 50 1.35912e-06
1750 50 1.63688e-06
1775 50 2.02192e-06
1800 50 2.58197e-06
1825 50 3.45866e-06
1850 50 4.9946e-06
1875 50 7.94966e-06
1900 50 1.29995e-05
1925 50 1.73717e-05
1950 50 1.10162e-05
1975 50 -1.49575e-05
2000 50 -5.00287e-05
2025 50 -6.82182e-05
2050 50 -5.26223e-05
2075 50 -8.77e-06
2100 50 3.30281e-05
2125 50 4.2998e-05
2150 50 2.72046e-05
2175 50 1.03793e-05
2200 50 2.54899e-06
2225 50 4.16985e-07
2250 50 4.65285e-08
2275 50 3.60854e-09
2300 50 1.97647e-10
2325 50 7.75325e-12
2350 50 2.20581e-13
2375 50 4.60343e-15
2400 50 7.12085e-17
2425 50 8.24231e-19
2450 50 7.20167e-21
2475 50 4.78841e-23
2500 50 2.44099e-25
2525 50 9.60649e-28
2550 50 2.93751e-30
2575 50 7.02114e-33
2600 50 1.31907e-35
2625 50 1.95804e-38
2650 50 2.30768e-41
2675 50 2.16923e-44
2700 50 1.63328e-47
2725 50 9.88941e-51
2750 50 4.83355e-54
2775 50 1.9137e-57
2800 50 6.15791e-61
2825 50 1.61545e-64
2850 50 3.46523e-68
2875 50 6.09458e-72
2900 50 8.81173e-76
2925 50 1.04991e-79
2950 50 1.03328e-83
2975 50 8.41813e-88
0 75 0
25 75 7.52056e-06
50 75 2.61417e-05
75 75 3.35497e-05
100 75 8.04814e-06
125 75 -2.56727e-05
150 75 -3.21447e-05
175 75 -1.70208e-05
200 75 -3.46879e-06
225 75 1.66791e-06
250 75 2.45584e-06
275 75 2.19303e-06
300 75 1.85741e-06
325 75 1.58833e-06
350 75 1.37889e-06
375 75 1.21325e-06
400 75 1.07997e-06
425 75 9.71131e-07
450 75 8.81141e-07
475 75 8.05939e-07
500 75 7.42523e-07
525 75 6.88628e-07
550 75 6.42522e-07
575 75 6.02861e-07
600 75 5.6859e-07
625 75 5.38871e-07
650 75 5.13032e-07
675 75 4.90532e-07
700 75 4.70929e-07
725 75 4.53864e-07
750 75 4.3904e-07
775 75 4.26214e-07
800 75 4.15183e-07
825 75 4.05784e-07
850 75 3.97881e-07
875 75 3.91363e-07
900 75 3.86142e-07
925 75 3.82149e-07
950 75 3.79333e-07
975 75 3.77658e-07
1000 75 3.77102e-07
1025 75 3.77658e-07
1050 75 3.79333e-07
1075 75 3.82149e-07
1100 75 3.86142e-07
1125 75 3.91363e-07
1150 75 3.97881e-07
1175 75 4.05784e-07
1200 75 4.15183e-07
1225 75 4.26214e-07
1250 75 4.3904e-07
1275 75 4.53864e-07
1300 75 4.70929e-07
1325 75 4.90532e-07
1350 75 5.13032e-07
1375 75 5.38871e-07
1400 75 5.6859e-07
1425 75 6.02861e-07
1450 75 6.42522e-07
1475 75 6.88628e-07
1500 75 7.42523e-07
1525 75 8.05939e-07
1550 75 8.81141e-07
1575 75 9.71131e-07
1600 75 1.07997e-06
1625 75 1.21325e-06
1650 75 1.37889e-06
1675 75 1.58841e-06
1700 75 1.85917e-06
1725 75 2.21855e-06
1750 75 2.71241e-06
1775 75 3.425e-06
1800 75 4.53453e-06
1825 75 6.46191e-06
1850 75 1.00271e-05
1875 75 1.55808e-05
1900 75 1.94592e-05
1925 75 1.17835e-05
1950 75 -1.33618e-05
1975 75 -4.30164e-05
2000 75 -5.60611e-05
2025 75 -5.05369e-05
2050 75 -3.95034e-05
2075 75 -2.17662e-05
2100 75 1.1411e-05
2125 75 4.12535e-05
2150 75 4.21718e-05
2175 75 2.34827e-05
2200 75 8.00332e-06
2225 75 1.75709e-06
2250 75 2.56569e-07
2275 75 2.55174e-08
2300 75 1.76247e-09
2325 75 8.59527e-11
2350 75 3.00314e-12
2375 75 7.6157e-14
2400 75 1.41823e-15
2425 75 1.96019e-17
2450 75 2.03036e-19
2475 75 1.59013e-21
2500 75 9.49324e-24
2525 75 4.35302e-26
2550 75 1.54376e-28
2575 75 4.26164e-31
2600 75 9.21251e-34
2625 75 1.56819e-36
2650 75 2.11293e-39
2675 75 2.2643e-42
2700 75 1.93868e-45
2725 75 1.33178e-48
2750 75 7.36938e-52
2775 75 3.29694e-55
2800 75 1.1967e-58
2825 75 3.53564e-62
2850 75 8.529e-66
2875 75 1.68473e-69
2900 75 2.73241e-73
2925 75 3.64803e-77
2950 75 4.01902e-81
2975 75 3.662e-85
0 100 0
25 100 -2.39009e-05
50 100 -2.00286e-05
75 100 8.04814e-06
100 100 2.27515e-05
125 100 1.18583e-06
150 100 -2.62162e-05
175 100 -2.66352e-05
200 100 -1.10355e-05
225 100 -1.16457e-07
250 100 3.13026e-06
275 100 3.22801e-06
300 100 2.75892e-06
325 100 2.33423e-06
350 100 2.00534e-06
375 100 1.74956e-06
400 100 1.5467e-06
425 100 1.38298e-06
450 100 1.24891e-06
475 100 1.13777e-06
500 100 1.04468e-06
525 100 9.6602e-07
550 100 8.99062e-07
575 100 8.41709e-07
600 100 7.92334e-07
625 100 7.49656e-07
650 100 7.12656e-07
675 100 6.80516e-07
700 100 6.52576e-07
725 100 6.28299e-07
750 100 6.07246e-07
775 100 5.89056e-07
800 100 5.73433e-07
825 100 5.60135e-07
850 100 5.48963e-07
875 100 5.39757e-07
900 100 5.32387e-07
925 100 5.26754e-07
950 100 5.22783e-07
975 100 5.2042e-07
1000 100 5.19636e-07
1025 100 5.2042e-07
1050 100 5.22783e-07
1075 100 5.26754e-07
1100 100 5.32387e-07
1125 100 5.39757e-07
1150 100 5.48963e-07
1175 100 5.60135e-07
1200 100 5.73433e-07
1225 100 5.89056e-07
1250 100 6.07246e-07
1275 100 6.28299e-07
1300 100 6.52576e-07
1325 100 6.80516e-07
1350 100 7.12656e-07
1375 100 7.49656e-07
1400 100 7.92334e-07
1425 100 8.41709e-07
1450 100 8.99062e-07
1475 100 9.6602e-07
1500 100 1.04468e-06
1525 100 1.13777e-06
1550 100 1.24891e-06
1575 100 1.38298e-06
1600 100 1.5467e-06
1625 100 1.74957e-06
1650 100 2.00538e-06
1675 100 2.33499e-06
1700 100 2.77144e-06
1725 100 3.37072e-06
1750 100 4.23825e-06
1775 100 5.60329e-06
1800 100 7.98455e-06
1825 100 1.21942e-05
1850 100 1.79373e-05
1875 100 2.02841e-05
1900 100 9.69528e-06
1925 100 -1.63921e-05
1950 100 -4.28721e-05
1975 100 -5.07573e-05
2000 100 -4.01007e-05
2025 100 -2.68565e-05
2050 100 -2.28435e-05
2075 100 -2.44403e-05
2100 100 -1.30562e-05
2125 100 1.90983e-05
2150 100 4.41536e-05
2175 100 3.88293e-05
2200 100 1.902e-05
2225 100 5.71975e-06
2250 100 1.10799e-06
2275 100 1.42715e-07
2300 100 1.25225e-08
2325 100 7.63547e-10
2350 100 3.29077e-11
2375 100 1.01754e-12
2400 100 2.28742e-14
2425 100 3.78312e-16
2450 100 4.653e-18
2475 100 4.29773e-20
2500 100 3.00776e-22
2525 100 1.60805e-24
2550 100 6.61714e-27
2575 100 2.11042e-29
2600 100 5.25025e-32
2625 100 1.0249e-34
2650 100 1.57858e-37
2675 100 1.92825e-40
2700 100 1.87692e-43
2725 100 1.46236e-46
2750 100 9.15792e-50
2775 100 4.62772e-53
2800 100 1.89388e-56
2825 100 6.29858e-60
2850 100 1.70779e-63
2875 100 3.78654e-67
2900 100 6.88496e-71
2925 100 1.02937e-74
2950 100 1.26869e-78
2975 100 1.29204e-82
0 125 0
25 125 -2.23583e-05
50 125 -3.50483e-05
75 125 -2.56727e-05
100 125 1.18583e-06
125 125 1.27064e-05
150 125 -7.0348e-06
175 125 -2.54555e-05
200 125 -1.92575e-05
225 125 -4.55447e-06
250 125 3.0873e-06
275 125 4.5029e-06
300 125 4.00486e-06
325 125 3.34861e-06
350 125 2.83139e-06
375 125 2.43832e-06
400 125 2.13341e-06
425 125 1.89168e-06
450 125 1.69655e-06
475 125 1.53668e-06
500 125 1.40409e-06
525 125 1.29298e-06
550 125 1.19906e-06
575 125 1.1191e-06
600 125 1.05063e-06
625 125 9.91705e-07
650 125 9.40825e-07
675 125 8.96781e-07
700 125 8.58608e-07
725 125 8.25527e-07
750 125 7.96905e-07
775 125 7.72225e-07
800 125 7.51065e-07
825 125 7.3308e-07
850 125 7.1799e-07
875 125 7.05568e-07
900 125 6.95634e-07
925 125 6.88045e-07
950 125 6.82697e-07
975 125 6.79517e-07
1000 125 6.78461e-07
1025 125 6.79517e-07
1050 125 6.82697e-07
1075 125 6.88045e-07
1100 125 6.95634e-07
1125 125 7.05568e-07
1150 125 7.1799e-07
1175 125 7.3308e-07
1200 125 7.51065e-07
1225 125 7.72225e-07
1250 125 7.96905e-07
1275 125 8.25527e-07
1300 125 8.58608e-07
1325 125 8.96781e-07
1350 125 9.40825e-07
1375 125 9.91705e-07
1400 125 1.05063e-06
1425 125 1.1191e-06
1450 125 1.19906e-06
1475 125 1.29298e-06
1500 125 1.40409e-06
1525 125 1.53668e-06
1550 125 1.69655e-06
1575 125 1.89168e-06
1600 125 2.13341e-06
1625 125 2.43833e-06
1650 125 2.83168e-06
1675 125 3.35407e-06
1700 125 4.0761e-06
1725 125 5.13686e-06
1750 125 6.84542e-06
1775 125 9.82944e-06
1800 125 1.47176e-05
1825 125 2.01155e-05
1850 125 1.96997e-05
1875 125 5.14929e-06
1900 125 -2.18554e-05
1925 125 -4.46181e-05
1950 125 -4.79219e-05
1975 125 -3.50062e-05
2000 125 -2.02604e-05
2025 125 -1.2648e-05
2050 125 -1.28736e-05
2075 125 -1.89453e-05
2100 125 -2.30413e-05
2125 125 -7.55714e-06
2150 125 2.67345e-05
2175 125 4.5571e-05
2200 125 3.39752e-05
2225 125 1.43839e-05
2250 125 3.75813e-06
2275 125 6.33959e-07
2300 125 7.12356e-08
2325 125 5.46289e-09
2350 125 2.91719e-10
2375 125 1.10357e-11
2400 125 3.0024e-13
2425 125 5.95338e-15
2450 125 8.70713e-17
2475 125 9.49468e-19
2500 125 7.79506e-21
2525 125 4.86133e-23
2550 125 2.32178e-25
2575 125 8.55572e-28
2600 125 2.44934e-30
2625 125 5.48215e-33
2650 125 9.64969e-36
2675 125 1.34307e-38
2700 125 1.48562e-41
2725 125 1.31214e-44
2750 125 9.29459e-48
2775 125 5.30194e-51
2800 125 2.44491e-54
2825 125 9.14689e-58
2850 125 2.78568e-61
2875 125 6.92799e-65
2900 125 1.41121e-68
2925 125 2.36103e-72
2950 125 3.25291e-76
2975 125 3.69981e-80
0 150 0
25 150 -9.48625e-06
50 150 -2.221e-05
75 150 -3.21447e-05
100 150 -2.62162e-05
125 150 -7.0348e-06
150 150 -2.18878e-06
175 150 -1.77041e-05
200 150 -2.31277e-05
225 150 -1.02099e-05
250 150 2.22011e-06
275 150 6.22608e-06
300 150 5.92491e-06
325 150 4.87933e-06
350 150 4.02241e-06
375 150 3.3932e-06
400 150 2.92216e-06
425 150 2.55895e-06
450 150 2.27203e-06
475 150 2.04102e-06
500 150 1.85211e-06
525 150 1.69566e-06
550 150 1.56472e-06
575 150 1.45419e-06
600 150 1.3602e-06
625 150 1.27984e-06
650 150 1.21081e-06
675 150 1.15134e-06
700 150 1.1e-06
725 150 1.05567e-06
750 150 1.01743e-06
775 150 9.8455e-07
800 150 9.56423e-07
825 150 9.32565e-07
850 150 9.1258e-07
875 150 8.96152e-07
900 150 8.83027e-07
925 150 8.73011e-07
950 150 8.65958e-07
975 150 8.61765e-07
1000 150 8.60374e-07
1025 150 8.61765e-07
1050 150 8.65958e-07
1075 150 8.73011e-07
1100 150 8.83027e-07
1125 150 8.96152e-07
1150 150 9.1258e-07
1175 150 9.32565e-07
1200 150 9.56423e-07
1225 150 9.8455e-07
1250 150 1.01743e-06
1275 150 1.05567e-06
1300 150 1.1e-06
1325 150 1.15134e-06
1350 150 1.21081e-06
1375 150 1.27984e-06
1400 150 1.3602e-06
1425 150 1.45419e-06
1450 150 1.56472e-06
1475 150 1.69566e-06
1500 150 1.85211e-06
1525 150 2.04102e-06
1550 150 2.27203e-06
1575 150 2.55895e-06
1600 150 2.92217e-06
1625 150 3.3933e-06
1650 150 4.02452e-06
1675 150 4.91099e-06
1700 150 6.25105e-06
1725 150 8.4723e-06
1750 150 1.22528e-05
1775 150 1.76474e-05
1800 150 2.16441e-05
1825 150 1.69399e-05
1850 150 -2.06201e-06
1875 150 -2.88833e-05
1900 150 -4.65695e-05
1925 150 -4.49468e-05
1950 150 -3.05828e-05
1975 150 -1.64481e-05
2000 150 -8.8767e-06
2025 150 -6.9618e-06
2050 150 -8.37274e-06
2075 150 -1.28021e-05
2100 150 -2.03532e-05
2125 150 -2.18485e-05
2150 150 1.26772e-07
2175 150 3.4644e-05
2200 150 4.47718e-05
2225 150 2.78572e-05
2250 150 1.00327e-05
2275 150 2.24622e-06
2300 150 3.26135e-07
2325 150 3.16555e-08
2350 150 2.10405e-09
2375 150 9.77058e-11
2400 150 3.22484e-12
2425 150 7.67975e-14
2450 150 1.33725e-15
2475 150 1.72291e-17
2500 150 1.66012e-19
2525 150 1.20795e-21
2550 150 6.69592e-24
2575 150 2.85045e-26
2600 150 9.38765e-29
2625 150 2.40815e-31
2650 150 4.84177e-34
2675 150 7.67412e-37
2700 150 9.64009e-40
2725 150 9.64541e-43
2750 150 7.72247e-46
2775 150 4.9689e-49
2800 150 2.57977e-52
2825 150 1.08481e-55
2850 150 3.70772e-59
2875 150 1.03342e-62
2900 150 2.35618e-66
2925 150 4.40722e-70
2950 150 6.78163e-74
2975 150 8.60663e-78
0 175 0
25 175 -1.71229e-06
50 175 -6.92065e-06
75 175 -1.70208e-05
100 175 -2.66352e-05
125 175 -2.54555e-05
150 175 -1.77041e-05
175 175 -2.22408e-05
200 175 -3.04423e-05
225 175 -1.97253e-05
250 175 -4.73659e-07
275 175 9.07623e-06
300 175 9.573e-06
325 175 7.63476e-06
350 175 5.98289e-06
375 175 4.85918e-06
400 175 4.07522e-06
425 175 3.49955e-06
450 175 3.06048e-06
475 175 2.71624e-06
500 175 2.44062e-06
525 175 2.21621e-06
550 175 2.03104e-06
575 175 1.87655e-06
600 175 1.7465e-06
625 175 1.63624e-06
650 175 1.54222e-06
675 175 1.46173e-06
700 175 1.39264e-06
725 175 1.33325e-06
750 175 1.28224e-06
775 175 1.23853e-06
800 175 1.20125e-06
825 175 1.16971e-06
850 175 1.14335e-06
875 175 1.12172e-06
900 175 1.10447e-06
925 175 1.09132e-06
950 175 1.08207e-06
975 175 1.07657e-06
1000 175 1.07475e-06
1025 175 1.07657e-06
1050 175 1.08207e-06
1075 175 1.09132e-06
1100 175 1.10447e-06
1125 175 1.12172e-06
1150 175 1.14335e-06
1175 175 1.16971e-06
1200 175 1.20125e-06
1225 175 1.23853e-06
1250 175 1.28224e-06
1275 175 1.33325e-06
1300 175 1.39264e-06
1325 175 1.46173e-06
1350 175 1.54222e-06
1375 175 1.63624e-06
1400 175 1.7465e-06
1425 175 1.87655e-06
1450 175 2.03104e-06
1475 175 2.21621e-06
1500 175 2.44062e-06
1525 175 2.71624e-06
1550 175 3.06048e-06
1575 175 3.49955e-06
1600 175 4.07524e-06
1625 175 4.85989e-06
1650 175 5.99532e-06
1675 175 7.78422e-06
1700 175 1.07812e-05
1725 175 1.54491e-05
1750 175 2.06135e-05
1775 175 2.14203e-05
1800 175 1.09397e-05
1825 175 -1.19257e-05
1850 175 -3.64043e-05
1875 175 -4.75119e-05
1900 175 -4.09916e-05
1925 175 -2.59232e-05
1950 175 -1.31915e-05
1975 175 -6.67207e-06
2000 175 -4.72765e-06
2025 175 -4.95979e-06
2050 175 -6.27087e-06
2075 175 -8.90235e-06
2100 175 -1.43565e-05
2125 175 -2.20564e-05
2150 175 -1.87002e-05
2175 175 1.03152e-05
2200 175 4.1382e-05
2225 175 4.11456e-05
2250 175 2.10872e-05
2275 175 6.3729e-06
2300 175 1.20816e-06
2325 175 1.49457e-07
2350 175 1.24239e-08
2375 175 7.10546e-10
2400 175 2.85165e-11
2425 175 8.16853e-13
2450 175 1.69505e-14
2475 175 2.58174e-16
2500 175 2.92026e-18
2525 175 2.47903e-20
2550 175 1.59451e-22
2575 175 7.83819e-25
2600 175 2.96806e-27
2625 175 8.72043e-30
2650 175 2.00123e-32
2675 175 3.60919e-35
2700 175 5.14438e-38
2725 175 5.82566e-41
2750 175 5.26694e-44
2775 175 3.81892e-47
2800 175 2.2301e-50
2825 175 1.05298e-53
2850 175 4.03482e-57
2875 175 1.25903e-60
2900 175 3.20967e-64
2925 175 6.70517e-68
2950 175 1.15112e-71
2975 175 1.62836e-75
0 200 0
25 200 5.87489e-07
50 200 3.29761e-08
75 200 -3.46879e-06
100 200 -1.10355e-05
125 200 -1.92575e-05
150 200 -2.31277e-05
175 200 -3.04423e-05
200 200 -4.58999e-05
225 200 -4.42957e-05
250 200 -1.70879e-05
275 200 7.8893e-06
300 200 1.56014e-05
325 200 1.35385e-05
350 200 1.00287e-05
375 200 7.54603e-06
400 200 5.99039e-06
425 200 4.96337e-06
450 200 4.23328e-06
475 200 3.68693e-06
500 200 3.26407e-06
525 200 2.92869e-06
550 200 2.65767e-06
575 200 2.4354e-06
600 200 2.25093e-06
625 200 2.09638e-06
650 200 1.96594e-06
675 200 1.85523e-06
700 200 1.76089e-06
725 200 1.68032e-06
750 200 1.6115e-06
775 200 1.5528e-06
800 200 1.50294e-06
825 200 1.46091e-06
850 200 1.42588e-06
875 200 1.39721e-06
900 200 1.37438e-06
925 200 1.35701e-06
950 200 1.3448e-06
975 200 1.33755e-06
1000 200 1.33515e-06
1025 200 1.33755e-06
1050 200 1.3448e-06
1075 200 1.35701e-06
1100 200 1.37438e-06
1125 200 1.39721e-06
1150 200 1.42588e-06
1175 200 1.46091e-06
1200 200 1.50294e-06
1225 200 1.5528e-06
1250 200 1.6115e-06
1275 200 1.68032e-06
1300 200 1.76089e-06
1325 200 1.85523e-06
1350 200 1.96594e-06
1375 200 2.09638e-06
1400 200 2.25093e-06
1425 200 2.4354e-06
1450 200 2.65767e-06
1475 200 2.92869e-06
1500 200 3.26407e-06
1525 200 3.68693e-06
1550 200 4.23328e-06
1575 200 4.96338e-06
1600 200 5.9906e-06
1625 200 7.5503e-06
1650 200 1.00892e-05
1675 200 1.4117e-05
1700 200 1.92421e-05
1725 200 2.24101e-05
1750 200 1.76878e-05
1775 200 8.51833e-07
1800 200 -2.36372e-05
1825 200 -4.28667e-05
1850 200 -4.63865e-05
1875 200 -3.57451e-05
1900 200 -2.09781e-05
1925 200 -1.01932e-05
1950 200 -5.03141e-06
1975 200 -3.47302e-06
2000 200 -3.4674e-06
2025 200 -4.06051e-06
2050 200 -5.06438e-06
2075 200 -6.72437e-06
2100 200 -9.94263e-06
2125 200 -1.64876e-05
2150 200 -2.32588e-05
2175 200 -1.24244e-05
2200 200 2.22627e-05
2225 200 4.51475e-05
2250 200 3.47756e-05
2275 200 1.45208e-05
2300 200 3.64061e-06
2325 200 5.78537e-07
2350 200 6.0455e-08
2375 200 4.27265e-09
2400 200 2.08961e-10
2425 200 7.20954e-12
2450 200 1.78419e-13
2475 200 3.21347e-15
2500 200 4.26664e-17
2525 200 4.22432e-19
2550 200 3.15106e-21
2575 200 1.78743e-23
2600 200 7.77583e-26
2625 200 2.61431e-28
2650 200 6.84111e-31
2675 200 1.4024e-33
2700 200 2.26566e-36
2725 200 2.9006e-39
2750 200 2.95786e-42
2775 200 2.41394e-45
2800 200 1.58363e-48
2825 200 8.3859e-52
2850 200 3.59817e-55
2875 200 1.25548e-58
2900 200 3.57434e-62
2925 200 8.32929e-66
2950 200 1.59342e-69
2975 200 2.50938e-73
0 225 0
25 225 8.70846e-07
50 225 1.60493e-06
75 225 1.66791e-06
100 225 -1.16457e-07
125 225 -4.55447e-06
150 225 -1.02099e-05
175 225 -1.97253e-05
200 225 -4.42957e-05
225 225 -6.92223e-05
250 225 -5.75115e-05
275 225 -1.80143e-05
300 225 1.16867e-05
325 225 2.05316e-05
350 225 1.82413e-05
375 225 1.36433e-05
400 225 1.0015e-05
425 225 7.68686e-06
450 225 6.21918e-06
475 225 5.23157e-06
500 225 4.51853e-06
525 225 3.97862e-06
550 225 3.55697e-06
575 225 3.22023e-06
600 225 2.94667e-06
625 225 2.72145e-06
650 225 2.53411e-06
675 225 2.37704e-06
700 225 2.24457e-06
725 225 2.13244e-06
750 225 2.03737e-06
775 225 1.9568e-06
800 225 1.88875e-06
825 225 1.83164e-06
850 225 1.78424e-06
875 225 1.74556e-06
900 225 1.71484e-06
925 225 1.69151e-06
950 225 1.67514e-06
975 225 1.66543e-06
1000 225 1.66222e-06
1025 225 1.66543e-06
1050 225 1.67514e-06
1075 225 1.69151e-06
1100 225 1.71484e-06
1125 225 1.74556e-06
1150 225 1.78424e-06
1175 225 1.83164e-06
1200 225 1.88875e-06
1225 225 1.9568e-06
1250 225 2.03737e-06
1275 225 2.13244e-06
1300 225 2.24457e-06
1325 225 2.37704e-06
1350 225 2.53411e-06
1375 225 2.72145e-06
1400 225 2.94667e-06
1425 225 3.22023e-06
1450 225 3.55697e-06
1475 225 3.97862e-06
1500 225 4.51853e-06
1525 225 5.23157e-06
1550 225 6.21918e-06
1575 225 7.68691e-06
1600 225 1.00163e-05
1625 225 1.36647e-05
1650 225 1.84854e-05
1675 225 2.23793e-05
1700 225 2.06535e-05
1725 225 8.57953e-06
1750 225 -1.30472e-05
1775 225 -3.52094e-05
1800 225 -4.64279e-05
1825 225 -4.25234e-05
1850 225 -2.93491e-05
1875 225 -1.60111e-05
1900 225 -7.50934e-06
1925 225 -3.74437e-06
1950 225 -2.64931e-06
1975 225 -2.61876e-06
2000 225 -2.95641e-06
2025 225 -3.48961e-06
2050 225 -4.25424e-06
2075 225 -5.41228e-06
2100 225 -7.39288e-06
2125 225 -1.14567e-05
2150 225 -1.91393e-05
2175 225 -2.2798e-05
2200 225 -2.13217e-06
2225 225 3.40129e-05
2250 225 4.44642e-05
2275 225 2.65938e-05
2300 225 8.96675e-06
2325 225 1.84767e-06
2350 225 2.4409e-07
2375 225 2.13929e-08
2400 225 1.27768e-09
2425 225 5.31584e-11
2450 225 1.56971e-12
2475 225 3.34322e-14
2500 225 5.20877e-16
2525 225 6.01107e-18
2550 225 5.19584e-20
2575 225 3.39779e-22
2600 225 1.69631e-24
2625 225 6.51854e-27
2650 225 1.94264e-29
2675 225 4.52077e-32
2700 225 8.26709e-35
2725 225 1.19492e-37
2750 225 1.37248e-40
2775 225 1.25898e-43
2800 225 9.2658e-47
2825 225 5.495e-50
2850 225 2.63642e-53
2875 225 1.02718e-56
2900 225 3.26129e-60
2925 225 8.46561e-64
2950 225 1.80214e-67
2975 225 3.15523e-71
0 250 0
25 250 7.67639e-07
50 250 1.59035e-06
75 250 2.45584e-06
100 250 3.13026e-06
125 250 3.0873e-06
150 250 2.22011e-06
175 250 -4.73659e-07
200 250 -1.70879e-05
225 250 -5.75115e-05
250 250 -8.62915e-05
275 250 -6.74373e-05
300 250 -2.45284e-05
325 250 7.43818e-06
350 250 2.09443e-05
375 250 2.23682e-05
400 250 1.86162e-05
425 250 1.40717e-05
450 250 1.05438e-05
475 250 8.21618e-06
500 250 6.72004e-06
525 250 5.70688e-06
550 250 4.97305e-06
575 250 4.41511e-06
600 250 3.9778e-06
625 250 3.62776e-06
650 250 3.34306e-06
675 250 3.1087e-06
700 250 2.91404e-06
725 250 2.75135e-06
750 250 2.61488e-06
775 250 2.50028e-06
800 250 2.40421e-06
825 250 2.32411e-06
850 250 2.25797e-06
875 250 2.20425e-06
900 250 2.16174e-06
925 250 2.12954e-06
950 250 2.10699e-06
975 250 2.09364e-06
1000 250 2.08922e-06
1025 250 2.09364e-06
1050 250 2.10699e-06
1075 250 2.12954e-06
1100 250 2.16174e-06
1125 250 2.20425e-06
1150 250 2.25797e-06
1175 250 2.32411e-06
1200 250 2.40421e-06
1225 250 2.50028e-06
1250 250 2.61488e-06
1275 250 2.75135e-06
1300 250 2.91404e-06
1325 250 3.1087e-06
1350 250 3.34306e-06
1375 250 3.62776e-06
1400 250 3.9778e-06
1425 250 4.41511e-06
1450 250 4.97305e-06
1475 250 5.70688e-06
1500 250 6.72004e-06
1525 250 8.21618e-06
1550 250 1.05438e-05
1575 250 1.4072e-05
1600 250 1.86228e-05
1625 250 2.2458e-05
1650 250 2.17678e-05
1675 250 1.23365e-05
1700 250 -6.40961e-06
1725 250 -2.84225e-05
1750 250 -4.36748e-05
1775 250 -4.5588e-05
1800 250 -3.59746e-05
1825 250 -2.23732e-05
1850 250 -1.142e-05
1875 250 -5.26475e-06
1900 250 -2.75655e-06
1925 250 -2.0763e-06
1950 250 -2.07594e-06
1975 250 -2.29774e-06
2000 250 -2.62624e-06
2025 250 -3.06537e-06
2050 250 -3.6663e-06
2075 250 -4.53214e-06
2100 250 -5.88681e-06
2125 250 -8.35204e-06
2150 250 -1.36401e-05
2175 250 -2.18995e-05
2200 250 -1.88868e-05
2225 250 1.19235e-05
2250 250 4.26167e-05
2275 250 3.90148e-05
2300 250 1.81187e-05
2325 250 4.89837e-06
2350 250 8.23456e-07
2375 250 8.9838e-08
2400 250 6.56623e-09
2425 250 3.29776e-10
2450 250 1.16228e-11
2475 250 2.92662e-13
2500 250 5.34722e-15
2525 250 7.18633e-17
2550 250 7.19022e-19
2575 250 5.41392e-21
2600 250 3.09758e-23
2625 250 1.35857e-25
2650 250 4.60411e-28
2675 250 1.21442e-30
2700 250 2.50985e-33
2725 250 4.08917e-36
2750 250 5.28181e-39
2775 250 5.43698e-42
2800 250 4.48185e-45
2825 250 2.97189e-48
2850 250 1.59183e-51
2875 250 6.91419e-55
2900 250 2.44425e-58
2925 250 7.05645e-62
2950 250 1.66895e-65
2975 250 3.24351e-69
0 275 0
25 275 6.47396e-07
50 275 1.35551e-06
75 275 2.19303e-06
100 275 3.22801e-06
125 275 4.5029e-06
150 275 6.22608e-06
175 275 9.07623e-06
200 275 7.8893e-06
225 275 -1.80143e-05
250 275 -6.74373e-05
275 275 -9.14787e-05
300 275 -7.09977e-05
325 275 -3.54244e-05
350 275 -6.19157e-06
375 275 1.28149e-05
400 275 2.18548e-05
425 275 2.29588e-05
450 275 1.97315e-05
475 275 1.54407e-05
500 275 1.18253e-05
525 275 9.2891e-06
550 275 7.61479e-06
575 275 6.48595e-06
600 275 5.67919e-06
625 275 5.07054e-06
650 275 4.59481e-06
675 275 4.21492e-06
700 275 3.9071e-06
725 275 3.65501e-06
750 275 3.44701e-06
775 275 3.27469e-06
800 275 3.13185e-06
825 275 3.01386e-06
850 275 2.91718e-06
875 275 2.83915e-06
900 275 2.77773e-06
925 275 2.73138e-06
950 275 2.69902e-06
975 275 2.67989e-06
1000 275 2.67356e-06
1025 275 2.67989e-06
1050 275 2.69902e-06
1075 275 2.73138e-06
1100 275 2.77773e-06
1125 275 2.83915e-06
1150 275 2.91718e-06
1175 275 3.01386e-06
1200 275 3.13185e-06
1225 275 3.27469e-06
1250 275 3.44701e-06
1275 275 3.65501e-06
1300 275 3.9071e-06
1325 275 4.21492e-06
1350 275 4.59481e-06
1375 275 5.07054e-06
1400 275 5.67919e-06
1425 275 6.48595e-06
1450 275 7.61479e-06
1475 275 9.2891e-06
1500 275 1.18253e-05
1525 275 1.54407e-05
1550 275 1.97316e-05
1575 275 2.29605e-05
1600 275 2.18834e-05
1625 275 1.31336e-05
1650 275 -3.85422e-06
1675 275 -2.45842e-05
1700 275 -4.09119e-05
1725 275 -4.62134e-05
1750 275 -4.00153e-05
1775 275 -2.7654e-05
1800 275 -1.56491e-05
1825 275 -7.57952e-06
1850 275 -3.54364e-06
1875 275 -2.03758e-06
1900 275 -1.67184e-06
1925 275 -1.70473e-06
1950 275 -1.86489e-06
1975 275 -2.08626e-06
2000 275 -2.36864e-06
2025 275 -2.73366e-06
2050 275 -3.2204e-06
2075 275 -3.89776e-06
2100 275 -4.89985e-06
2125 275 -6.54048e-06
2150 275 -9.76972e-06
2175 275 -1.66558e-05
2200 275 -2.35384e-05
2225 275 -9.63971e-06
2250 275 2.7422e-05
2275 275 4.52653e-05
2300 275 3.00858e-05
2325 275 1.08402e-05
2350 275 2.33736e-06
2375 275 3.18774e-07
2400 275 2.85755e-08
2425 275 1.73401e-09
2450 275 7.29496e-11
2475 275 2.17062e-12
2500 275 4.64684e-14
2525 275 7.26432e-16
2550 275 8.40169e-18
2575 275 7.27288e-20
2600 275 4.7612e-22
2625 275 2.3793e-24
2650 275 9.1532e-27
2675 275 2.73165e-29
2700 275 6.3687e-32
2725 275 1.16747e-34
2750 275 1.69269e-37
2775 275 1.95172e-40
2800 275 1.7987e-43
2825 275 1.33117e-46
2850 275 7.94563e-50
2875 275 3.84064e-53
2900 275 1.50903e-56
2925 275 4.8366e-60
2950 275 1.26872e-63
2975 275 2.7322e-67
0 300 0
25 300 5.52081e-07
50 300 1.15138e-06
75 300 1.85741e-06
100 300 2.75892e-06
125 300 4.00486e-06
150 300 5.92491e-06
175 300 9.573e-06
200 300 1.56014e-05
225 300 1.16867e-05
250 300 -2.45284e-05
275 300 -7.09977e-05
300 300 -8.27576e-05
325 300 -6.61102e-05
350 300 -4.54544e-05
375 300 -2.53746e-05
400 300 -5.35132e-06
425 300 1.113e-05
450 300 2.07956e-05
475 300 2.35501e-05
500 300 2.1695e-05
525 300 1.7963e-05
550 300 1.42303e-05
575 300 1.12891e-05
600 300 9.21476e-06
625 300 7.79925e-06
650 300 6.81245e-06
675 300 6.0912e-06
700 300 5.5394e-06
725 300 5.1038e-06
750 300 4.75382e-06
775 300 4.47006e-06
800 300 4.23915e-06
825 300 4.05132e-06
850 300 3.89938e-06
875 300 3.77798e-06
900 300 3.68318e-06
925 300 3.61208e-06
950 300 3.56265e-06
975 300 3.53351e-06
1000 300 3.52388e-06
1025 300 3.53351e-06
1050 300 3.56265e-06
1075 300 3.61208e-06
1100 300 3.68318e-06
1125 300 3.77798e-06
1150 300 3.89938e-06
1175 300 4.05132e-06
1200 300 4.23915e-06
1225 300 4.47006e-06
1250 300 4.75382e-06
1275 300 5.1038e-06
1300 300 5.5394e-06
1325 300 6.0912e-06
1350 300 6.81245e-06
1375 300 7.79925e-06
1400 300 9.21476e-06
1425 300 1.12891e-05
1450 300 1.42303e-05
1475 300 1.7963e-05
1500 300 2.1695e-05
1525 300 2.35501e-05
1550 300 2.0796e-05
1575 300 1.11378e-05
1600 300 -5.24521e-06
1625 300 -2.44117e-05
1650 300 -3.98345e-05
1675 300 -4.59924e-05
1700 300 -4.18082e-05
1725 300 -3.09874e-05
1750 300 -1.90685e-05
1775 300 -9.97104e-06
1800 300 -4.70697e-06
1825 300 -2.34562e-06
1850 300 -1.54561e-06
1875 300 -1.38613e-06
1900 300 -1.43948e-06
1925 300 -1.56179e-06
1950 300 -1.72027e-06
1975 300 -1.91553e-06
2000 300 -2.15856e-06
2025 300 -2.46761e-06
2050 300 -2.87165e-06
2075 300 -3.4192e-06
2100 300 -4.1984e-06
2125 300 -5.391e-06
2150 300 -7.47053e-06
2175 300 -1.19186e-05
2200 300 -2.03084e-05
2225 300 -2.16577e-05
2250 300 5.45985e-06
2275 300 4.00103e-05
2300 300 4.09494e-05
2325 300 2.01179e-05
2350 300 5.61991e-06
2375 300 9.62888e-07
2400 300 1.06112e-07
2425 300 7.78669e-09
2450 300 3.90993e-10
2475 300 1.37381e-11
2500 300 3.44206e-13
2525 300 6.25017e-15
2550 300 8.34234e-17
2575 300 8.28748e-19
2600 300 6.19598e-21
2625 300 3.521e-23
2650 300 1.53454e-25
2675 300 5.17095e-28
2700 300 1.35723e-30
2725 300 2.79357e-33
2750 300 4.53712e-36
2775 300 5.84782e-39
2800 300 6.01296e-42
2825 300 4.95654e-45
2850 300 3.29026e-48
2875 300 1.76632e-51
2900 300 7.69826e-55
2925 300 2.73394e-58
2950 300 7.93853e-62
2975 300 1.89074e-65
0 325 0
25 325 4.77867e-07
50 325 9.92191e-07
75 325 1.58833e-06
100 325 2.33423e-06
125 325 3.34861e-06
150 325 4.87933e-06
175 325 7.63476e-06
200 325 1.35385e-05
225 325 2.05316e-05
250 325 7.43818e-06
275 325 -3.54244e-05
300 325 -6.61102e-05
325 325 -6.35789e-05
350 325 -5.34518e-05
375 325 -4.82777e-05
400 325 -4.1221e-05
425 325 -2.7899e-05
450 325 -1.06865e-05
475 325 5.58281e-06
500 325 1.71756e-05
525 325 2.28831e-05
550 325 2.36742e-05
575 325 2.14982e-05
600 325 1.81901e-05
625 325 1.49405e-05
650 325 1.22776e-05
675 325 1.02905e-05
700 325 8.86741e-06
725 325 7.85184e-06
750 325 7.11167e-06
775 325 6.55541e-06
800 325 6.1256e-06
825 325 5.78749e-06
850 325 5.51986e-06
875 325 5.3092e-06
900 325 5.14646e-06
925 325 5.02543e-06
950 325 4.94178e-06
975 325 4.89267e-06
1000 325 4.87647e-06
1025 325 4.89267e-06
1050 325 4.94178e-06
1075 325 5.02543e-06
1100 325 5.14646e-06
1125 325 5.3092e-06
1150 325 5.51986e-06
1175 325 5.78749e-06
1200 325 6.1256e-06
1225 325 6.55541e-06
1250 325 7.11167e-06
1275 325 7.85184e-06
1300 325 8.86741e-06
1325 325 1.02905e-05
1350 325 1.22776e-05
1375 325 1.49405e-05
1400 325 1.81901e-05
1425 325 2.14982e-05
1450 325 2.36742e-05
1475 325 2.28831e-05
1500 325 1.71756e-05
1525 325 5.58289e-06
1550 325 -1.06847e-05
1575 325 -2.78689e-05
1600 325 -4.08822e-05
1625 325 -4.57835e-05
1650 325 -4.19336e-05
1675 325 -3.21821e-05
1700 325 -2.09385e-05
1725 325 -1.17005e-05
1750 325 -5.80308e-06
1775 325 -2.80257e-06
1800 325 -1.59037e-06
1825 325 -1.22626e-06
1850 325 -1.18311e-06
1875 325 -1.24334e-06
1900 325 -1.33959e-06
1925 325 -1.45802e-06
1950 325 -1.60016e-06
1975 325 -1.77233e-06
2000 325 -1.98421e-06
2025 325 -2.25019e-06
2050 325 -2.59235e-06
2075 325 -3.04635e-06
2100 325 -3.67381e-06
2125 325 -4.59195e-06
2150 325 -6.06244e-06
2175 325 -8.86102e-06
2200 325 -1.51289e-05
2225 325 -2.33342e-05
2250 325 -1.32413e-05
2275 325 2.3724e-05
2300 325 4.51717e-05
2325 325 3.13968e-05
2350 325 1.15182e-05
2375 325 2.49427e-06
2400 325 3.38824e-07
2425 325 3.00926e-08
2450 325 1.80309e-09
2475 325 7.47429e-11
2500 325 2.18867e-12
2525 325 4.60845e-14
2550 325 7.08515e-16
2575 325 8.06097e-18
2600 325 6.86784e-20
2625 325 4.42829e-22
2650 325 2.18151e-24
2675 325 8.28135e-27
2700 325 2.44144e-29
2725 325 5.62949e-32
2750 325 1.02185e-34
2775 325 1.46888e-37
2800 325 1.68133e-40
2825 325 1.54024e-43
2850 325 1.13458e-46
2875 325 6.74966e-50
2900 325 3.25607e-53
2925 325 1.27853e-56
2950 325 4.10077e-60
2975 325 1.07793e-63
0 350 0
25 350 4.1913e-07
50 350 8.67066e-07
75 350 1.37889e-06
100 350 2.00534e-06
125 350 2.83139e-06
150 350 4.02241e-06
175 350 5.98289e-06
200 350 1.00287e-05
225 350 1.82413e-05
250 350 2.09443e-05
275 350 -6.19157e-06
300 350 -4.54544e-05
325 350 -5.34518e-05
350 350 -4.11907e-05
375 350 -3.6869e-05
400 350 -4.14917e-05
425 350 -4.54798e-05
450 350 -4.33179e-05
475 350 -3.41477e-05
500 350 -2.00975e-05
525 350 -4.71201e-06
550 350 8.6629e-06
575 350 1.80106e-05
600 350 2.2916e-05
625 350 2.41425e-05
650 350 2.29571e-05
675 350 2.05769e-05
700 350 1.78871e-05
725 350 1.53955e-05
750 350 1.33151e-05
775 350 1.16788e-05
800 350 1.04343e-05
825 350 9.50331e-06
850 350 8.8117e-06
875 350 8.30034e-06
900 350 7.9261e-06
925 350 7.65931e-06
950 350 7.48046e-06
975 350 7.37749e-06
1000 350 7.34385e-06
1025 350 7.37749e-06
1050 350 7.48046e-06
1075 350 7.65931e-06
1100 350 7.9261e-06
1125 350 8.30034e-06
1150 350 8.8117e-06
1175 350 9.50331e-06
1200 350 1.04343e-05
1225 350 1.16788e-05
1250 350 1.33151e-05
1275 350 1.53955e-05
1300 350 1.78871e-05
1325 350 2.05769e-05
1350 350 2.29571e-05
1375 350 2.41425e-05
1400 350 2.2916e-05
1425 350 1.80106e-05
1450 350 8.6629e-06
1475 350 -4.71201e-06
1500 350 -2.00975e-05
1525 350 -3.41474e-05
1550 350 -4.33107e-05
1575 350 -4.5379e-05
1600 350 -4.05542e-05
1625 350 -3.12881e-05
1650 350 -2.09573e-05
1675 350 -1.22717e-05
1700 350 -6.4064e-06
1725 350 -3.16067e-06
1750 350 -1.68805e-06
1775 350 -1.15513e-06
1800 350 -1.02403e-06
1825 350 -1.03575e-06
1850 350 -1.09382e-06
1875 350 -1.17086e-06
1900 350 -1.26226e-06
1925 350 -1.36978e-06
1950 350 -1.49737e-06
1975 350 -1.65066e-06
2000 350 -1.83763e-06
2025 350 -2.0698e-06
2050 350 -2.36443e-06
2075 350 -2.74867e-06
2100 350 -3.2676e-06
2125 350 -4.00225e-06
2150 350 -5.11623e-06
2175 350 -7.01864e-06
2200 350 -1.10527e-05
2225 350 -1.93964e-05
2250 350 -2.26324e-05
2275 350 3.0309e-06
2300 350 3.9048e-05
2325 350 4.11802e-05
2350 350 2.02335e-05
2375 350 5.5809e-06
2400 350 9.37451e-07
2425 350 1.00863e-07
2450 350 7.20908e-09
2475 350 3.52158e-10
2500 350 1.20328e-11
2525 350 2.93222e-13
2550 350 5.18143e-15
2575 350 6.73583e-17
2600 350 6.52419e-19
2625 350 4.76141e-21
2650 350 2.64473e-23
2675 350 1.1282e-25
2700 350 3.72649e-28
2725 350 9.60172e-31
2750 350 1.94302e-33
2775 350 3.10732e-36
2800 350 3.94963e-39
2825 350 4.01123e-42
2850 350 3.2709e-45
2875 350 2.15123e-48
2900 350 1.14593e-51
2925 350 4.96344e-55
2950 350 1.75445e-58
2975 350 5.07817e-62
0 375 0
25 375 3.71869e-07
50 375 7.67008e-07
75 375 1.21325e-06
100 375 1.74956e-06
125 375 2.43832e-06
150 375 3.3932e-06
175 375 4.85918e-06
200 375 7.54603e-06
225 375 1.36433e-05
250 375 2.23682e-05
275 375 1.28149e-05
300 375 -2.53746e-05
325 375 -4.82777e-05
350 375 -3.6869e-05
375 375 -2.23918e-05
400 375 -2.14084e-05
425 375 -2.86401e-05
450 375 -3.73384e-05
475 375 -4.36351e-05
500 375 -4.52007e-05
525 375 -4.10995e-05
550 375 -3.19737e-05
575 375 -1.97128e-05
600 375 -6.6939e-06
625 375 5.00413e-06
650 375 1.40846e-05
675 375 2.0124e-05
700 375 2.33744e-05
725 375 2.44558e-05
750 375 2.40812e-05
775 375 2.28809e-05
800 375 2.13265e-05
825 375 1.97272e-05
850 375 1.82594e-05
875 375 1.70079e-05
900 375 1.60017e-05
925 375 1.52402e-05
950 375 1.47112e-05
975 375 1.44005e-05
1000 375 1.42981e-05
1025 375 1.44005e-05
1050 375 1.47112e-05
1075 375 1.52402e-05
1100 375 1.60017e-05
1125 375 1.70079e-05
1150 375 1.82594e-05
1175 375 1.97272e-05
1200 375 2.13265e-05
1225 375 2.28809e-05
1250 375 2.40812e-05
1275 375 2.44558e-05
1300 375 2.33744e-05
1325 375 2.0124e-05
1350 375 1.40846e-05
1375 375 5.00413e-06
1400 375 -6.6939e-06
1425 375 -1.97128e-05
1450 375 -3.19737e-05
1475 375 -4.10995e-05
1500 375 -4.52007e-05
1525 375 -4.36337e-05
1550 375 -3.73132e-05
1575 375 -2.83446e-05
1600 375 -1.91438e-05
1625 375 -1.15319e-05
1650 375 -6.27798e-06
1675 375 -3.21917e-06
1700 375 -1.71869e-06
1725 375 -1.109e-06
1750 375 -9.18555e-07
1775 375 -8.93321e-07
1800 375 -9.24941e-07
1825 375 -9.76649e-07
1850 375 -1.03909e-06
1875 375 -1.11142e-06
1900 375 -1.19522e-06
1925 375 -1.29309e-06
1950 375 -1.40854e-06
1975 375 -1.54633e-06
2000 375 -1.71308e-06
2025 375 -1.9182e-06
2050 375 -2.17555e-06
2075 375 -2.50634e-06
2100 375 -2.94479e-06
2125 375 -3.54973e-06
2150 375 -4.43229e-06
2175 375 -5.83582e-06
2200 375 -8.47097e-06
2225 375 -1.45367e-05
2250 375 -2.32867e-05
2275 375 -1.39239e-05
2300 375 2.36559e-05
2325 375 4.50586e-05
2350 375 3.05911e-05
2375 375 1.08599e-05
2400 375 2.26456e-06
2425 375 2.95476e-07
2450 375 2.5181e-08
2475 375 1.44767e-09
2500 375 5.7612e-11
2525 375 1.62126e-12
2550 375 3.2849e-14
2575 375 4.86699e-16
2600 375 5.34506e-18
2625 375 4.40337e-20
2650 375 2.75026e-22
2675 375 1.31478e-24
2700 375 4.8523e-27
2725 375 1.39328e-29
2750 375 3.13476e-32
2775 375 5.56231e-35
2800 375 7.8302e-38
2825 375 8.79297e-41
2850 375 7.91657e-44
2875 375 5.74129e-47
2900 375 3.36851e-50
2925 375 1.60537e-53
2950 375 6.23814e-57
2975 375 1.98335e-60
0 400 0
25 400 3.33297e-07
50 400 6.85758e-07
75 400 1.07997e-06
100 400 1.5467e-06
125 400 2.13341e-06
150 400 2.92216e-06
175 400 4.07522e-06
200 400 5.99039e-06
225 400 1.0015e-05
250 400 1.86162e-05
275 400 2.18548e-05
300 400 -5.35132e-06
325 400 -4.1221e-05
350 400 -4.14917e-05
375 400 -2.14084e-05
400 400 -1.02511e-05
425 400 -1.04281e-05
450 400 -1.58762e-05
475 400 -2.35035e-05
500 400 -3.17593e-05
525 400 -3.90767e-05
550 400 -4.38727e-05
575 400 -4.49997e-05
600 400 -4.2093e-05
625 400 -3.56298e-05
650 400 -2.67062e-05
675 400 -1.66701e-05
700 400 -6.76739e-06
725 400 2.08573e-06
750 400 9.37985e-06
775 400 1.49694e-05
800 400 1.89682e-05
825 400 2.16345e-05
850 400 2.32771e-05
875 400 2.41927e-05
900 400 2.46333e-05
925 400 2.47949e-05
950 400 2.48189e-05
975 400 2.47986e-05
1000 400 2.47861e-05
1025 400 2.47986e-05
1050 400 2.48189e-05
1075 400 2.47949e-05
1100 400 2.46333e-05
1125 400 2.41927e-05
1150 400 2.32771e-05
1175 400 2.16345e-05
1200 400 1.89682e-05
1225 400 1.49694e-05
1250 400 9.37985e-06
1275 400 2.08573e-06
1300 400 -6.76739e-06
1325 400 -1.66701e-05
1350 400 -2.67062e-05
1375 400 -3.56298e-05
1400 400 -4.2093e-05
1425 400 -4.49997e-05
1450 400 -4.38727e-05
1475 400 -3.90766e-05
1500 400 -3.1759e-05
1525 400 -2.34982e-05
1550 400 -1.57988e-05
1575 400 -9.66572e-06
1600 400 -5.43942e-06
1625 400 -2.91375e-06
1650 400 -1.61035e-06
1675 400 -1.03794e-06
1700 400 -8.34284e-07
1725 400 -7.89059e-07
1750 400 -8.03105e-07
1775 400 -8.38207e-07
1800 400 -8.82588e-07
1825 400 -9.33805e-07
1850 400 -9.92236e-07
1875 400 -1.05914e-06
1900 400 -1.13629e-06
1925 400 -1.22598e-06
1950 400 -1.33124e-06
1975 400 -1.45615e-06
2000 400 -1.60628e-06
2025 400 -1.78945e-06
2050 400 -2.017e-06
2075 400 -2.30595e-06
2100 400 -2.68299e-06
2125 400 -3.19256e-06
2150 400 -3.9144e-06
2175 400 -5.00902e-06
2200 400 -6.87298e-06
2225 400 -1.08532e-05
2250 400 -1.94193e-05
2275 400 -2.26439e-05
2300 400 4.51704e-06
2325 400 4.01831e-05
2350 400 3.98813e-05
2375 400 1.84946e-05
2400 400 4.81171e-06
2425 400 7.62366e-07
2450 400 7.74291e-08
2475 400 5.23122e-09
2500 400 2.41975e-10
2525 400 7.8446e-12
2550 400 1.81764e-13
2575 400 3.0608e-15
