0 0 0
25 0 0
50 0 0
75 0 0
100 0 0
125 0 0
150 0 0
175 0 0
200 0 0
225 0 0
250 0 0
275 0 0
300 0 0
325 0 0
350 0 0
375 0 0
400 0 0
425 0 0
450 0 0
475 0 0
500 0 0
525 0 0
550 0 0
575 0 0
600 0 0
625 0 0
650 0 0
675 0 0
700 0 0
725 0 0
750 0 0
775 0 0
800 0 0
825 0 0
850 0 0
875 0 0
900 0 0
925 0 0
950 0 0
975 0 0
1000 0 0
1025 0 0
1050 0 0
1075 0 0
1100 0 0
1125 0 0
1150 0 0
1175 0 0
1200 0 0
1225 0 0
1250 0 0
1275 0 0
1300 0 0
1325 0 0
1350 0 0
1375 0 0
1400 0 0
1425 0 0
1450 0 0
1475 0 0
1500 0 0
1525 0 0
1550 0 0
1575 0 0
1600 0 0
1625 0 0
1650 0 0
1675 0 0
1700 0 0
1725 0 0
1750 0 0
1775 0 0
1800 0 0
1825 0 0
1850 0 0
1875 0 0
1900 0 0
1925 0 0
1950 0 0
1975 0 0
2000 0 0
2025 0 0
2050 0 0
2075 0 0
2100 0 0
2125 0 0
2150 0 0
2175 0 0
2200 0 0
2225 0 0
2250 0 0
2275 0 0
2300 0 0
2325 0 0
2350 0 0
2375 0 0
2400 0 0
2425 0 0
2450 0 0
2475 0 0
2500 0 0
2525 0 0
2550 0 0
2575 0 0
2600 0 0
2625 0 0
2650 0 0
2675 0 0
2700 0 0
2725 0 0
2750 0 0
2775 0 0
2800 0 0
2825 0 0
2850 0 0
2875 0 0
2900 0 0
2925 0 0
2950 0 0
2975 0 0
0 25 0
25 25 9.8107e-136
50 25 5.01411e-131
75 25 2.05215e-126
100 25 6.70273e-122
125 25 1.74085e-117
150 25 3.5819e-113
175 25 5.8159e-109
200 25 7.42184e-105
225 25 7.41263e-101
250 25 5.76909e-97
275 25 3.48307e-93
300 25 1.62377e-89
325 25 5.81737e-86
350 25 1.59388e-82
375 25 3.32331e-79
400 25 5.24688e-76
425 25 6.24141e-73
450 25 5.56633e-70
475 25 3.70392e-67
500 25 1.83039e-64
525 25 6.68832e-62
550 25 1.79987e-59
575 25 3.55451e-57
600 25 5.13636e-55
625 25 5.41856e-53
650 25 4.16699e-51
675 25 2.33454e-49
700 25 9.53107e-48
725 25 2.83894e-46
750 25 6.18205e-45
775 25 9.86936e-44
800 25 1.15909e-42
825 25 1.00531e-41
850 25 6.4658e-41
875 25 3.09657e-40
900 25 1.10861e-39
925 25 2.97748e-39
950 25 6.01672e-39
975 25 9.16792e-39
1000 25 1.05481e-38
1025 25 9.16792e-39
1050 25 6.01672e-39
1075 25 2.97748e-39
1100 25 1.10861e-39
1125 25 3.09657e-40
1150 25 6.4658e-41
1175 25 1.00531e-41
1200 25 1.15909e-42
1225 25 9.86936e-44
1250 25 6.18205e-45
1275 25 2.83894e-46
1300 25 9.53107e-48
1325 25 2.33454e-49
1350 25 4.16699e-51
1375 25 5.41856e-53
1400 25 5.13636e-55
1425 25 3.55451e-57
1450 25 1.79987e-59
1475 25 6.68832e-62
1500 25 1.83039e-64
1525 25 3.70392e-67
1550 25 5.56633e-70
1575 25 6.24141e-73
1600 25 5.24688e-76
1625 25 3.32331e-79
1650 25 1.59388e-82
1675 25 5.81737e-86
1700 25 1.62377e-89
1725 25 3.48307e-93
1750 25 5.76909e-97
1775 25 7.41263e-101
1800 25 7.42184e-105
1825 25 5.8159e-109
1850 25 3.5819e-113
1875 25 1.74085e-117
1900 25 6.70273e-122
1925 25 2.05215e-126
1950 25 5.01411e-131
1975 25 9.8107e-136
2000 25 1.54226e-140
2025 25 1.95407e-145
2050 25 2.00151e-150
2075 25 1.66213e-155
2100 25 1.12218e-160
2125 25 6.17589e-166
2150 25 2.77761e-171
2175 25 1.02335e-176
2200 25 3.09576e-182
2225 25 7.70645e-188
2250 25 1.58198e-193
2275 25 2.6834e-199
2300 25 3.76828e-205
2325 25 4.38907e-211
2350 25 4.24757e-217
2375 25 3.42117e-223
2400 25 2.29708e-229
2425 25 1.28769e-235
2450 25 6.03556e-242
2475 25 2.36867e-248
2500 25 7.79374e-255
2525 25 2.15253e-261
2550 25 4.99281e-268
2575 25 9.70818e-275
2600 25 1.56869e-281
2625 25 2.05931e-288
2650 25 2.108e-295
2675 25 1.59116e-302
2700 25 8.32894e-310
2725 25 2.84879e-317
2750 25 0
2775 25 0
2800 25 0
2825 25 0
2850 25 0
2875 25 0
2900 25 0
2925 25 0
2950 25 0
2975 25 0
0 50 0
25 50 5.01411e-131
50 50 2.33151e-126
75 50 8.67743e-122
100 50 2.576e-117
125 50 6.07749e-113
150 50 1.13524e-108
175 50 1.67233e-104
200 50 1.93489e-100
225 50 1.75085e-96
250 50 1.23366e-92
275 50 6.73794e-89
300 50 2.83939e-85
325 50 9.18788e-82
350 50 2.27189e-78
375 50 4.27172e-75
400 50 6.07731e-72
425 50 6.50986e-69
450 50 5.22487e-66
475 50 3.12738e-63
500 50 1.38977e-60
525 50 4.56624e-58
550 50 1.10512e-55
575 50 1.96387e-53
600 50 2.55603e-51
625 50 2.4322e-49
650 50 1.69051e-47
675 50 8.58272e-46
700 50 3.18596e-44
725 50 8.66353e-43
750 50 1.73064e-41
775 50 2.54871e-40
800 50 2.77876e-39
825 50 2.25311e-38
850 50 1.36515e-37
875 50 6.20984e-37
900 50 2.1301e-36
925 50 5.53148e-36
950 50 1.09096e-35
975 50 1.63816e-35
1000 50 1.87557e-35
1025 50 1.63816e-35
1050 50 1.09096e-35
1075 50 5.53148e-36
1100 50 2.1301e-36
1125 50 6.20984e-37
1150 50 1.36515e-37
1175 50 2.25311e-38
1200 50 2.77876e-39
1225 50 2.54871e-40
1250 50 1.73064e-41
1275 50 8.66353e-43
1300 50 3.18596e-44
1325 50 8.58272e-46
1350 50 1.69051e-47
1375 50 2.4322e-49
1400 50 2.55603e-51
1425 50 1.96387e-53
1450 50 1.10512e-55
1475 50 4.56624e-58
1500 50 1.38977e-60
1525 50 3.12738e-63
1550 50 5.22487e-66
1575 50 6.50986e-69
1600 50 6.07731e-72
1625 50 4.27172e-75
1650 50 2.27189e-78
1675 50 9.18788e-82
1700 50 2.83939e-85
1725 50 6.73794e-89
1750 50 1.23366e-92
1775 50 1.75085e-96
1800 50 1.93489e-100
1825 50 1.67233e-104
1850 50 1.13524e-108
1875 50 6.07749e-113
1900 50 2.576e-117
1925 50 8.67743e-122
1950 50 2.33151e-126
1975 50 5.01411e-131
2000 50 8.65987e-136
2025 50 1.20497e-140
2050 50 1.35492e-145
2075 50 1.2348e-150
2100 50 9.14611e-156
2125 50 5.52075e-161
2150 50 2.72264e-166
2175 50 1.09971e-171
2200 50 3.64645e-177
2225 50 9.94815e-183
2250 50 2.2378e-188
2275 50 4.15901e-194
2300 50 6.39882e-200
2325 50 8.16504e-206
2350 50 8.65644e-212
2375 50 7.63807e-218
2400 50 5.61821e-224
2425 50 3.4503e-230
2450 50 1.77177e-236
2475 50 7.61844e-243
2500 50 2.74677e-249
2525 50 8.31443e-256
2550 50 2.11535e-262
2575 50 4.52568e-269
2600 50 8.12657e-276
2625 50 1.214e-282
2650 50 1.47481e-289
2675 50 1.39828e-296
2700 50 9.78409e-304
2725 50 4.75197e-311
2750 50 1.50954e-318
2775 50 0
2800 50 0
2825 50 0
2850 50 0
2875 50 0
2900 50 0
2925 50 0
2950 50 0
2975 50 0
0 75 0
25 75 2.05215e-126
50 75 8.67743e-122
75 75 2.93528e-117
100 75 7.9151e-113
125 75 1.69518e-108
150 75 2.87256e-104
175 75 3.83608e-100
200 75 4.02047e-96
225 75 3.29292e-92
250 75 2.09835e-88
275 75 1.03559e-84
300 75 3.93979e-81
325 75 1.1499e-77
350 75 2.56234e-74
375 75 4.33774e-71
400 75 5.55146e-68
425 75 5.34502e-65
450 75 3.85321e-62
475 75 2.07032e-59
500 75 8.2552e-57
525 75 2.43325e-54
550 75 5.28353e-52
575 75 8.42777e-50
600 75 9.85468e-48
625 75 8.43662e-46
650 75 5.28628e-44
675 75 2.42594e-42
700 75 8.1676e-41
725 75 2.02282e-39
750 75 3.69849e-38
775 75 5.01405e-37
800 75 5.06512e-36
825 75 3.83289e-35
850 75 2.18446e-34
875 75 9.42606e-34
900 75 3.09467e-33
925 75 7.76372e-33
950 75 1.49362e-32
975 75 2.20938e-32
1000 75 2.51691e-32
1025 75 2.20938e-32
1050 75 1.49362e-32
1075 75 7.76372e-33
1100 75 3.09467e-33
1125 75 9.42606e-34
1150 75 2.18446e-34
1175 75 3.83289e-35
1200 75 5.06512e-36
1225 75 5.01405e-37
1250 75 3.69849e-38
1275 75 2.02282e-39
1300 75 8.1676e-41
1325 75 2.42594e-42
1350 75 5.28628e-44
1375 75 8.43662e-46
1400 75 9.85468e-48
1425 75 8.42777e-50
1450 75 5.28353e-52
1475 75 2.43325e-54
1500 75 8.2552e-57
1525 75 2.07032e-59
1550 75 3.85321e-62
1575 75 5.34502e-65
1600 75 5.55146e-68
1625 75 4.33774e-71
1650 75 2.56234e-74
1675 75 1.1499e-77
1700 75 3.93979e-81
1725 75 1.03559e-84
1750 75 2.09835e-88
1775 75 3.29292e-92
1800 75 4.02047e-96
1825 75 3.83608e-100
1850 75 2.87256e-104
1875 75 1.69518e-108
1900 75 7.9151e-113
1925 75 2.93528e-117
1950 75 8.67743e-122
1975 75 2.05215e-126
2000 75 3.89558e-131
2025 75 5.95503e-136
2050 75 7.35339e-141
2075 75 7.35649e-146
2100 75 5.97948e-151
2125 75 3.95952e-156
2150 75 2.14158e-161
2175 75 9.48446e-167
2200 75 3.44753e-172
2225 75 1.03086e-177
2250 75 2.54117e-183
2275 75 5.17491e-189
2300 75 8.723e-195
2325 75 1.2194e-200
2350 75 1.41619e-206
2375 75 1.36883e-212
2400 75 1.10291e-218
2425 75 7.41963e-225
2450 75 4.17375e-231
2475 75 1.96607e-237
2500 75 7.76601e-244
2525 75 2.57569e-250
2550 75 7.18162e-257
2575 75 1.68521e-263
2600 75 3.32948e-270
2625 75 5.52754e-277
2650 75 7.64248e-284
2675 75 8.60086e-291
2700 75 7.56039e-298
2725 75 4.90866e-305
2750 75 2.21405e-312
2775 75 6.53451e-320
2800 75 0
2825 75 0
2850 75 0
2875 75 0
2900 75 0
2925 75 0
2950 75 0
2975 75 0
0 100 0
25 100 6.70273e-122
50 100 2.576e-117
75 100 7.9151e-113
100 100 1.93747e-108
125 100 3.76414e-104
150 100 5.78184e-100
175 100 6.99341e-96
200 100 6.63314e-92
225 100 4.91224e-88
250 100 2.82767e-84
275 100 1.25942e-80
300 100 4.31975e-77
325 100 1.13554e-73
350 100 2.27658e-70
375 100 3.46394e-67
400 100 3.9805e-64
425 100 3.4379e-61
450 100 2.22129e-58
475 100 1.06891e-55
500 100 3.81511e-53
525 100 1.00625e-50
550 100 1.95514e-48
575 100 2.79163e-46
600 100 2.92442e-44
625 100 2.24601e-42
650 100 1.26505e-40
675 100 5.23269e-39
700 100 1.59341e-37
725 100 3.58454e-36
750 100 5.98346e-35
775 100 7.44961e-34
800 100 6.9576e-33
825 100 4.90398e-32
850 100 2.62444e-31
875 100 1.07267e-30
900 100 3.36656e-30
925 100 8.15163e-30
950 100 1.52869e-29
975 100 2.22666e-29
1000 100 2.52355e-29
1025 100 2.22666e-29
1050 100 1.52869e-29
1075 100 8.15163e-30
1100 100 3.36656e-30
1125 100 1.07267e-30
1150 100 2.62444e-31
1175 100 4.90398e-32
1200 100 6.9576e-33
1225 100 7.44961e-34
1250 100 5.98346e-35
1275 100 3.58454e-36
1300 100 1.59341e-37
1325 100 5.23269e-39
1350 100 1.26505e-40
1375 100 2.24601e-42
1400 100 2.92442e-44
1425 100 2.79163e-46
1450 100 1.95514e-48
1475 100 1.00625e-50
1500 100 3.81511e-53
1525 100 1.06891e-55
1550 100 2.22129e-58
1575 100 3.4379e-61
1600 100 3.9805e-64
1625 100 3.46394e-67
1650 100 2.27658e-70
1675 100 1.13554e-73
1700 100 4.31975e-77
1725 100 1.25942e-80
1750 100 2.82767e-84
1775 100 4.91224e-88
1800 100 6.63314e-92
1825 100 6.99341e-96
1850 100 5.78184e-100
1875 100 3.76414e-104
1900 100 1.93747e-108
1925 100 7.9151e-113
1950 100 2.576e-117
1975 100 6.70273e-122
2000 100 1.39914e-126
2025 100 2.35071e-131
2050 100 3.1888e-136
2075 100 3.50307e-141
2100 100 3.12545e-146
2125 100 2.27097e-151
2150 100 1.34737e-156
2175 100 6.54379e-162
2200 100 2.60784e-167
2225 100 8.54751e-173
2250 100 2.30917e-178
2275 100 5.15279e-184
2300 100 9.51628e-190
2325 100 1.45735e-195
2350 100 1.85406e-201
2375 100 1.96296e-207
2400 100 1.7324e-213
2425 100 1.27653e-219
2450 100 7.86542e-226
2475 100 4.05839e-232
2500 100 1.75603e-238
2525 100 6.38023e-245
2550 100 1.94903e-251
2575 100 5.01185e-258
2600 100 1.08599e-264
2625 100 1.98367e-271
2650 100 3.04817e-278
2675 100 3.90476e-285
2700 100 4.07504e-292
2725 100 3.32425e-299
2750 100 2.00447e-306
2775 100 8.4037e-314
2800 100 2.2727e-321
2825 100 0
2850 100 0
2875 100 0
2900 100 0
2925 100 0
2950 100 0
2975 100 0
0 125 0
25 125 1.74085e-117
50 125 6.07749e-113
75 125 1.69518e-108
100 125 3.76414e-104
125 125 6.62877e-100
150 125 9.22174e-96
175 125 1.00933e-91
200 125 8.65483e-88
225 125 5.78875e-84
250 125 3.00643e-80
275 125 1.20681e-76
300 125 3.72638e-73
325 125 8.80825e-70
350 125 1.58607e-66
375 125 2.16496e-63
400 125 2.22925e-60
425 125 1.72335e-57
450 125 9.95643e-55
475 125 4.28025e-52
500 125 1.36382e-49
525 125 3.20979e-47
550 125 5.56421e-45
575 125 7.09006e-43
600 125 6.6331e-41
625 125 4.55561e-39
650 125 2.2991e-37
675 125 8.5442e-36
700 125 2.34586e-34
725 125 4.77893e-33
750 125 7.26186e-32
775 125 8.28078e-31
800 125 7.13248e-30
825 125 4.67204e-29
850 125 2.34317e-28
875 125 9.05608e-28
900 125 2.7132e-27
925 125 6.33374e-27
950 125 1.1569e-26
975 125 1.65854e-26
1000 125 1.86972e-26
1025 125 1.65854e-26
1050 125 1.1569e-26
1075 125 6.33374e-27
1100 125 2.7132e-27
1125 125 9.05608e-28
1150 125 2.34317e-28
1175 125 4.67204e-29
1200 125 7.13248e-30
1225 125 8.28078e-31
1250 125 7.26186e-32
1275 125 4.77893e-33
1300 125 2.34586e-34
1325 125 8.5442e-36
1350 125 2.2991e-37
1375 125 4.55561e-39
1400 125 6.6331e-41
1425 125 7.09006e-43
1450 125 5.56421e-45
1475 125 3.20979e-47
1500 125 1.36382e-49
1525 125 4.28025e-52
1550 125 9.95643e-55
1575 125 1.72335e-57
1600 125 2.22925e-60
1625 125 2.16496e-63
1650 125 1.58607e-66
1675 125 8.80825e-70
1700 125 3.72638e-73
1725 125 1.20681e-76
1750 125 3.00643e-80
1775 125 5.78875e-84
1800 125 8.65483e-88
1825 125 1.00933e-91
1850 125 9.22174e-96
1875 125 6.62877e-100
1900 125 3.76414e-104
1925 125 1.69518e-108
1950 125 6.07749e-113
1975 125 1.74085e-117
2000 125 3.99794e-122
2025 125 7.38571e-127
2050 125 1.10107e-131
2075 125 1.32869e-136
2100 125 1.30163e-141
2125 125 1.03805e-146
2150 125 6.75728e-152
2175 125 3.59961e-157
2200 125 1.573e-162
2225 125 5.65196e-168
2250 125 1.67354e-173
2275 125 4.09226e-179
2300 125 8.28059e-185
2325 125 1.38923e-190
2350 125 1.93602e-196
2375 125 2.24511e-202
2400 125 2.17017e-208
2425 125 1.75138e-214
2450 125 1.18188e-220
2475 125 6.67898e-227
2500 125 3.16526e-233
2525 125 1.25966e-239
2550 125 4.2151e-246
2575 125 1.18742e-252
2600 125 2.81932e-259
2625 125 5.64762e-266
2650 125 9.54799e-273
2675 125 1.35944e-279
2700 125 1.61515e-286
2725 125 1.5646e-293
2750 125 1.18556e-300
2775 125 6.64493e-308
2800 125 2.5916e-315
2825 125 4.94066e-323
2850 125 0
2875 125 0
2900 125 0
2925 125 0
2950 125 0
2975 125 0
0 150 0
25 150 3.5819e-113
50 150 1.13524e-108
75 150 2.87256e-104
100 150 5.78184e-100
125 150 9.22174e-96
150 150 1.16085e-91
175 150 1.14858e-87
200 150 8.89406e-84
225 150 5.36619e-80
250 150 2.51114e-76
275 150 9.07141e-73
300 150 2.51762e-69
325 150 5.34193e-66
350 150 8.62303e-63
375 150 1.05375e-59
400 150 9.70114e-57
425 150 6.69666e-54
450 150 3.45053e-51
475 150 1.32155e-48
500 150 3.74816e-46
525 150 7.84706e-44
550 150 1.20968e-41
575 150 1.3709e-39
600 150 1.14139e-37
625 150 6.98495e-36
650 150 3.14716e-34
675 150 1.04704e-32
700 150 2.58273e-31
725 150 4.74831e-30
750 150 6.54679e-29
775 150 6.81637e-28
800 150 5.39918e-27
825 150 3.27829e-26
850 150 1.53731e-25
875 150 5.6072e-25
900 150 1.60103e-24
925 150 3.59867e-24
950 150 6.39638e-24
975 150 9.02027e-24
1000 150 1.01131e-23
1025 150 9.02027e-24
1050 150 6.39638e-24
1075 150 3.59867e-24
1100 150 1.60103e-24
1125 150 5.6072e-25
1150 150 1.53731e-25
1175 150 3.27829e-26
1200 150 5.39918e-27
1225 150 6.81637e-28
1250 150 6.54679e-29
1275 150 4.74831e-30
1300 150 2.58273e-31
1325 150 1.04704e-32
1350 150 3.14716e-34
1375 150 6.98495e-36
1400 150 1.14139e-37
1425 150 1.3709e-39
1450 150 1.20968e-41
1475 150 7.84706e-44
1500 150 3.74816e-46
1525 150 1.32155e-48
1550 150 3.45053e-51
1575 150 6.69666e-54
1600 150 9.70114e-57
1625 150 1.05375e-59
1650 150 8.62303e-63
1675 150 5.34193e-66
1700 150 2.51762e-69
1725 150 9.07141e-73
1750 150 2.51114e-76
1775 150 5.36619e-80
1800 150 8.89406e-84
1825 150 1.14858e-87
1850 150 1.16085e-91
1875 150 9.22174e-96
1900 150 5.78184e-100
1925 150 2.87256e-104
1950 150 1.13524e-108
1975 150 3.5819e-113
2000 150 9.05493e-118
2025 150 1.84021e-122
2050 150 3.01623e-127
2075 150 3.99965e-132
2100 150 4.30355e-137
2125 150 3.76797e-142
2150 150 2.69179e-147
2175 150 1.57308e-152
2200 150 7.539e-158
2225 150 2.96998e-163
2250 150 9.63944e-169
2275 150 2.58313e-174
2300 150 5.7271e-180
2325 150 1.05262e-185
2350 150 1.60685e-191
2375 150 2.04092e-197
2400 150 2.1606e-203
2425 150 1.90955e-209
2450 150 1.41118e-215
2475 150 8.73323e-222
2500 150 4.53247e-228
2525 150 1.97541e-234
2550 150 7.23951e-241
2575 150 2.23375e-247
2600 150 5.80967e-254
2625 150 1.27511e-260
2650 150 2.36395e-267
2675 150 3.70297e-274
2700 150 4.89016e-281
2725 150 5.39395e-288
2750 150 4.85461e-295
2775 150 3.41989e-302
2800 150 1.7832e-309
2825 150 6.47481e-317
2850 150 0
2875 150 0
2900 150 0
2925 150 0
2950 150 0
2975 150 0
0 175 0
25 175 5.8159e-109
50 175 1.67233e-104
75 175 3.83608e-100
100 175 6.99341e-96
125 175 1.00933e-91
150 175 1.14858e-87
175 175 1.02622e-83
200 175 7.16774e-80
225 175 3.89603e-76
250 175 1.64039e-72
275 175 5.32455e-69
300 175 1.32593e-65
325 175 2.52069e-62
350 175 3.64016e-59
375 175 3.97356e-56
400 175 3.26278e-53
425 175 2.00587e-50
450 175 9.1918e-48
475 175 3.12688e-45
500 175 7.86835e-43
525 175 1.46032e-40
550 175 1.99468e-38
575 175 2.00284e-36
600 175 1.47819e-34
625 175 8.0281e-33
650 175 3.2162e-31
675 175 9.53998e-30
700 175 2.10573e-28
725 175 3.48013e-27
750 175 4.33738e-26
775 175 4.10883e-25
800 175 2.98314e-24
825 175 1.67399e-23
850 175 7.32036e-23
875 175 2.51404e-22
900 175 6.8283e-22
925 175 1.47559e-21
950 175 2.54944e-21
975 175 3.53428e-21
1000 175 3.93986e-21
1025 175 3.53428e-21
1050 175 2.54944e-21
1075 175 1.47559e-21
1100 175 6.8283e-22
1125 175 2.51404e-22
1150 175 7.32036e-23
1175 175 1.67399e-23
1200 175 2.98314e-24
1225 175 4.10883e-25
1250 175 4.33738e-26
1275 175 3.48013e-27
1300 175 2.10573e-28
1325 175 9.53998e-30
1350 175 3.2162e-31
1375 175 8.0281e-33
1400 175 1.47819e-34
1425 175 2.00284e-36
1450 175 1.99468e-38
1475 175 1.46032e-40
1500 175 7.86835e-43
1525 175 3.12688e-45
1550 175 9.1918e-48
1575 175 2.00587e-50
1600 175 3.26278e-53
1625 175 3.97356e-56
1650 175 3.64016e-59
1675 175 2.52069e-62
1700 175 1.32593e-65
1725 175 5.32455e-69
1750 175 1.64039e-72
1775 175 3.89603e-76
1800 175 7.16774e-80
1825 175 1.02622e-83
1850 175 1.14858e-87
1875 175 1.00933e-91
1900 175 6.99341e-96
1925 175 3.83608e-100
1950 175 1.67233e-104
1975 175 5.8159e-109
2000 175 1.61932e-113
2025 175 3.62208e-118
2050 175 6.53019e-123
2075 175 9.51923e-128
2100 175 1.12537e-132
2125 175 1.08207e-137
2150 175 8.48553e-143
2175 175 5.44137e-148
2200 175 2.86045e-153
2225 175 1.23567e-158
2250 175 4.3965e-164
2275 175 1.29123e-169
2300 175 3.13689e-175
2325 175 6.31635e-181
2350 175 1.05617e-186
2375 175 1.46925e-192
2400 175 1.70339e-198
2425 175 1.64858e-204
2450 175 1.33406e-210
2475 175 9.04013e-217
2500 175 5.13735e-223
2525 175 2.45173e-229
2550 175 9.83901e-236
2575 175 3.32452e-242
2600 175 9.46954e-249
2625 175 2.27644e-255
2650 175 4.6236e-262
2675 175 7.94148e-269
2700 175 1.15379e-275
2725 175 1.41467e-282
2750 175 1.45003e-289
2775 175 1.21359e-296
2800 175 7.95486e-304
2825 175 3.86176e-311
2850 175 1.30642e-318
2875 175 0
2900 175 0
2925 175 0
2950 175 0
2975 175 0
0 200 0
25 200 7.42184e-105
50 200 1.93489e-100
75 200 4.02047e-96
100 200 6.63314e-92
125 200 8.65483e-88
150 200 8.89406e-84
175 200 7.16774e-80
200 200 4.50999e-76
225 200 2.20539e-72
250 200 8.34183e-69
275 200 2.42884e-65
300 200 5.41698e-62
325 200 9.20795e-59
350 200 1.18697e-55
375 200 1.15459e-52
400 200 8.43358e-50
425 200 4.60429e-47
450 200 1.8706e-44
475 200 5.63315e-42
500 200 1.25315e-39
525 200 2.05391e-37
550 200 2.4758e-35
575 200 2.19325e-33
600 200 1.42861e-31
625 200 6.8546e-30
650 200 2.43046e-28
675 200 6.39802e-27
700 200 1.25792e-25
725 200 1.86054e-24
750 200 2.08712e-23
775 200 1.79158e-22
800 200 1.18776e-21
825 200 6.13859e-21
850 200 2.4956e-20
875 200 8.04843e-20
900 200 2.07477e-19
925 200 4.30298e-19
950 200 7.21745e-19
975 200 9.82824e-19
1000 200 1.08908e-18
1025 200 9.82824e-19
1050 200 7.21745e-19
1075 200 4.30298e-19
1100 200 2.07477e-19
1125 200 8.04843e-20
1150 200 2.4956e-20
1175 200 6.13859e-21
1200 200 1.18776e-21
1225 200 1.79158e-22
1250 200 2.08712e-23
1275 200 1.86054e-24
1300 200 1.25792e-25
1325 200 6.39802e-27
1350 200 2.43046e-28
1375 200 6.8546e-30
1400 200 1.42861e-31
1425 200 2.19325e-33
1450 200 2.4758e-35
1475 200 2.05391e-37
1500 200 1.25315e-39
1525 200 5.63315e-42
1550 200 1.8706e-44
1575 200 4.60429e-47
1600 200 8.43358e-50
1625 200 1.15459e-52
1650 200 1.18697e-55
1675 200 9.20795e-59
1700 200 5.41698e-62
1725 200 2.42884e-65
1750 200 8.34183e-69
1775 200 2.20539e-72
1800 200 4.50999e-76
1825 200 7.16774e-80
1850 200 8.89406e-84
1875 200 8.65483e-88
1900 200 6.63314e-92
1925 200 4.02047e-96
1950 200 1.93489e-100
1975 200 7.42184e-105
2000 200 2.27735e-109
2025 200 5.60963e-114
2050 200 1.11295e-118
2075 200 1.78424e-123
2100 200 2.31841e-128
2125 200 2.44887e-133
2150 200 2.1086e-138
2175 200 1.48402e-143
2200 200 8.55876e-149
2225 200 4.05481e-154
2250 200 1.58173e-159
2275 200 5.0917e-165
2300 200 1.35547e-170
2325 200 2.99018e-176
2350 200 5.47682e-182
2375 200 8.3443e-188
2400 200 1.05938e-193
2425 200 1.12268e-199
2450 200 9.9471e-206
2475 200 7.37993e-212
2500 200 4.5916e-218
2525 200 2.39908e-224
2550 200 1.05409e-230
2575 200 3.89968e-237
2600 200 1.21627e-243
2625 200 3.20175e-250
2650 200 7.12184e-257
2675 200 1.33999e-263
2700 200 2.1345e-270
2725 200 2.87913e-277
2750 200 3.28067e-284
2775 200 3.12767e-291
2800 200 2.43632e-298
2825 200 1.48711e-305
2850 200 6.72641e-313
2875 200 2.11855e-320
2900 200 0
2925 200 0
2950 200 0
2975 200 0
0 225 0
25 225 7.41263e-101
50 225 1.75085e-96
75 225 3.29292e-92
100 225 4.91224e-88
125 225 5.78875e-84
150 225 5.36619e-80
175 225 3.89603e-76
200 225 2.20539e-72
225 225 9.68772e-69
250 225 3.28654e-65
275 225 8.56828e-62
300 225 1.70807e-58
325 225 2.59042e-55
350 225 2.97358e-52
375 225 2.57071e-49
400 225 1.66557e-46
425 225 8.04982e-44
450 225 2.88966e-41
475 225 7.67496e-39
500 225 1.50344e-36
525 225 2.16688e-34
550 225 2.29465e-32
575 225 1.78496e-30
600 225 1.02105e-28
625 225 4.30603e-27
650 225 1.34429e-25
675 225 3.12407e-24
700 225 5.44268e-23
725 225 7.16741e-22
750 225 7.20109e-21
775 225 5.57498e-20
800 225 3.3602e-19
825 225 1.593e-18
850 225 5.99907e-18
875 225 1.81115e-17
900 225 4.41968e-17
925 225 8.77881e-17
950 225 1.42735e-16
975 225 1.9075e-16
1000 225 2.10049e-16
1025 225 1.9075e-16
1050 225 1.42735e-16
1075 225 8.77881e-17
1100 225 4.41968e-17
1125 225 1.81115e-17
1150 225 5.99907e-18
1175 225 1.593e-18
1200 225 3.3602e-19
1225 225 5.57498e-20
1250 225 7.20109e-21
1275 225 7.16741e-22
1300 225 5.44268e-23
1325 225 3.12407e-24
1350 225 1.34429e-25
1375 225 4.30603e-27
1400 225 1.02105e-28
1425 225 1.78496e-30
1450 225 2.29465e-32
1475 225 2.16688e-34
1500 225 1.50344e-36
1525 225 7.67496e-39
1550 225 2.88966e-41
1575 225 8.04982e-44
1600 225 1.66557e-46
1625 225 2.57071e-49
1650 225 2.97358e-52
1675 225 2.59042e-55
1700 225 1.70807e-58
1725 225 8.56828e-62
1750 225 3.28654e-65
1775 225 9.68772e-69
1800 225 2.20539e-72
1825 225 3.89603e-76
1850 225 5.36619e-80
1875 225 5.78875e-84
1900 225 4.91224e-88
1925 225 3.29292e-92
1950 225 1.75085e-96
1975 225 7.41263e-101
2000 225 2.50825e-105
2025 225 6.80759e-110
2050 225 1.48705e-114
2075 225 2.62294e-119
2100 225 3.74747e-124
2125 225 4.3498e-129
2150 225 4.11363e-134
2175 225 3.17824e-139
2200 225 2.01135e-144
2225 225 1.04521e-149
2250 225 4.47068e-155
2275 225 1.57753e-160
2300 225 4.60215e-166
2325 225 1.11229e-171
2350 225 2.23158e-177
2375 225 3.72358e-183
2400 225 5.17664e-189
2425 225 6.00652e-195
2450 225 5.8264e-201
2475 225 4.7322e-207
2500 225 3.22303e-213
2525 225 1.84343e-219
2550 225 8.86636e-226
2575 225 3.59078e-232
2600 225 1.22603e-238
2625 225 3.53346e-245
2650 225 8.6056e-252
2675 225 1.77303e-258
2700 225 3.09347e-265
2725 225 4.57446e-272
2750 225 5.73403e-279
2775 225 6.07757e-286
2800 225 5.39391e-293
2825 225 3.91373e-300
2850 225 2.22627e-307
2875 225 9.38881e-315
2900 225 2.66795e-322
2925 225 0
2950 225 0
2975 225 0
0 250 0
25 250 5.76909e-97
50 250 1.23366e-92
75 250 2.09835e-88
100 250 2.82767e-84
125 250 3.00643e-80
150 250 2.51114e-76
175 250 1.64039e-72
200 250 8.34183e-69
225 250 3.28654e-65
250 250 9.98247e-62
275 250 2.32579e-58
300 250 4.13534e-55
325 250 5.58228e-52
350 250 5.69151e-49
375 250 4.3606e-46
400 250 2.49818e-43
425 250 1.0652e-40
450 250 3.36595e-38
475 250 7.85293e-36
500 250 1.34862e-33
525 250 1.70123e-31
550 250 1.57473e-29
575 250 1.06989e-27
600 250 5.3447e-26
625 250 1.96972e-24
650 250 5.3821e-23
675 250 1.0976e-21
700 250 1.68427e-20
725 250 1.9632e-19
750 250 1.75646e-18
775 250 1.21973e-17
800 250 6.64941e-17
825 250 2.87802e-16
850 250 9.99722e-16
875 250 2.81497e-15
900 250 6.48242e-15
925 250 1.23013e-14
950 250 1.93531e-14
975 250 2.53542e-14
1000 250 2.77345e-14
1025 250 2.53542e-14
1050 250 1.93531e-14
1075 250 1.23013e-14
1100 250 6.48242e-15
1125 250 2.81497e-15
1150 250 9.99722e-16
1175 250 2.87802e-16
1200 250 6.64941e-17
1225 250 1.21973e-17
1250 250 1.75646e-18
1275 250 1.9632e-19
1300 250 1.68427e-20
1325 250 1.0976e-21
1350 250 5.3821e-23
1375 250 1.96972e-24
1400 250 5.3447e-26
1425 250 1.06989e-27
1450 250 1.57473e-29
1475 250 1.70123e-31
1500 250 1.34862e-33
1525 250 7.85293e-36
1550 250 3.36595e-38
1575 250 1.0652e-40
1600 250 2.49818e-43
1625 250 4.3606e-46
1650 250 5.69151e-49
1675 250 5.58228e-52
1700 250 4.13534e-55
1725 250 2.32579e-58
1750 250 9.98247e-62
1775 250 3.28654e-65
1800 250 8.34183e-69
1825 250 1.64039e-72
1850 250 2.51114e-76
1875 250 3.00643e-80
1900 250 2.82767e-84
1925 250 2.09835e-88
1950 250 1.23366e-92
1975 250 5.76909e-97
2000 250 2.15412e-101
2025 250 6.44565e-106
2050 250 1.551e-110
2075 250 3.01133e-115
2100 250 4.73245e-120
2125 250 6.03839e-125
2150 250 6.27375e-130
2175 250 5.32245e-135
2200 250 3.6968e-140
2225 250 2.10752e-145
2250 250 9.88556e-151
2275 250 3.82399e-156
2300 250 1.22258e-161
2325 250 3.2374e-167
2350 250 7.11461e-173
2375 250 1.30009e-178
2400 250 1.97908e-184
2425 250 2.51408e-190
2450 250 2.66962e-196
2475 250 2.37339e-202
2500 250 1.76929e-208
2525 250 1.10758e-214
2550 250 5.83049e-221
2575 250 2.58441e-227
2600 250 9.65827e-234
2625 250 3.0468e-240
2650 250 8.1227e-247
2675 250 1.83209e-253
2700 250 3.4998e-260
2725 250 5.66782e-267
2750 250 7.78786e-274
2775 250 9.08006e-281
2800 250 8.96003e-288
2825 250 7.40901e-295
2850 250 5.01139e-302
2875 250 2.65849e-309
2900 250 1.04604e-316
2925 250 0
2950 250 0
2975 250 0
0 275 0
25 275 3.48307e-93
50 275 6.73794e-89
75 275 1.03559e-84
100 275 1.25942e-80
125 275 1.20681e-76
150 275 9.07141e-73
175 275 5.32455e-69
200 275 2.42884e-65
225 275 8.56828e-62
250 275 2.32579e-58
275 275 4.8327e-55
300 275 7.64659e-52
325 275 9.16445e-49
350 275 8.27588e-46
375 275 5.60193e-43
400 275 2.82815e-40
425 275 1.05991e-37
450 275 2.93616e-35
475 275 5.99037e-33
500 275 8.97526e-31
525 275 9.8573e-29
550 275 7.93076e-27
575 275 4.67811e-25
600 275 2.02805e-23
625 275 6.48863e-22
650 275 1.54131e-20
675 275 2.73936e-19
700 275 3.677e-18
725 275 3.76768e-17
750 275 2.98187e-16
775 275 1.84548e-15
800 275 9.04489e-15
825 275 3.55423e-14
850 275 1.13307e-13
875 275 2.96248e-13
900 275 6.41393e-13
925 275 1.15936e-12
950 275 1.76109e-12
975 275 2.2588e-12
1000 275 2.45341e-12
1025 275 2.2588e-12
1050 275 1.76109e-12
1075 275 1.15936e-12
1100 275 6.41393e-13
1125 275 2.96248e-13
1150 275 1.13307e-13
1175 275 3.55423e-14
1200 275 9.04489e-15
1225 275 1.84548e-15
1250 275 2.98187e-16
1275 275 3.76768e-17
1300 275 3.677e-18
1325 275 2.73936e-19
1350 275 1.54131e-20
1375 275 6.48863e-22
1400 275 2.02805e-23
1425 275 4.67811e-25
1450 275 7.93076e-27
1475 275 9.8573e-29
1500 275 8.97526e-31
1525 275 5.99037e-33
1550 275 2.93616e-35
1575 275 1.05991e-37
1600 275 2.82815e-40
1625 275 5.60193e-43
1650 275 8.27588e-46
1675 275 9.16445e-49
1700 275 7.64659e-52
1725 275 4.8327e-55
1750 275 2.32579e-58
1775 275 8.56828e-62
1800 275 2.42884e-65
1825 275 5.32455e-69
1850 275 9.07141e-73
1875 275 1.20681e-76
1900 275 1.25942e-80
1925 275 1.03559e-84
1950 275 6.73794e-89
1975 275 3.48307e-93
2000 275 1.4361e-97
2025 275 4.74041e-102
2050 275 1.2572e-106
2075 275 2.68802e-111
2100 275 4.64852e-116
2125 275 6.52231e-121
2150 275 7.44706e-126
2175 275 6.93899e-131
2200 275 5.29069e-136
2225 275 3.30944e-141
2250 275 1.70253e-146
2275 275 7.22035e-152
2300 275 2.52999e-157
2325 275 7.34024e-163
2350 275 1.76694e-168
2375 275 3.53594e-174
2400 275 5.89344e-180
2425 275 8.19577e-186
2450 275 9.52593e-192
2475 275 9.26891e-198
2500 275 7.56185e-204
2525 275 5.18024e-210
2550 275 2.98408e-216
2575 275 1.44742e-222
2600 275 5.91926e-229
2625 275 2.04344e-235
2650 275 5.96198e-242
2675 275 1.47177e-248
2700 275 3.07737e-255
2725 275 5.45571e-262
2750 275 8.20861e-269
2775 275 1.04899e-275
2800 275 1.1386e-282
2825 275 1.04691e-289
2850 275 8.07202e-297
2875 275 5.09346e-304
2900 275 2.52157e-311
2925 275 9.26255e-319
2950 275 0
2975 275 0
0 300 0
25 300 1.62377e-89
50 300 2.83939e-85
75 300 3.93979e-81
100 300 4.31975e-77
125 300 3.72638e-73
150 300 2.51762e-69
175 300 1.32593e-65
200 300 5.41698e-62
225 300 1.70807e-58
250 300 4.13534e-55
275 300 7.64659e-52
300 300 1.07406e-48
325 300 1.13981e-45
350 300 9.08924e-43
375 300 5.41761e-40
400 300 2.40136e-37
425 300 7.87785e-35
450 300 1.90459e-32
475 300 3.38127e-30
500 300 4.39609e-28
525 300 4.179e-26
550 300 2.90403e-24
575 300 1.47721e-22
600 300 5.51783e-21
625 300 1.52118e-19
650 300 3.11697e-18
675 300 4.78974e-17
700 300 5.57887e-16
725 300 4.98526e-15
750 300 3.4629e-14
775 300 1.89572e-13
800 300 8.29325e-13
825 300 2.93901e-12
850 300 8.54685e-12
875 300 2.06389e-11
900 300 4.18214e-11
925 300 7.17467e-11
950 300 1.04949e-10
975 300 1.31576e-10
1000 300 1.41827e-10
1025 300 1.31576e-10
1050 300 1.04949e-10
1075 300 7.17467e-11
1100 300 4.18214e-11
1125 300 2.06389e-11
1150 300 8.54685e-12
1175 300 2.93901e-12
1200 300 8.29325e-13
1225 300 1.89572e-13
1250 300 3.4629e-14
1275 300 4.98526e-15
1300 300 5.57887e-16
1325 300 4.78974e-17
1350 300 3.11697e-18
1375 300 1.52118e-19
1400 300 5.51783e-21
1425 300 1.47721e-22
1450 300 2.90403e-24
1475 300 4.179e-26
1500 300 4.39609e-28
1525 300 3.38127e-30
1550 300 1.90459e-32
1575 300 7.87785e-35
1600 300 2.40136e-37
1625 300 5.41761e-40
1650 300 9.08924e-43
1675 300 1.13981e-45
1700 300 1.07406e-48
1725 300 7.64659e-52
1750 300 4.13534e-55
1775 300 1.70807e-58
1800 300 5.41698e-62
1825 300 1.32593e-65
1850 300 2.51762e-69
1875 300 3.72638e-73
1900 300 4.31975e-77
1925 300 3.93979e-81
1950 300 2.83939e-85
1975 300 1.62377e-89
2000 300 7.39792e-94
2025 300 2.69551e-98
2050 300 7.88322e-103
2075 300 1.85702e-107
2100 300 3.5353e-112
2125 300 5.4565e-117
2150 300 6.84858e-122
2175 300 7.01042e-127
2200 300 5.86874e-132
2225 300 4.02855e-137
2250 300 2.27327e-142
2275 300 1.05705e-147
2300 300 4.05951e-153
2325 300 1.29045e-158
2350 300 3.40254e-164
2375 300 7.45634e-170
2400 300 1.36062e-175
2425 300 2.0712e-181
2450 300 2.63474e-187
2475 300 2.80544e-193
2500 300 2.50439e-199
2525 300 1.87713e-205
2550 300 1.18305e-211
2575 300 6.27809e-218
2600 300 2.80891e-224
2625 300 1.06092e-230
2650 300 3.38668e-237
2675 300 9.14779e-244
2700 300 2.09305e-250
2725 300 4.06085e-257
2750 300 6.68743e-264
2775 300 9.35637e-271
2800 300 1.11297e-277
2825 300 1.12558e-284
2850 300 9.65118e-292
2875 300 6.94393e-299
2900 300 4.09044e-306
2925 300 1.89096e-313
2950 300 6.52167e-321
2975 300 0
0 325 0
25 325 5.81737e-86
50 325 9.18788e-82
75 325 1.1499e-77
100 325 1.13554e-73
125 325 8.80825e-70
150 325 5.34193e-66
175 325 2.52069e-62
200 325 9.20795e-59
225 325 2.59042e-55
250 325 5.58228e-52
275 325 9.16445e-49
300 325 1.13981e-45
325 325 1.06795e-42
350 325 7.49614e-40
375 325 3.92028e-37
400 325 1.51955e-34
425 325 4.34433e-32
450 325 9.12139e-30
475 325 1.40147e-27
500 325 1.57169e-25
525 325 1.28479e-23
550 325 7.65689e-22
575 325 3.33326e-20
600 325 1.0641e-18
625 325 2.50613e-17
650 325 4.39026e-16
675 325 5.77949e-15
700 325 5.78698e-14
725 325 4.46767e-13
750 325 2.69866e-12
775 325 1.29503e-11
800 325 5.01359e-11
825 325 1.58948e-10
850 325 4.18556e-10
875 325 9.27423e-10
900 325 1.74909e-09
925 325 2.83518e-09
950 325 3.98064e-09
975 325 4.86835e-09
1000 325 5.20425e-09
1025 325 4.86835e-09
1050 325 3.98064e-09
1075 325 2.83518e-09
1100 325 1.74909e-09
1125 325 9.27423e-10
1150 325 4.18556e-10
1175 325 1.58948e-10
1200 325 5.01359e-11
1225 325 1.29503e-11
1250 325 2.69866e-12
1275 325 4.46767e-13
1300 325 5.78698e-14
1325 325 5.77949e-15
1350 325 4.39026e-16
1375 325 2.50613e-17
1400 325 1.0641e-18
1425 325 3.33326e-20
1450 325 7.65689e-22
1475 325 1.28479e-23
1500 325 1.57169e-25
1525 325 1.40147e-27
1550 325 9.12139e-30
1575 325 4.34433e-32
1600 325 1.51955e-34
1625 325 3.92028e-37
1650 325 7.49614e-40
1675 325 1.06795e-42
1700 325 1.13981e-45
1725 325 9.16445e-49
1750 325 5.58228e-52
1775 325 2.59042e-55
1800 325 9.20795e-59
1825 325 2.52069e-62
1850 325 5.34193e-66
1875 325 8.80825e-70
1900 325 1.13554e-73
1925 325 1.1499e-77
1950 325 9.18788e-82
1975 325 5.81737e-86
2000 325 2.93075e-90
2025 325 1.17944e-94
2050 325 3.80581e-99
2075 325 9.88201e-104
2100 325 2.07183e-108
2125 325 3.51876e-113
2150 325 4.85625e-118
2175 325 5.46229e-123
2200 325 5.02157e-128
2225 325 3.78326e-133
2250 325 2.34192e-138
2275 325 1.19405e-143
2300 325 5.02614e-149
2325 325 1.75056e-154
2350 325 5.05563e-160
2375 325 1.21314e-165
2400 325 2.42343e-171
2425 325 4.03769e-177
2450 325 5.62069e-183
2475 325 6.54835e-189
2500 325 6.39528e-195
2525 325 5.24371e-201
2550 325 3.61501e-207
2575 325 2.09835e-213
2600 325 1.02689e-219
2625 325 4.24236e-226
2650 325 1.48133e-232
2675 325 4.37689e-239
2700 325 1.09554e-245
2725 325 2.32543e-252
2750 325 4.19013e-259
2775 325 6.41531e-266
2800 325 8.35339e-273
2825 325 9.25698e-280
2850 325 8.7298e-287
2875 325 6.98563e-294
2900 325 4.69346e-301
2925 325 2.58271e-308
2950 325 1.11557e-315
2975 325 2.47033e-323
0 350 0
25 350 1.59388e-82
50 350 2.27189e-78
75 350 2.56234e-74
100 350 2.27658e-70
125 350 1.58607e-66
150 350 8.62303e-63
175 350 3.64016e-59
200 350 1.18697e-55
225 350 2.97358e-52
250 350 5.69151e-49
275 350 8.27588e-46
300 350 9.08924e-43
325 350 7.49614e-40
350 350 4.6156e-37
375 350 2.10978e-34
400 350 7.12058e-32
425 350 1.76557e-29
450 350 3.20209e-27
475 350 4.23255e-25
500 350 4.06734e-23
525 350 2.83839e-21
550 350 1.43923e-19
575 350 5.31589e-18
600 350 1.43698e-16
625 350 2.86293e-15
650 350 4.24366e-14
675 350 4.73481e-13
700 350 4.03107e-12
725 350 2.65898e-11
750 350 1.38131e-10
775 350 5.7479e-10
800 350 1.94872e-09
825 350 5.47256e-09
850 350 1.29306e-08
875 350 2.60762e-08
900 350 4.54533e-08
925 350 6.92215e-08
950 350 9.28961e-08
975 350 1.10548e-07
1000 350 1.17098e-07
1025 350 1.10548e-07
1050 350 9.28961e-08
1075 350 6.92215e-08
1100 350 4.54533e-08
1125 350 2.60762e-08
1150 350 1.29306e-08
1175 350 5.47256e-09
1200 350 1.94872e-09
1225 350 5.7479e-10
1250 350 1.38131e-10
1275 350 2.65898e-11
1300 350 4.03107e-12
1325 350 4.73481e-13
1350 350 4.24366e-14
1375 350 2.86293e-15
1400 350 1.43698e-16
1425 350 5.31589e-18
1450 350 1.43923e-19
1475 350 2.83839e-21
1500 350 4.06734e-23
1525 350 4.23255e-25
1550 350 3.20209e-27
1575 350 1.76557e-29
1600 350 7.12058e-32
1625 350 2.10978e-34
1650 350 4.6156e-37
1675 350 7.49614e-40
1700 350 9.08924e-43
1725 350 8.27588e-46
1750 350 5.69151e-49
1775 350 2.97358e-52
1800 350 1.18697e-55
1825 350 3.64016e-59
1850 350 8.62303e-63
1875 350 1.58607e-66
1900 350 2.27658e-70
1925 350 2.56234e-74
1950 350 2.27189e-78
1975 350 1.59388e-82
2000 350 8.88544e-87
2025 350 3.9519e-91
2050 350 1.40771e-95
2075 350 4.0308e-100
2100 350 9.31034e-105
2125 350 1.74055e-109
2150 350 2.64201e-114
2175 350 3.26611e-119
2200 350 3.29785e-124
2225 350 2.72729e-129
2250 350 1.85214e-134
2275 350 1.0355e-139
2300 350 4.77745e-145
2325 350 1.82307e-150
2350 350 5.76651e-156
2375 350 1.51505e-161
2400 350 3.3129e-167
2425 350 6.0405e-173
2450 350 9.20035e-179
2475 350 1.1726e-184
2500 350 1.25262e-190
2525 350 1.12331e-196
2550 350 8.46897e-203
2575 350 5.37574e-209
2600 350 2.87681e-215
2625 350 1.29962e-221
2650 350 4.96238e-228
2675 350 1.60342e-234
2700 350 4.38915e-241
2725 350 1.01895e-247
2750 350 2.00825e-254
2775 350 3.36353e-261
2800 350 4.79172e-268
2825 350 5.81144e-275
2850 350 6.00429e-282
2875 350 5.28404e-289
2900 350 3.94894e-296
2925 350 2.47927e-303
2950 350 1.27523e-310
2975 350 5.14935e-318
0 375 0
25 375 3.32331e-79
50 375 4.27172e-75
75 375 4.33774e-71
100 375 3.46394e-67
125 375 2.16496e-63
150 375 1.05375e-59
175 375 3.97356e-56
200 375 1.15459e-52
225 375 2.57071e-49
250 375 4.3606e-46
275 375 5.60193e-43
300 375 5.41761e-40
325 375 3.92028e-37
350 375 2.10978e-34
375 375 8.3946e-32
400 375 2.45555e-29
425 375 5.25318e-27
450 375 8.18159e-25
475 375 9.24291e-23
500 375 7.55555e-21
525 375 4.46481e-19
550 375 1.90905e-17
575 375 5.92448e-16
600 375 1.34182e-14
625 375 2.23601e-13
650 375 2.77098e-12
675 375 2.58761e-11
700 375 1.84895e-10
725 375 1.02831e-09
750 375 4.53318e-09
775 375 1.61416e-08
800 375 4.73085e-08
825 375 1.16237e-07
850 375 2.43606e-07
875 375 4.4247e-07
900 375 7.06416e-07
925 375 1.00332e-06
950 375 1.27997e-06
975 375 1.47711e-06
1000 375 1.54861e-06
1025 375 1.47711e-06
1050 375 1.27997e-06
1075 375 1.00332e-06
1100 375 7.06416e-07
1125 375 4.4247e-07
1150 375 2.43606e-07
1175 375 1.16237e-07
1200 375 4.73085e-08
1225 375 1.61416e-08
1250 375 4.53318e-09
1275 375 1.02831e-09
1300 375 1.84895e-10
1325 375 2.58761e-11
1350 375 2.77098e-12
1375 375 2.23601e-13
1400 375 1.34182e-14
1425 375 5.92448e-16
1450 375 1.90905e-17
1475 375 4.46481e-19
1500 375 7.55555e-21
1525 375 9.24291e-23
1550 375 8.18159e-25
1575 375 5.25318e-27
1600 375 2.45555e-29
1625 375 8.3946e-32
1650 375 2.10978e-34
1675 375 3.92028e-37
1700 375 5.41761e-40
1725 375 5.60193e-43
1750 375 4.3606e-46
1775 375 2.57071e-49
1800 375 1.15459e-52
1825 375 3.97356e-56
1850 375 1.05375e-59
1875 375 2.16496e-63
1900 375 3.46394e-67
1925 375 4.33774e-71
1950 375 4.27172e-75
1975 375 3.32331e-79
2000 375 2.05143e-83
2025 375 1.00895e-87
2050 375 3.9694e-92
2075 375 1.25392e-96
2100 375 3.19198e-101
2125 375 6.5704e-106
2150 375 1.09718e-110
2175 375 1.49099e-115
2200 375 1.65373e-120
2225 375 1.50134e-125
2250 375 1.11861e-130
2275 375 6.8578e-136
2300 375 3.4678e-141
2325 375 1.44977e-146
2350 375 5.0221e-152
2375 375 1.44455e-157
2400 375 3.45712e-163
2425 375 6.89716e-169
2450 375 1.14921e-174
2475 375 1.60199e-180
2500 375 1.87145e-186
2525 375 1.83506e-192
2550 375 1.51264e-198
2575 375 1.0497e-204
2600 375 6.14108e-211
2625 375 3.0328e-217
2650 375 1.26594e-223
2675 375 4.47176e-230
2700 375 1.33825e-236
2725 375 3.39674e-243
2750 375 7.32005e-250
2775 375 1.34067e-256
2800 375 2.08883e-263
2825 375 2.77106e-270
2850 375 3.13267e-277
2875 375 3.01986e-284
2900 375 2.48184e-291
2925 375 1.73339e-298
2950 375 1.01759e-305
2975 375 4.89506e-313
0 400 0
25 400 5.24688e-76
50 400 6.07731e-72
75 400 5.55146e-68
100 400 3.9805e-64
125 400 2.22925e-60
150 400 9.70114e-57
175 400 3.26278e-53
200 400 8.43358e-50
225 400 1.66557e-46
250 400 2.49818e-43
275 400 2.82815e-40
300 400 2.40136e-37
325 400 1.51955e-34
350 400 7.12058e-32
375 400 2.45555e-29
400 400 6.19486e-27
425 400 1.13705e-24
450 400 1.51116e-22
475 400 1.44868e-20
500 400 9.99269e-19
525 400 4.9554e-17
550 400 1.76888e-15
575 400 4.56158e-14
600 400 8.55232e-13
625 400 1.17652e-11
650 400 1.20201e-10
675 400 9.25628e-10
700 400 5.46558e-09
725 400 2.52212e-08
750 400 9.28185e-08
775 400 2.78186e-07
800 400 6.93384e-07
825 400 1.467e-06
850 400 2.68615e-06
875 400 4.33371e-06
900 400 6.26006e-06
925 400 8.20836e-06
950 400 9.87933e-06
975 400 1.10041e-05
1000 400 1.14003e-05
1025 400 1.10041e-05
1050 400 9.87933e-06
1075 400 8.20836e-06
1100 400 6.26006e-06
1125 400 4.33371e-06
1150 400 2.68615e-06
1175 400 1.467e-06
1200 400 6.93384e-07
1225 400 2.78186e-07
1250 400 9.28185e-08
1275 400 2.52212e-08
1300 400 5.46558e-09
1325 400 9.25628e-10
1350 400 1.20201e-10
1375 400 1.17652e-11
1400 400 8.55232e-13
1425 400 4.56158e-14
1450 400 1.76888e-15
1475 400 4.9554e-17
1500 400 9.99269e-19
1525 400 1.44868e-20
1550 400 1.51116e-22
1575 400 1.13705e-24
1600 400 6.19486e-27
1625 400 2.45555e-29
1650 400 7.12058e-32
1675 400 1.51955e-34
1700 400 2.40136e-37
1725 400 2.82815e-40
1750 400 2.49818e-43
1775 400 1.66557e-46
1800 400 8.43358e-50
1825 400 3.26278e-53
1850 400 9.70114e-57
1875 400 2.22925e-60
1900 400 3.9805e-64
1925 400 5.55146e-68
1950 400 6.07731e-72
1975 400 5.24688e-76
2000 400 3.58864e-80
2025 400 1.95282e-84
2050 400 8.48924e-89
2075 400 2.95965e-93
2100 400 8.30588e-98
2125 400 1.88293e-102
2150 400 3.45973e-107
2175 400 5.16887e-112
2200 400 6.29819e-117
2225 400 6.27709e-122
2250 400 5.13121e-127
2275 400 3.44937e-132
2300 400 1.91163e-137
2325 400 8.7548e-143
2350 400 3.32088e-148
2375 400 1.04559e-153
2400 400 2.73825e-159
2425 400 5.97633e-165
2450 400 1.08909e-170
2475 400 1.66011e-176
2500 400 2.12028e-182
2525 400 2.2727e-188
2550 400 2.04766e-194
2575 400 1.55303e-200
2600 400 9.92944e-207
2625 400 5.35892e-213
2650 400 2.44454e-219
2675 400 9.43661e-226
2700 400 3.08633e-232
2725 400 8.56176e-239
2750 400 2.01669e-245
2775 400 4.0375e-252
2800 400 6.87707e-259
2825 400 9.97499e-266
2850 400 1.23317e-272
2875 400 1.30041e-279
2900 400 1.17044e-286
2925 400 8.98897e-294
2950 400 5.87112e-301
2975 400 3.22463e-308
0 425 0
25 425 6.24141e-73
50 425 6.50986e-69
75 425 5.34502e-65
