0 0 0
25 0 0
50 0 0
75 0 0
100 0 0
125 0 0
150 0 0
175 0 0
200 0 0
225 0 0
250 0 0
275 0 0
300 0 0
325 0 0
350 0 0
375 0 0
400 0 0
425 0 0
450 0 0
475 0 0
500 0 0
525 0 0
550 0 0
575 0 0
600 0 0
625 0 0
650 0 0
675 0 0
700 0 0
725 0 0
750 0 0
775 0 0
800 0 0
825 0 0
850 0 0
875 0 0
900 0 0
925 0 0
950 0 0
975 0 0
1000 0 0
1025 0 0
1050 0 0
1075 0 0
1100 0 0
1125 0 0
1150 0 0
1175 0 0
1200 0 0
1225 0 0
1250 0 0
1275 0 0
1300 0 0
1325 0 0
1350 0 0
1375 0 0
1400 0 0
1425 0 0
1450 0 0
1475 0 0
1500 0 0
1525 0 0
1550 0 0
1575 0 0
1600 0 0
1625 0 0
1650 0 0
1675 0 0
1700 0 0
1725 0 0
1750 0 0
1775 0 0
1800 0 0
1825 0 0
1850 0 0
1875 0 0
1900 0 0
1925 0 0
1950 0 0
1975 0 0
2000 0 0
2025 0 0
2050 0 0
2075 0 0
2100 0 0
2125 0 0
2150 0 0
2175 0 0
2200 0 0
2225 0 0
2250 0 0
2275 0 0
2300 0 0
2325 0 0
2350 0 0
2375 0 0
2400 0 0
2425 0 0
2450 0 0
2475 0 0
2500 0 0
2525 0 0
2550 0 0
2575 0 0
2600 0 0
2625 0 0
2650 0 0
2675 0 0
2700 0 0
2725 0 0
2750 0 0
2775 0 0
2800 0 0
2825 0 0
2850 0 0
2875 0 0
2900 0 0
2925 0 0
2950 0 0
2975 0 0
0 25 0
25 25 -1.82851e-08
50 25 -3.71904e-08
75 25 -5.73888e-08
100 25 -7.96659e-08
125 25 -1.05e-07
150 25 -1.34679e-07
175 25 -1.70469e-07
200 25 -2.14912e-07
225 25 -2.71802e-07
250 25 -3.4707e-07
275 25 -4.50464e-07
300 25 -5.99038e-07
325 25 -8.25168e-07
350 25 -1.19814e-06
375 25 -1.90166e-06
400 25 -3.56022e-06
425 25 -7.36458e-06
450 25 -9.00385e-06
475 25 8.32439e-06
500 25 3.72889e-05
525 25 3.10169e-05
550 25 -5.62499e-06
575 25 -2.21252e-05
600 25 -1.41338e-05
625 25 -4.6169e-06
650 25 -8.96295e-07
675 25 -9.32296e-08
700 25 1.51891e-08
725 25 2.46158e-08
750 25 2.4866e-08
775 25 2.45695e-08
800 25 2.42856e-08
825 25 2.40382e-08
850 25 2.38267e-08
875 25 2.36497e-08
900 25 2.35062e-08
925 25 2.33955e-08
950 25 2.33169e-08
975 25 2.32699e-08
1000 25 2.32542e-08
1025 25 2.32699e-08
1050 25 2.33169e-08
1075 25 2.33955e-08
1100 25 2.35062e-08
1125 25 2.36497e-08
1150 25 2.38267e-08
1175 25 2.40382e-08
1200 25 2.42857e-08
1225 25 2.45704e-08
1250 25 2.48942e-08
1275 25 2.52591e-08
1300 25 2.56675e-08
1325 25 2.61219e-08
1350 25 2.66254e-08
1375 25 2.71816e-08
1400 25 2.77943e-08
1425 25 2.84681e-08
1450 25 2.9208e-08
1475 25 3.00199e-08
1500 25 3.09103e-08
1525 25 3.1887e-08
1550 25 3.29584e-08
1575 25 3.41347e-08
1600 25 3.54271e-08
1625 25 3.68488e-08
1650 25 3.84152e-08
1675 25 4.01439e-08
1700 25 4.20556e-08
1725 25 4.41746e-08
1750 25 4.65293e-08
1775 25 4.91537e-08
1800 25 5.20877e-08
1825 25 5.53797e-08
1850 25 5.90874e-08
1875 25 6.32814e-08
1900 25 6.80475e-08
1925 25 7.34917e-08
1950 25 7.97459e-08
1975 25 8.69755e-08
2000 25 9.53905e-08
2025 25 1.05261e-07
2050 25 1.16936e-07
2075 25 1.30881e-07
2100 25 1.47713e-07
2125 25 1.68282e-07
2150 25 1.93766e-07
2175 25 2.25849e-07
2200 25 2.67e-07
2225 25 3.20956e-07
2250 25 3.93599e-07
2275 25 4.94638e-07
2300 25 6.41094e-07
2325 25 8.65312e-07
2350 25 1.23655e-06
2375 25 1.9385e-06
2400 25 3.59565e-06
2425 25 7.39871e-06
2450 25 9.03681e-06
2475 25 -8.29251e-06
2500 25 -3.72579e-05
2525 25 -3.09869e-05
2550 25 5.6542e-06
2575 25 2.21537e-05
2600 25 1.41616e-05
2625 25 4.64408e-06
2650 25 9.2292e-07
2675 25 1.19351e-07
2700 25 1.04784e-08
2725 25 6.4336e-10
2750 25 2.82614e-11
2775 25 9.04723e-13
2800 25 2.1435e-14
2825 25 3.80866e-16
2850 25 5.13429e-18
2875 25 5.30498e-20
2900 25 4.23973e-22
2925 25 2.64242e-24
2950 25 1.29389e-26
2975 25 5.01091e-29
0 50 0
25 50 -3.71904e-08
50 50 -7.56626e-08
75 50 -1.16809e-07
100 50 -1.6226e-07
125 50 -2.14057e-07
150 50 -2.74897e-07
175 50 -3.48513e-07
200 50 -4.40306e-07
225 50 -5.58432e-07
250 50 -7.15802e-07
275 50 -9.34021e-07
300 50 -1.25188e-06
325 50 -1.74622e-06
350 50 -2.59671e-06
375 50 -4.34516e-06
400 50 -8.40347e-06
425 50 -1.40975e-05
450 50 -8.19384e-06
475 50 2.40365e-05
500 50 5.80537e-05
525 50 4.70967e-05
550 50 -2.70469e-06
575 50 -3.4129e-05
600 50 -2.77365e-05
625 50 -1.13132e-05
650 50 -2.73746e-06
675 50 -3.89004e-07
700 50 4.62399e-09
725 50 4.72782e-08
750 50 4.98186e-08
775 50 4.93401e-08
800 50 4.87734e-08
825 50 4.82755e-08
850 50 4.78495e-08
875 50 4.74932e-08
900 50 4.72045e-08
925 50 4.69816e-08
950 50 4.68233e-08
975 50 4.67286e-08
1000 50 4.66972e-08
1025 50 4.67286e-08
1050 50 4.68233e-08
1075 50 4.69816e-08
1100 50 4.72045e-08
1125 50 4.74932e-08
1150 50 4.78495e-08
1175 50 4.82755e-08
1200 50 4.87736e-08
1225 50 4.93469e-08
1250 50 4.9999e-08
1275 50 5.07338e-08
1300 50 5.15561e-08
1325 50 5.24713e-08
1350 50 5.34855e-08
1375 50 5.46058e-08
1400 50 5.58401e-08
1425 50 5.71976e-08
1450 50 5.86885e-08
1475 50 6.03246e-08
1500 50 6.21194e-08
1525 50 6.40881e-08
1550 50 6.62484e-08
1575 50 6.86202e-08
1600 50 7.12269e-08
1625 50 7.40951e-08
1650 50 7.72557e-08
1675 50 8.07448e-08
1700 50 8.46044e-08
1725 50 8.88837e-08
1750 50 9.36407e-08
1775 50 9.89442e-08
1800 50 1.04876e-07
1825 50 1.11534e-07
1850 50 1.19038e-07
1875 50 1.27529e-07
1900 50 1.37185e-07
1925 50 1.48222e-07
1950 50 1.60911e-07
1975 50 1.75592e-07
2000 50 1.92697e-07
2025 50 2.12783e-07
2050 50 2.36574e-07
2075 50 2.65031e-07
2100 50 2.99445e-07
2125 50 3.41586e-07
2150 50 3.93934e-07
2175 50 4.60047e-07
2200 50 5.45182e-07
2225 50 6.57376e-07
2250 50 8.09443e-07
2275 50 1.0229e-06
2300 50 1.33648e-06
2325 50 1.82696e-06
2350 50 2.67397e-06
2375 50 4.41925e-06
2400 50 8.4747e-06
2425 50 1.41661e-05
2450 50 8.26009e-06
2475 50 -2.39724e-05
2500 50 -5.79916e-05
2525 50 -4.70364e-05
2550 50 2.76338e-06
2575 50 3.41862e-05
2600 50 2.77924e-05
2625 50 1.13678e-05
2650 50 2.79095e-06
2675 50 4.41476e-07
2700 50 4.69321e-08
2725 50 3.45559e-09
2750 50 1.80416e-10
2775 50 6.80926e-12
2800 50 1.88829e-13
2825 50 3.90185e-15
2850 50 6.08181e-17
2875 50 7.22867e-19
2900 50 6.61518e-21
2925 50 4.70165e-23
2950 50 2.6157e-25
2975 50 1.1471e-27
0 75 0
25 75 -5.73888e-08
50 75 -1.16809e-07
75 75 -1.80472e-07
100 75 -2.50985e-07
125 75 -3.31634e-07
150 75 -4.26797e-07
175 75 -5.42613e-07
200 75 -6.88079e-07
225 75 -8.77026e-07
250 75 -1.13186e-06
275 75 -1.49131e-06
300 75 -2.02839e-06
325 75 -2.90163e-06
350 75 -4.54722e-06
375 75 -8.19184e-06
400 75 -1.45092e-05
425 75 -1.48028e-05
450 75 7.1309e-06
475 75 4.14232e-05
500 75 5.72886e-05
525 75 4.51953e-05
550 75 8.01744e-06
575 75 -3.08796e-05
600 75 -3.77245e-05
625 75 -2.08438e-05
650 75 -6.58038e-06
675 75 -1.24881e-06
700 75 -9.63641e-08
725 75 6.10669e-08
750 75 7.45553e-08
775 75 7.44971e-08
800 75 7.36696e-08
825 75 7.29154e-08
850 75 7.22694e-08
875 75 7.1729e-08
900 75 7.12911e-08
925 75 7.0953e-08
950 75 7.0713e-08
975 75 7.05695e-08
1000 75 7.05217e-08
1025 75 7.05695e-08
1050 75 7.0713e-08
1075 75 7.0953e-08
1100 75 7.12911e-08
1125 75 7.1729e-08
1150 75 7.22694e-08
1175 75 7.29154e-08
1200 75 7.3671e-08
1225 75 7.45407e-08
1250 75 7.55298e-08
1275 75 7.66447e-08
1300 75 7.78925e-08
1325 75 7.92813e-08
1350 75 8.08207e-08
1375 75 8.25214e-08
1400 75 8.43954e-08
1425 75 8.64568e-08
1450 75 8.87212e-08
1475 75 9.12068e-08
1500 75 9.3934e-08
1525 75 9.69263e-08
1550 75 1.00211e-07
1575 75 1.03818e-07
1600 75 1.07783e-07
1625 75 1.12148e-07
1650 75 1.1696e-07
1675 75 1.22275e-07
1700 75 1.28156e-07
1725 75 1.3468e-07
1750 75 1.41937e-07
1775 75 1.50032e-07
1800 75 1.59093e-07
1825 75 1.69271e-07
1850 75 1.80749e-07
1875 75 1.93752e-07
1900 75 2.08553e-07
1925 75 2.25492e-07
1950 75 2.4499e-07
1975 75 2.67582e-07
2000 75 2.9395e-07
2025 75 3.24971e-07
2050 75 3.61799e-07
2075 75 4.05963e-07
2100 75 4.59539e-07
2125 75 5.25386e-07
2150 75 6.07547e-07
2175 75 7.11883e-07
2200 75 8.47172e-07
2225 75 1.02706e-06
2250 75 1.2738e-06
2275 75 1.62599e-06
2300 75 2.15655e-06
2325 75 3.02391e-06
2350 75 4.66418e-06
2375 75 8.30398e-06
2400 75 1.4617e-05
2425 75 1.49067e-05
2450 75 -7.03069e-06
2475 75 -4.13263e-05
2500 75 -5.71947e-05
2525 75 -4.51041e-05
2550 75 -7.92872e-06
2575 75 3.0966e-05
2600 75 3.78089e-05
2625 75 2.09263e-05
2650 75 6.6612e-06
2675 75 1.32809e-06
2700 75 1.74257e-07
2725 75 1.55778e-08
2750 75 9.74498e-10
2775 75 4.35909e-11
2800 75 1.41968e-12
2825 75 3.41861e-14
2850 75 6.1684e-16
2875 75 8.43817e-18
2900 75 8.84272e-20
2925 75 7.16498e-22
2950 75 4.52648e-24
2975 75 2.2462e-26
0 100 0
25 100 -7.96659e-08
50 100 -1.6226e-07
75 100 -2.50985e-07
100 100 -3.49646e-07
125 100 -4.63086e-07
150 100 -5.97859e-07
175 100 -7.63296e-07
200 100 -9.73368e-07
225 100 -1.25013e-06
250 100 -1.63059e-06
275 100 -2.18219e-06
300 100 -3.04404e-06
325 100 -4.57298e-06
350 100 -7.7905e-06
375 100 -1.38953e-05
400 100 -1.73771e-05
425 100 -2.31544e-06
450 100 2.96979e-05
475 100 4.80868e-05
500 100 4.27125e-05
525 100 3.34095e-05
550 100 1.8484e-05
575 100 -1.52315e-05
600 100 -3.92756e-05
625 100 -3.14678e-05
650 100 -1.32746e-05
675 100 -3.29982e-06
700 100 -4.50554e-07
725 100 4.27012e-08
750 100 9.71666e-08
775 100 1.00131e-07
800 100 9.91853e-08
825 100 9.81709e-08
850 100 9.72962e-08
875 100 9.65644e-08
900 100 9.59714e-08
925 100 9.55138e-08
950 100 9.51887e-08
975 100 9.49944e-08
1000 100 9.49298e-08
1025 100 9.49944e-08
1050 100 9.51887e-08
1075 100 9.55138e-08
1100 100 9.59714e-08
1125 100 9.65644e-08
1150 100 9.72962e-08
1175 100 9.81712e-08
1200 100 9.91946e-08
1225 100 1.00373e-07
1250 100 1.01713e-07
1275 100 1.03223e-07
1300 100 1.04914e-07
1325 100 1.06797e-07
1350 100 1.08884e-07
1375 100 1.1119e-07
1400 100 1.13731e-07
1425 100 1.16528e-07
1450 100 1.19601e-07
1475 100 1.22975e-07
1500 100 1.26678e-07
1525 100 1.30743e-07
1550 100 1.35206e-07
1575 100 1.4011e-07
1600 100 1.45504e-07
1625 100 1.51444e-07
1650 100 1.57996e-07
1675 100 1.65236e-07
1700 100 1.73254e-07
1725 100 1.82156e-07
1750 100 1.92064e-07
1775 100 2.03128e-07
1800 100 2.15522e-07
1825 100 2.2946e-07
1850 100 2.45198e-07
1875 100 2.63049e-07
1900 100 2.83399e-07
1925 100 3.06726e-07
1950 100 3.3363e-07
1975 100 3.64868e-07
2000 100 4.01416e-07
2025 100 4.44534e-07
2050 100 4.9589e-07
2075 100 5.57712e-07
2100 100 6.33045e-07
2125 100 7.26135e-07
2150 100 8.43057e-07
2175 100 9.92756e-07
2200 100 1.18889e-06
2225 100 1.45325e-06
2250 100 1.82266e-06
2275 100 2.36434e-06
2300 100 3.21729e-06
2325 100 4.73822e-06
2350 100 7.9485e-06
2375 100 1.40468e-05
2400 100 1.75226e-05
2425 100 2.45555e-06
2450 100 -2.95627e-05
2475 100 -4.7956e-05
2500 100 -4.25858e-05
2525 100 -3.32866e-05
2550 100 -1.83644e-05
2575 100 1.5348e-05
2600 100 3.93893e-05
2625 100 3.1579e-05
2650 100 1.33835e-05
2675 100 3.40662e-06
2700 100 5.55468e-07
2725 100 6.05221e-08
2750 100 4.54606e-09
2775 100 2.4127e-10
2800 100 9.23169e-12
2825 100 2.59027e-13
2850 100 5.40788e-15
2875 100 8.50826e-17
2900 100 1.02009e-18
2925 100 9.41316e-21
2950 100 6.74515e-23
2975 100 3.78287e-25
0 125 0
25 125 -1.05e-07
50 125 -2.14057e-07
75 125 -3.31634e-07
100 125 -4.63086e-07
125 125 -6.15344e-07
150 125 -7.9795e-07
175 125 -1.02482e-06
200 125 -1.31739e-06
225 125 -1.71084e-06
250 125 -2.26749e-06
275 125 -3.11134e-06
300 125 -4.54366e-06
325 125 -7.41958e-06
350 125 -1.30908e-05
375 125 -1.82351e-05
400 125 -8.48661e-06
425 125 2.10474e-05
450 125 4.39169e-05
475 125 4.03615e-05
500 125 2.60525e-05
525 125 2.13081e-05
550 125 2.24427e-05
575 125 3.7886e-06
600 125 -2.9848e-05
625 125 -3.89259e-05
650 125 -2.26088e-05
675 125 -7.3572e-06
700 125 -1.39602e-06
725 125 -7.31027e-08
750 125 1.10368e-07
775 125 1.25918e-07
800 125 1.25524e-07
825 125 1.24269e-07
850 125 1.23155e-07
875 125 1.22221e-07
900 125 1.21465e-07
925 125 1.20882e-07
950 125 1.20467e-07
975 125 1.20219e-07
1000 125 1.20137e-07
1025 125 1.20219e-07
1050 125 1.20467e-07
1075 125 1.20882e-07
1100 125 1.21465e-07
1125 125 1.22221e-07
1150 125 1.23155e-07
1175 125 1.24271e-07
1200 125 1.25576e-07
1225 125 1.27079e-07
1250 125 1.28789e-07
1275 125 1.30717e-07
1300 125 1.32876e-07
1325 125 1.3528e-07
1350 125 1.37945e-07
1375 125 1.40891e-07
1400 125 1.4414e-07
1425 125 1.47715e-07
1450 125 1.51645e-07
1475 125 1.55961e-07
1500 125 1.60701e-07
1525 125 1.65907e-07
1550 125 1.71625e-07
1575 125 1.77912e-07
1600 125 1.84831e-07
1625 125 1.92456e-07
1650 125 2.00872e-07
1675 125 2.1018e-07
1700 125 2.20498e-07
1725 125 2.31962e-07
1750 125 2.44737e-07
1775 125 2.59018e-07
1800 125 2.75038e-07
1825 125 2.93078e-07
1850 125 3.13479e-07
1875 125 3.36662e-07
1900 125 3.63141e-07
1925 125 3.93561e-07
1950 125 4.28732e-07
1975 125 4.69688e-07
2000 125 5.17759e-07
2025 125 5.74688e-07
2050 125 6.42789e-07
2075 125 7.25194e-07
2100 125 8.26227e-07
2125 125 9.52005e-07
2150 125 1.11143e-06
2175 125 1.31789e-06
2200 125 1.59243e-06
2225 125 1.96986e-06
2250 125 2.51223e-06
2275 125 3.3433e-06
2300 125 4.76416e-06
2325 125 7.62976e-06
2350 125 1.32917e-05
2375 125 1.84275e-05
2400 125 8.67144e-06
2425 125 -2.08695e-05
2450 125 -4.37453e-05
2475 125 -4.01956e-05
2500 125 -2.58918e-05
2525 125 -2.11522e-05
2550 125 -2.22911e-05
2575 125 -3.64088e-06
2600 125 2.99921e-05
2625 125 3.90668e-05
2650 125 2.27467e-05
2675 125 7.49248e-06
2700 125 1.5289e-06
2725 125 2.0382e-07
2750 125 1.84213e-08
2775 125 1.1611e-09
2800 125 5.22079e-11
2825 125 1.70644e-12
2850 125 4.11969e-14
2875 125 7.44793e-16
2900 125 1.02054e-17
2925 125 1.0712e-19
2950 125 8.69496e-22
2975 125 5.50344e-24
0 150 0
25 150 -1.34679e-07
50 150 -2.74897e-07
75 150 -4.26797e-07
100 150 -5.97859e-07
125 150 -7.9795e-07
150 150 -1.04101e-06
175 150 -1.34799e-06
200 150 -1.75256e-06
225 150 -2.31305e-06
250 150 -3.14232e-06
275 150 -4.50364e-06
300 150 -7.12983e-06
325 150 -1.23664e-05
350 150 -1.82948e-05
375 150 -1.24949e-05
400 150 1.39473e-05
425 150 4.01918e-05
450 150 4.138e-05
475 150 2.59534e-05
500 150 1.43134e-05
525 150 1.32862e-05
550 150 2.01175e-05
575 150 1.72443e-05
600 150 -1.24279e-05
625 150 -3.85306e-05
650 150 -3.24636e-05
675 150 -1.40047e-05
700 150 -3.48822e-06
725 150 -4.38713e-07
750 150 9.18276e-08
775 150 1.50034e-07
800 150 1.52811e-07
825 150 1.51453e-07
850 150 1.5009e-07
875 150 1.48942e-07
900 150 1.48011e-07
925 150 1.47294e-07
950 150 1.46784e-07
975 150 1.46479e-07
1000 150 1.46378e-07
1025 150 1.46479e-07
1050 150 1.46784e-07
1075 150 1.47294e-07
1100 150 1.48011e-07
1125 150 1.48942e-07
1150 150 1.5009e-07
1175 150 1.51463e-07
1200 150 1.5307e-07
1225 150 1.54919e-07
1250 150 1.57025e-07
1275 150 1.59399e-07
1300 150 1.62057e-07
1325 150 1.65019e-07
1350 150 1.68303e-07
1375 150 1.71935e-07
1400 150 1.75942e-07
1425 150 1.80353e-07
1450 150 1.85204e-07
1475 150 1.90535e-07
1500 150 1.96392e-07
1525 150 2.02828e-07
1550 150 2.09903e-07
1575 150 2.17687e-07
1600 150 2.2626e-07
1625 150 2.35715e-07
1650 150 2.46163e-07
1675 150 2.57728e-07
1700 150 2.70562e-07
1725 150 2.8484e-07
1750 150 3.00771e-07
1775 150 3.18607e-07
1800 150 3.38646e-07
1825 150 3.61253e-07
1850 150 3.86871e-07
1875 150 4.16045e-07
1900 150 4.49451e-07
1925 150 4.87939e-07
1950 150 5.3258e-07
1975 150 5.84753e-07
2000 150 6.46249e-07
2025 150 7.19432e-07
2050 150 8.07477e-07
2075 150 9.14736e-07
2100 150 1.04731e-06
2125 150 1.21399e-06
2150 150 1.42788e-06
2175 150 1.70925e-06
2200 150 2.09121e-06
2225 150 2.63166e-06
2250 150 3.44309e-06
2275 150 4.78848e-06
2300 150 7.4004e-06
2325 150 1.26241e-05
2350 150 1.8541e-05
2375 150 1.27306e-05
2400 150 -1.37211e-05
2425 150 -3.99741e-05
2450 150 -4.11701e-05
2475 150 -2.57506e-05
2500 150 -1.4117e-05
2525 150 -1.30956e-05
2550 150 -1.99323e-05
2575 150 -1.70639e-05
2600 150 1.26038e-05
2625 150 3.87025e-05
2650 150 3.26319e-05
2675 150 1.41698e-05
2700 150 3.65028e-06
2725 150 5.98111e-07
2750 150 6.51969e-08
2775 150 4.88546e-09
2800 150 2.58199e-10
2825 150 9.82761e-12
2850 150 2.74151e-13
2875 150 5.68952e-15
2900 150 8.89898e-17
2925 150 1.06104e-18
2950 150 9.7416e-21
2975 150 6.948e-23
0 175 0
25 175 -1.70469e-07
50 175 -3.48513e-07
75 175 -5.42613e-07
100 175 -7.63296e-07
125 175 -1.02482e-06
150 175 -1.34799e-06
175 175 -1.76551e-06
200 175 -2.33291e-06
225 175 -3.15538e-06
250 175 -4.47096e-06
275 175 -6.92771e-06
300 175 -1.18088e-05
325 175 -1.80414e-05
350 175 -1.49991e-05
375 175 8.32508e-06
400 175 3.64388e-05
425 175 4.23243e-05
450 175 2.80747e-05
475 175 1.38554e-05
500 175 8.21335e-06
525 175 9.06807e-06
550 175 1.53652e-05
575 175 2.17526e-05
600 175 5.72055e-06
625 175 -2.84989e-05
650 175 -3.89921e-05
675 175 -2.28774e-05
700 175 -7.39782e-06
725 175 -1.34762e-06
750 175 -1.59288e-08
775 175 1.66107e-07
800 175 1.80833e-07
825 175 1.79975e-07
850 175 1.78373e-07
875 175 1.76994e-07
900 175 1.75876e-07
925 175 1.75014e-07
950 175 1.74401e-07
975 175 1.74035e-07
1000 175 1.73913e-07
1025 175 1.74035e-07
1050 175 1.74401e-07
1075 175 1.75014e-07
1100 175 1.75876e-07
1125 175 1.76994e-07
1150 175 1.78374e-07
1175 175 1.80025e-07
1200 175 1.81956e-07
1225 175 1.84181e-07
1250 175 1.86713e-07
1275 175 1.89569e-07
1300 175 1.92769e-07
1325 175 1.96335e-07
1350 175 2.00291e-07
1375 175 2.04668e-07
1400 175 2.09497e-07
1425 175 2.14818e-07
1450 175 2.20672e-07
1475 175 2.2711e-07
1500 175 2.34188e-07
1525 175 2.41971e-07
1550 175 2.50533e-07
1575 175 2.59962e-07
1600 175 2.70356e-07
1625 175 2.81833e-07
1650 175 2.94527e-07
1675 175 3.08597e-07
1700 175 3.24232e-07
1725 175 3.41651e-07
1750 175 3.6112e-07
1775 175 3.82954e-07
1800 175 4.07536e-07
1825 175 4.35329e-07
1850 175 4.66901e-07
1875 175 5.02957e-07
1900 175 5.44371e-07
1925 175 5.92253e-07
1950 175 6.48014e-07
1975 175 7.13482e-07
2000 175 7.91059e-07
2025 175 8.83952e-07
2050 175 9.96526e-07
2075 175 1.13487e-06
2100 175 1.30767e-06
2125 175 1.52777e-06
2150 175 1.8149e-06
2175 175 2.20083e-06
2200 175 2.74044e-06
2225 175 3.53833e-06
2250 175 4.83208e-06
2275 175 7.26936e-06
2300 175 1.21331e-05
2325 175 1.835e-05
2350 175 1.52936e-05
2375 175 -8.04325e-06
2400 175 -3.61684e-05
2425 175 -4.20643e-05
2450 175 -2.78241e-05
2475 175 -1.36134e-05
2500 175 -7.97916e-06
2525 175 -8.84096e-06
2550 175 -1.51445e-05
2575 175 -2.15377e-05
2600 175 -5.51105e-06
2625 175 2.87036e-05
2650 175 3.91924e-05
2675 175 2.30737e-05
2700 175 7.59059e-06
2725 175 1.53719e-06
2750 175 2.02642e-07
2775 175 1.80734e-08
2800 175 1.12293e-09
2825 175 4.97507e-11
2850 175 1.60227e-12
2875 175 3.81274e-14
2900 175 6.79797e-16
2925 175 9.19314e-18
2950 175 9.53155e-20
2975 175 7.64746e-22
0 200 0
25 200 -2.14912e-07
50 200 -4.40306e-07
75 200 -6.88079e-07
100 200 -9.73368e-07
125 200 -1.31739e-06
150 200 -1.75256e-06
175 200 -2.33291e-06
200 200 -3.15891e-06
225 200 -4.4532e-06
250 200 -6.8093e-06
275 200 -1.14386e-05
300 200 -1.77357e-05
325 200 -1.64859e-05
350 200 4.13834e-06
375 200 3.29564e-05
400 200 4.27458e-05
425 200 3.03995e-05
450 200 1.49031e-05
475 200 7.15623e-06
500 200 5.60804e-06
525 200 6.97269e-06
550 200 1.12284e-05
575 200 1.96606e-05
600 200 1.79169e-05
625 200 -1.18139e-05
650 200 -3.83715e-05
675 200 -3.20889e-05
700 200 -1.35693e-05
725 200 -3.25534e-06
750 200 -3.37928e-07
775 200 1.56076e-07
800 200 2.08237e-07
825 200 2.10047e-07
850 200 2.08307e-07
875 200 2.06682e-07
900 200 2.0536e-07
925 200 2.0434e-07
950 200 2.03615e-07
975 200 2.03182e-07
1000 200 2.03038e-07
1025 200 2.03182e-07
1050 200 2.03615e-07
1075 200 2.0434e-07
1100 200 2.0536e-07
1125 200 2.06683e-07
1150 200 2.08316e-07
1175 200 2.10269e-07
1200 200 2.12556e-07
1225 200 2.1519e-07
1250 200 2.18189e-07
1275 200 2.21574e-07
1300 200 2.25367e-07
1325 200 2.29595e-07
1350 200 2.34289e-07
1375 200 2.39484e-07
1400 200 2.4522e-07
1425 200 2.51543e-07
1450 200 2.58505e-07
1475 200 2.66166e-07
1500 200 2.74596e-07
1525 200 2.83874e-07
1550 200 2.9409e-07
1575 200 3.05352e-07
1600 200 3.17782e-07
1625 200 3.31522e-07
1650 200 3.46741e-07
1675 200 3.63635e-07
1700 200 3.82437e-07
1725 200 4.03424e-07
1750 200 4.26926e-07
1775 200 4.53342e-07
1800 200 4.83153e-07
1825 200 5.1695e-07
1850 200 5.55459e-07
1875 200 5.99584e-07
1900 200 6.50463e-07
1925 200 7.09541e-07
1950 200 7.78683e-07
1975 200 8.60326e-07
2000 200 9.57714e-07
2025 200 1.07524e-06
2050 200 1.21899e-06
2075 200 1.39762e-06
2100 200 1.62383e-06
2125 200 1.91698e-06
2150 200 2.30802e-06
2175 200 2.84986e-06
2200 200 3.64207e-06
2225 200 4.90654e-06
2250 200 7.23622e-06
2275 200 1.1842e-05
2300 200 1.81181e-05
2325 200 1.68496e-05
2350 200 -3.7916e-06
2375 200 -3.26249e-05
2400 200 -4.2428e-05
2425 200 -3.00942e-05
2450 200 -1.46091e-05
2475 200 -6.87236e-06
2500 200 -5.33344e-06
2525 200 -6.70653e-06
2550 200 -1.09699e-05
2575 200 -1.94091e-05
2600 200 -1.76717e-05
2625 200 1.20534e-05
2650 200 3.86058e-05
2675 200 3.23185e-05
2700 200 1.37946e-05
2725 200 3.47692e-06
2750 200 5.56118e-07
2775 200 5.9114e-08
2800 200 4.31877e-09
2825 200 2.22608e-10
2850 200 8.26908e-12
2875 200 2.25328e-13
2900 200 4.57282e-15
2925 200 7.00238e-17
2950 200 8.18427e-19
2975 200 7.37319e-21
0 225 0
25 225 -2.71802e-07
50 225 -5.58432e-07
75 225 -8.77026e-07
100 225 -1.25013e-06
125 225 -1.71084e-06
150 225 -2.31305e-06
175 225 -3.15538e-06
200 225 -4.4532e-06
225 225 -6.77036e-06
250 225 -1.12552e-05
275 225 -1.75115e-05
300 225 -1.72993e-05
325 225 1.28127e-06
350 225 3.00775e-05
375 225 4.27332e-05
400 225 3.24083e-05
425 225 1.63303e-05
450 225 7.11614e-06
475 225 4.40491e-06
500 225 4.52944e-06
525 225 5.80564e-06
550 225 8.54193e-06
575 225 1.524e-05
600 225 2.19724e-05
625 225 5.32376e-06
650 225 -2.92532e-05
675 225 -3.8466e-05
700 225 -2.17014e-05
725 225 -6.69678e-06
750 225 -1.10281e-06
775 225 7.64334e-08
800 225 2.30466e-07
825 225 2.41671e-07
850 225 2.40231e-07
875 225 2.38355e-07
900 225 2.36807e-07
925 225 2.35613e-07
950 225 2.34765e-07
975 225 2.34258e-07
1000 225 2.3409e-07
1025 225 2.34258e-07
1050 225 2.34765e-07
1075 225 2.35613e-07
1100 225 2.36807e-07
1125 225 2.38356e-07
1150 225 2.40268e-07
1175 225 2.42557e-07
1200 225 2.45236e-07
1225 225 2.48323e-07
1250 225 2.5184e-07
1275 225 2.55809e-07
1300 225 2.6026e-07
1325 225 2.65224e-07
1350 225 2.70737e-07
1375 225 2.76843e-07
1400 225 2.83589e-07
1425 225 2.9103e-07
1450 225 2.99231e-07
1475 225 3.08263e-07
1500 225 3.1821e-07
1525 225 3.29169e-07
1550 225 3.41251e-07
1575 225 3.54585e-07
1600 225 3.69322e-07
1625 225 3.85637e-07
1650 225 4.03736e-07
1675 225 4.23863e-07
1700 225 4.46307e-07
1725 225 4.71412e-07
1750 225 4.99593e-07
1775 225 5.3135e-07
1800 225 5.67295e-07
1825 225 6.08177e-07
1850 225 6.54929e-07
1875 225 7.08721e-07
1900 225 7.71034e-07
1925 225 8.43774e-07
1950 225 9.29427e-07
1975 225 1.03128e-06
2000 225 1.15379e-06
2025 225 1.30309e-06
2050 225 1.48786e-06
2075 225 1.7208e-06
2100 225 2.02116e-06
2125 225 2.41956e-06
2150 225 2.96798e-06
2175 225 3.76355e-06
2200 225 5.02049e-06
2225 225 7.30171e-06
2250 225 1.17548e-05
2275 225 1.79829e-05
2300 225 1.77456e-05
2325 225 -8.57411e-07
2350 225 -2.96738e-05
2375 225 -4.23476e-05
2400 225 -3.20389e-05
2425 225 -1.59758e-05
2450 225 -6.77489e-06
2475 225 -4.07574e-06
2500 225 -4.21123e-06
2525 225 -5.49738e-06
2550 225 -8.2427e-06
2575 225 -1.4949e-05
2600 225 -2.16888e-05
2625 225 -5.04692e-06
2650 225 2.9524e-05
2675 225 3.87312e-05
2700 225 2.19617e-05
2725 225 6.95259e-06
2750 225 1.35465e-06
2775 225 1.7189e-07
2800 225 1.47703e-08
2825 225 8.85253e-10
2850 225 3.78882e-11
2875 225 1.18063e-12
2900 225 2.72272e-14
2925 225 4.71263e-16
2950 225 6.19736e-18
2975 225 6.25665e-20
0 250 0
25 250 -3.4707e-07
50 250 -7.15802e-07
75 250 -1.13186e-06
100 250 -1.63059e-06
125 250 -2.26749e-06
150 250 -3.14232e-06
175 250 -4.47096e-06
200 250 -6.8093e-06
225 250 -1.12552e-05
250 250 -1.74308e-05
275 250 -1.76545e-05
300 250 -3.70017e-07
325 250 2.8043e-05
350 250 4.25054e-05
375 250 3.39281e-05
400 250 1.77112e-05
425 250 7.44493e-06
450 250 3.9056e-06
475 250 3.454e-06
500 250 3.99128e-06
525 250 5.04495e-06
550 250 6.93489e-06
575 250 1.13485e-05
600 250 2.00816e-05
625 250 1.73108e-05
650 250 -1.40177e-05
675 250 -3.88518e-05
700 250 -3.03543e-05
725 250 -1.2048e-05
750 250 -2.65573e-06
775 250 -1.62743e-07
800 250 2.35258e-07
825 250 2.74162e-07
850 250 2.74491e-07
875 250 2.72416e-07
900 250 2.70621e-07
925 250 2.69232e-07
950 250 2.68246e-07
975 250 2.67657e-07
1000 250 2.67461e-07
1025 250 2.67657e-07
1050 250 2.68246e-07
1075 250 2.69232e-07
1100 250 2.70621e-07
1125 250 2.72422e-07
1150 250 2.74646e-07
1175 250 2.77308e-07
1200 250 2.80426e-07
1225 250 2.8402e-07
1250 250 2.88116e-07
1275 250 2.92741e-07
1300 250 2.9793e-07
1325 250 3.0372e-07
1350 250 3.10156e-07
1375 250 3.17287e-07
1400 250 3.25173e-07
1425 250 3.33879e-07
1450 250 3.43482e-07
1475 250 3.54069e-07
1500 250 3.65742e-07
1525 250 3.78618e-07
1550 250 3.92832e-07
1575 250 4.08541e-07
1600 250 4.25931e-07
1625 250 4.45216e-07
1650 250 4.66652e-07
1675 250 4.90539e-07
1700 250 5.17236e-07
1725 250 5.47176e-07
1750 250 5.80878e-07
1775 250 6.18976e-07
1800 250 6.62247e-07
1825 250 7.11656e-07
1850 250 7.68408e-07
1875 250 8.34029e-07
1900 250 9.10478e-07
1925 250 1.0003e-06
1950 250 1.10687e-06
1975 250 1.23471e-06
2000 250 1.39007e-06
2025 250 1.58178e-06
2050 250 1.82267e-06
2075 250 2.13216e-06
2100 250 2.54107e-06
2125 250 3.10152e-06
2150 250 3.91072e-06
2175 250 5.18261e-06
2200 250 7.47154e-06
2225 250 1.18742e-05
2250 250 1.80117e-05
2275 250 1.82017e-05
2300 250 8.87253e-07
2325 250 -2.75524e-05
2350 250 -4.20387e-05
2375 250 -3.34829e-05
2400 250 -1.72853e-05
2425 250 -7.03639e-06
2450 250 -3.51277e-06
2475 250 -3.07539e-06
2500 250 -3.62554e-06
2525 250 -4.69088e-06
2550 250 -6.59141e-06
2575 250 -1.10146e-05
2600 250 -1.97565e-05
2625 250 -1.69936e-05
2650 250 1.43279e-05
2675 250 3.91555e-05
2700 250 3.06522e-05
2725 250 1.23408e-05
2750 250 2.94384e-06
2775 250 4.46764e-07
2800 250 4.51682e-08
2825 250 3.14603e-09
2850 250 1.54962e-10
2875 250 5.51357e-12
2900 250 1.44237e-13
2925 250 2.81647e-15
2950 250 4.15888e-17
2975 250 4.69517e-19
0 275 0
25 275 -4.50464e-07
50 275 -9.34021e-07
75 275 -1.49131e-06
100 275 -2.18219e-06
125 275 -3.11134e-06
150 275 -4.50364e-06
175 275 -6.92771e-06
200 275 -1.14386e-05
225 275 -1.75115e-05
250 275 -1.76545e-05
275 275 -9.09038e-07
300 275 2.69943e-05
325 275 4.22732e-05
350 275 3.49243e-05
375 275 1.88197e-05
400 275 7.8661e-06
425 275 3.71393e-06
450 275 2.89323e-06
475 275 3.10064e-06
500 275 3.64707e-06
525 275 4.50264e-06
550 275 5.91637e-06
575 275 8.77103e-06
600 275 1.5917e-05
625 275 2.20666e-05
650 275 2.34923e-06
675 275 -3.18612e-05
700 275 -3.70888e-05
725 275 -1.91766e-05
750 275 -5.40752e-06
775 275 -7.2068e-07
800 275 1.94453e-07
825 275 3.04976e-07
850 275 3.11369e-07
875 275 3.09338e-07
900 275 3.07275e-07
925 275 3.05667e-07
950 275 3.04526e-07
975 275 3.03844e-07
1000 275 3.03617e-07
1025 275 3.03844e-07
1050 275 3.04526e-07
1075 275 3.05667e-07
1100 275 3.07275e-07
1125 275 3.09361e-07
1150 275 3.11937e-07
1175 275 3.15022e-07
1200 275 3.18636e-07
1225 275 3.22804e-07
1250 275 3.27556e-07
1275 275 3.32925e-07
1300 275 3.38951e-07
1325 275 3.4568e-07
1350 275 3.53166e-07
1375 275 3.61467e-07
1400 275 3.70654e-07
1425 275 3.80807e-07
1450 275 3.92018e-07
1475 275 4.04393e-07
1500 275 4.18055e-07
1525 275 4.33146e-07
1550 275 4.4983e-07
1575 275 4.68302e-07
1600 275 4.88786e-07
1625 275 5.11551e-07
1650 275 5.36909e-07
1675 275 5.65238e-07
1700 275 5.96986e-07
1725 275 6.32697e-07
1750 275 6.7303e-07
1775 275 7.18794e-07
1800 275 7.7099e-07
1825 275 8.30868e-07
1850 275 9.00011e-07
1875 275 9.80444e-07
1900 275 1.0748e-06
1925 275 1.18655e-06
1950 275 1.32036e-06
1975 275 1.48267e-06
2000 275 1.68254e-06
2025 275 1.93314e-06
2050 275 2.25438e-06
2075 275 2.67785e-06
2100 275 3.25699e-06
2125 275 4.09178e-06
2150 275 5.40366e-06
2175 275 7.75858e-06
2200 275 1.22096e-05
2225 275 1.82303e-05
2250 275 1.83276e-05
2275 275 1.54174e-06
2300 275 -2.63973e-05
2325 275 -4.17079e-05
2350 275 -3.43874e-05
2375 275 -1.83082e-05
2400 275 -7.37731e-06
2425 275 -3.24562e-06
2450 275 -2.4434e-06
2475 275 -2.6675e-06
2500 275 -3.22902e-06
2525 275 -4.09825e-06
2550 275 -5.52435e-06
2575 275 -8.39022e-06
2600 275 -1.55464e-05
2625 275 -2.17052e-05
2650 275 -1.99606e-06
2675 275 3.22069e-05
2700 275 3.74277e-05
2725 275 1.95095e-05
2750 275 5.73507e-06
2775 275 1.04348e-06
2800 275 1.24183e-07
2825 275 1.00459e-08
2850 275 5.68782e-10
2875 275 2.30703e-11
2900 275 6.83349e-13
2925 275 1.50228e-14
2950 275 2.48549e-16
2975 275 3.1308e-18
0 300 0
25 300 -5.99038e-07
50 300 -1.25188e-06
75 300 -2.02839e-06
100 300 -3.04404e-06
125 300 -4.54366e-06
150 300 -7.12983e-06
175 300 -1.18088e-05
200 300 -1.77357e-05
225 300 -1.72993e-05
250 300 -3.70017e-07
275 300 2.69943e-05
300 300 4.21792e-05
325 300 3.54128e-05
350 300 1.95281e-05
375 300 8.22324e-06
400 300 3.6614e-06
425 300 2.58629e-06
450 300 2.60607e-06
475 300 2.91938e-06
500 300 3.3974e-06
525 300 4.10188e-06
550 300 5.21234e-06
575 300 7.20649e-06
600 300 1.20669e-05
625 300 2.10921e-05
650 300 1.4989e-05
675 300 -1.88875e-05
700 300 -3.93029e-05
725 300 -2.71574e-05
750 300 -9.69085e-06
775 300 -1.83622e-06
800 300 5.18732e-08
825 300 3.27319e-07
850 300 3.50846e-07
875 300 3.49664e-07
900 300 3.47338e-07
925 300 3.45482e-07
950 300 3.44164e-07
975 300 3.43376e-07
1000 300 3.43114e-07
1025 300 3.43376e-07
1050 300 3.44164e-07
1075 300 3.45482e-07
1100 300 3.47341e-07
1125 300 3.49751e-07
1150 300 3.5273e-07
1175 300 3.56297e-07
1200 300 3.60478e-07
1225 300 3.65303e-07
1250 300 3.70806e-07
1275 300 3.77028e-07
1300 300 3.84017e-07
1325 300 3.91827e-07
1350 300 4.00521e-07
1375 300 4.10173e-07
1400 300 4.20865e-07
1425 300 4.32695e-07
1450 300 4.45775e-07
1475 300 4.60231e-07
1500 300 4.76215e-07
1525 300 4.939e-07
1550 300 5.13488e-07
1575 300 5.35217e-07
1600 300 5.59367e-07
1625 300 5.86268e-07
1650 300 6.16313e-07
1675 300 6.49975e-07
1700 300 6.87823e-07
1725 300 7.30546e-07
1750 300 7.7899e-07
1775 300 8.34203e-07
1800 300 8.97492e-07
1825 300 9.70507e-07
1850 300 1.05536e-06
1875 300 1.1548e-06
1900 300 1.27245e-06
1925 300 1.41317e-06
1950 300 1.58365e-06
1975 300 1.79335e-06
2000 300 2.05601e-06
2025 300 2.39239e-06
2050 300 2.83553e-06
2075 300 3.44156e-06
2100 300 4.31649e-06
2125 300 5.69847e-06
2150 300 8.1852e-06
2175 300 1.27793e-05
2200 300 1.86332e-05
2225 300 1.81335e-05
2250 300 1.14901e-06
2275 300 -2.62638e-05
2300 300 -4.14913e-05
2325 300 -3.47628e-05
2350 300 -1.89118e-05
2375 300 -7.63697e-06
2400 300 -3.10203e-06
2425 300 -2.05108e-06
2450 300 -2.09258e-06
2475 300 -2.42548e-06
2500 300 -2.92119e-06
2525 300 -3.64165e-06
2550 300 -4.76656e-06
2575 300 -6.77379e-06
2600 300 -1.1646e-05
2625 300 -2.0682e-05
2650 300 -1.45885e-05
2675 300 1.92794e-05
2700 300 3.96869e-05
2725 300 2.75345e-05
2750 300 1.00617e-05
2775 300 2.20153e-06
2800 300 3.08605e-07
2825 300 2.89783e-08
2850 300 1.88352e-09
2875 300 8.69424e-11
2900 300 2.91009e-12
2925 300 7.18714e-14
2950 300 1.3293e-15
2975 300 1.86383e-17
0 325 0
25 325 -8.25168e-07
50 325 -1.74622e-06
75 325 -2.90163e-06
100 325 -4.57298e-06
125 325 -7.41958e-06
150 325 -1.23664e-05
175 325 -1.80414e-05
200 325 -1.64859e-05
225 325 1.28127e-06
250 325 2.8043e-05
275 325 4.22732e-05
300 325 3.54128e-05
325 325 1.9771e-05
350 325 8.42386e-06
375 325 3.66011e-06
400 325 2.42342e-06
425 325 2.32455e-06
450 325 2.50812e-06
475 325 2.80147e-06
500 325 3.21196e-06
525 325 3.80218e-06
550 325 4.70183e-06
575 325 6.21152e-06
600 325 9.40064e-06
625 325 1.74196e-05
650 325 2.14845e-05
675 325 -3.5658e-06
700 325 -3.54262e-05
725 325 -3.42928e-05
750 325 -1.55438e-05
775 325 -3.80441e-06
800 325 -2.90155e-07
825 325 3.25949e-07
850 325 3.9208e-07
875 325 3.93996e-07
900 325 3.91496e-07
925 325 3.89361e-07
950 325 3.87838e-07
975 325 3.86928e-07
1000 325 3.86626e-07
1025 325 3.86928e-07
1050 325 3.87838e-07
1075 325 3.89361e-07
1100 325 3.91508e-07
1125 325 3.94293e-07
1150 325 3.97736e-07
1175 325 4.01862e-07
1200 325 4.06699e-07
1225 325 4.12284e-07
1250 325 4.18659e-07
1275 325 4.25871e-07
1300 325 4.33978e-07
1325 325 4.43046e-07
1350 325 4.53151e-07
1375 325 4.64381e-07
1400 325 4.76836e-07
1425 325 4.90635e-07
1450 325 5.05913e-07
1475 325 5.22828e-07
1500 325 5.41561e-07
1525 325 5.62328e-07
1550 325 5.85378e-07
1575 325 6.11007e-07
1600 325 6.39563e-07
1625 325 6.71461e-07
1650 325 7.07199e-07
1675 325 7.47377e-07
1700 325 7.92722e-07
1725 325 8.44125e-07
1750 325 9.02691e-07
1775 325 9.69796e-07
1800 325 1.04718e-06
1825 325 1.13707e-06
1850 325 1.24237e-06
1875 325 1.36688e-06
1900 325 1.51575e-06
1925 325 1.69606e-06
1950 325 1.9178e-06
1975 325 2.19554e-06
2000 325 2.5514e-06
2025 325 3.0207e-06
2050 325 3.66401e-06
2075 325 4.59769e-06
2100 325 6.08874e-06
2125 325 8.78646e-06
2150 325 1.36088e-05
2175 325 1.91785e-05
2200 325 1.75331e-05
2225 325 -3.11477e-07
2250 325 -2.71403e-05
2275 325 -4.1429e-05
2300 325 -3.46201e-05
2325 325 -1.90236e-05
2350 325 -7.71666e-06
2375 325 -2.98865e-06
2400 325 -1.78386e-06
2425 325 -1.71355e-06
2450 325 -1.92274e-06
2475 325 -2.23914e-06
2500 325 -2.6704e-06
2525 325 -3.27935e-06
2550 325 -4.19592e-06
2575 325 -5.72088e-06
2600 325 -8.92381e-06
2625 325 -1.69552e-05
2650 325 -2.10313e-05
2675 325 4.00885e-06
2700 325 3.58602e-05
2725 325 3.47187e-05
2750 325 1.59624e-05
2775 325 4.2167e-06
2800 325 6.96854e-07
2825 325 7.59125e-08
2850 325 5.65676e-09
2875 325 2.96618e-10
2900 325 1.11956e-11
2925 325 3.09922e-13
2950 325 6.39273e-15
2975 325 9.95264e-17
0 350 0
25 350 -1.19814e-06
50 350 -2.59671e-06
75 350 -4.54722e-06
100 350 -7.7905e-06
125 350 -1.30908e-05
150 350 -1.82948e-05
175 350 -1.49991e-05
200 350 4.13834e-06
225 350 3.00775e-05
250 350 4.25054e-05
275 350 3.49243e-05
300 350 1.95281e-05
325 350 8.42386e-06
350 350 3.66448e-06
375 350 2.35281e-06
400 350 2.17811e-06
425 350 2.27975e-06
450 350 2.46631e-06
475 350 2.72365e-06
500 350 3.07769e-06
525 350 3.57934e-06
550 350 4.32528e-06
575 350 5.52386e-06
600 350 7.75188e-06
625 350 1.35413e-05
650 350 2.23266e-05
675 350 9.98259e-06
700 350 -2.57786e-05
725 350 -3.85554e-05
750 350 -2.25095e-05
775 350 -6.90285e-06
800 350 -9.78959e-07
825 350 2.71079e-07
850 350 4.3235e-07
875 350 4.4293e-07
900 350 4.40588e-07
925 350 4.38143e-07
950 350 4.36383e-07
975 350 4.35331e-07
1000 350 4.34981e-07
1025 350 4.35331e-07
1050 350 4.36383e-07
1075 350 4.38144e-07
1100 350 4.40628e-07
1125 350 4.43851e-07
1150 350 4.47837e-07
1175 350 4.52615e-07
1200 350 4.58221e-07
1225 350 4.64697e-07
1250 350 4.72094e-07
1275 350 4.8047e-07
1300 350 4.89894e-07
1325 350 5.00445e-07
1350 350 5.12216e-07
1375 350 5.25314e-07
1400 350 5.39862e-07
1425 350 5.56004e-07
1450 350 5.73906e-07
1475 350 5.93763e-07
1500 350 6.15799e-07
1525 350 6.40282e-07
1550 350 6.67524e-07
1575 350 6.97895e-07
1600 350 7.31837e-07
1625 350 7.69877e-07
1650 350 8.12653e-07
1675 350 8.60938e-07
1700 350 9.15681e-07
1725 350 9.78054e-07
1750 350 1.04952e-06
1775 350 1.13195e-06
1800 350 1.22769e-06
1825 350 1.33986e-06
1850 350 1.47252e-06
1875 350 1.63118e-06
1900 350 1.82345e-06
1925 350 2.06008e-06
1950 350 2.35684e-06
1975 350 2.73779e-06
2000 350 3.24169e-06
2025 350 3.93593e-06
2050 350 4.95355e-06
2075 350 6.6073e-06
2100 350 9.61395e-06
2125 350 1.4722e-05
2150 350 1.97673e-05
2175 350 1.63389e-05
2200 350 -2.91065e-06
2225 350 -2.89456e-05
2250 350 -4.14559e-05
2275 350 -3.39462e-05
2300 350 -1.86125e-05
2325 350 -7.56292e-06
2350 350 -2.85183e-06
2375 350 -1.58293e-06
2400 350 -1.44627e-06
2425 350 -1.58185e-06
2450 350 -1.79879e-06
2475 350 -2.08337e-06
2500 350 -2.46189e-06
2525 350 -2.98558e-06
2550 350 -3.75137e-06
2575 350 -4.96786e-06
2600 350 -7.21201e-06
2625 350 -1.3016e-05
2650 350 -2.18144e-05
2675 350 -9.48215e-06
2700 350 2.62685e-05
2725 350 3.90359e-05
2750 350 2.29816e-05
2775 350 7.36754e-06
2800 350 1.43718e-06
2825 350 1.81536e-07
2850 350 1.54869e-08
2875 350 9.20745e-10
2900 350 3.9103e-11
2925 350 1.21042e-12
2950 350 2.77748e-14
2975 350 4.78904e-16
0 375 0
25 375 -1.90166e-06
50 375 -4.34516e-06
75 375 -8.19184e-06
100 375 -1.38953e-05
125 375 -1.82351e-05
150 375 -1.24949e-05
175 375 8.32508e-06
200 375 3.29564e-05
225 375 4.27332e-05
250 375 3.39281e-05
275 375 1.88197e-05
300 375 8.22324e-06
325 375 3.66011e-06
350 375 2.35281e-06
375 375 2.13256e-06
400 375 2.17677e-06
425 375 2.29261e-06
450 375 2.45681e-06
475 375 2.68048e-06
500 375 2.9874e-06
525 375 3.41838e-06
550 375 4.04777e-06
575 375 5.02672e-06
600 375 6.71667e-06
625 375 1.06006e-05
650 375 1.973e-05
675 375 1.89567e-05
700 375 -1.25384e-05
725 375 -3.83221e-05
750 375 -2.95785e-05
775 375 -1.12731e-05
800 375 -2.20456e-06
825 375 1.11366e-07
850 375 4.65285e-07
875 375 4.96889e-07
900 375 4.95637e-07
925 375 4.92876e-07
950 375 4.90837e-07
975 375 4.89617e-07
1000 375 4.89212e-07
1025 375 4.89617e-07
1050 375 4.90837e-07
1075 375 4.92881e-07
1100 375 4.95762e-07
1125 375 4.99503e-07
1150 375 5.04131e-07
1175 375 5.09682e-07
1200 375 5.16199e-07
1225 375 5.23732e-07
1250 375 5.32344e-07
1275 375 5.42105e-07
1300 375 5.53099e-07
1325 375 5.65423e-07
1350 375 5.7919e-07
1375 375 5.9453e-07
1400 375 6.11597e-07
1425 375 6.30567e-07
1450 375 6.51647e-07
1475 375 6.75078e-07
1500 375 7.01144e-07
1525 375 7.3018e-07
1550 375 7.62582e-07
1575 375 7.98821e-07
1600 375 8.39464e-07
1625 375 8.85193e-07
1650 375 9.3684e-07
1675 375 9.95422e-07
1700 375 1.0622e-06
1725 375 1.13876e-06
1750 375 1.22709e-06
1775 375 1.32977e-06
1800 375 1.45013e-06
1825 375 1.59261e-06
1850 375 1.7632e-06
1875 375 1.97022e-06
1900 375 2.22547e-06
1925 375 2.54641e-06
1950 375 2.95987e-06
1975 375 3.50963e-06
2000 375 4.27352e-06
2025 375 5.41129e-06
2050 375 7.30503e-06
2075 375 1.07382e-05
2100 375 1.61208e-05
2125 375 2.02053e-05
2150 375 1.42581e-05
2175 375 -6.73247e-06
2200 375 -3.15063e-05
2225 375 -4.14034e-05
2250 375 -3.2701e-05
2275 375 -1.76809e-05
2300 375 -7.16104e-06
2325 375 -2.66469e-06
2350 375 -1.41597e-06
2375 375 -1.24737e-06
2400 375 -1.33731e-06
2425 375 -1.49379e-06
2450 375 -1.69423e-06
2475 375 -1.95029e-06
2500 375 -2.28625e-06
2525 375 -2.7433e-06
2550 375 -3.39612e-06
2575 375 -4.39615e-06
2600 375 -6.10507e-06
2625 375 -1.00061e-05
2650 375 -1.91508e-05
2675 375 -1.83913e-05
2700 375 1.30915e-05
2725 375 3.88643e-05
2750 375 3.01109e-05
2775 375 1.17969e-05
2800 375 2.72076e-06
2825 375 3.98316e-07
2850 375 3.88463e-08
2875 375 2.61337e-09
2900 375 1.24592e-10
2925 375 4.30182e-12
2950 375 1.09527e-13
2975 375 2.08591e-15
0 400 0
25 400 -3.56022e-06
50 400 -8.40347e-06
75 400 -1.45092e-05
100 400 -1.73771e-05
125 400 -8.48661e-06
150 400 1.39473e-05
175 400 3.64388e-05
200 400 4.27458e-05
225 400 3.24083e-05
250 400 1.77112e-05
275 400 7.8661e-06
300 400 3.6614e-06
325 400 2.42342e-06
350 400 2.17811e-06
375 400 2.17677e-06
400 400 2.23863e-06
425 400 2.33746e-06
450 400 2.47745e-06
475 400 2.67074e-06
500 400 2.93725e-06
525 400 3.31015e-06
550 400 3.84809e-06
575 400 4.66491e-06
600 400 6.01545e-06
625 400 8.69692e-06
650 400 1.6034e-05
675 400 2.26939e-05
700 400 1.17027e-06
725 400 -3.30476e-05
750 400 -3.53601e-05
775 400 -1.6794e-05
800 400 -4.16901e-06
825 400 -2.31387e-07
850 400 4.783e-07
875 400 5.558e-07
900 400 5.57891e-07
925 400 5.54883e-07
950 400 5.52517e-07
975 400 5.51096e-07
1000 400 5.50624e-07
1025 400 5.51096e-07
1050 400 5.52517e-07
1075 400 5.54897e-07
1100 400 5.58255e-07
1125 400 5.62616e-07
1150 400 5.68014e-07
1175 400 5.74492e-07
1200 400 5.82102e-07
1225 400 5.90908e-07
1250 400 6.00983e-07
1275 400 6.12415e-07
1300 400 6.25308e-07
1325 400 6.3978e-07
1350 400 6.55971e-07
1375 400 6.74043e-07
1400 400 6.94188e-07
1425 400 7.16625e-07
1450 400 7.41615e-07
1475 400 7.69463e-07
1500 400 8.00529e-07
1525 400 8.35242e-07
1550 400 8.74111e-07
1575 400 9.17748e-07
1600 400 9.66895e-07
1625 400 1.02245e-06
1650 400 1.08553e-06
1675 400 1.15749e-06
1700 400 1.24008e-06
1725 400 1.33546e-06
1750 400 1.44646e-06
1775 400 1.57676e-06
1800 400 1.73124e-06
1825 400 1.91658e-06
1850 400 2.14202e-06
1875 400 2.42086e-06
1900 400 2.77287e-06
1925 400 3.22889e-06
1950 400 3.84014e-06
1975 400 4.70074e-06
2000 400 6.01404e-06
2025 400 8.26096e-06
2050 400 1.22436e-05
2075 400 1.77381e-05
2100 400 2.015e-05
2125 400 1.09075e-05
2150 400 -1.18053e-05
2175 400 -3.45222e-05
2200 400 -4.10145e-05
2225 400 -3.08315e-05
2250 400 -1.62648e-05
2275 400 -6.53064e-06
2300 400 -2.42132e-06
2325 400 -1.26593e-06
2350 400 -1.09258e-06
2375 400 -1.15432e-06
2400 400 -1.27173e-06
2425 400 -1.41972e-06
2450 400 -1.60334e-06
2475 400 -1.8355e-06
2500 400 -2.13672e-06
