0 0 0
25 0 0
50 0 0
75 0 0
100 0 0
125 0 0
150 0 0
175 0 0
200 0 0
225 0 0
250 0 0
275 0 0
300 0 0
325 0 0
350 0 0
375 0 0
400 0 0
425 0 0
450 0 0
475 0 0
500 0 0
525 0 0
550 0 0
575 0 0
600 0 0
625 0 0
650 0 0
675 0 0
700 0 0
725 0 0
750 0 0
775 0 0
800 0 0
825 0 0
850 0 0
875 0 0
900 0 0
925 0 0
950 0 0
975 0 0
1000 0 0
1025 0 0
1050 0 0
1075 0 0
1100 0 0
1125 0 0
1150 0 0
1175 0 0
1200 0 0
1225 0 0
1250 0 0
1275 0 0
1300 0 0
1325 0 0
1350 0 0
1375 0 0
1400 0 0
1425 0 0
1450 0 0
1475 0 0
1500 0 0
1525 0 0
1550 0 0
1575 0 0
1600 0 0
1625 0 0
1650 0 0
1675 0 0
1700 0 0
1725 0 0
1750 0 0
1775 0 0
1800 0 0
1825 0 0
1850 0 0
1875 0 0
1900 0 0
1925 0 0
1950 0 0
1975 0 0
2000 0 0
2025 0 0
2050 0 0
2075 0 0
2100 0 0
2125 0 0
2150 0 0
2175 0 0
2200 0 0
2225 0 0
2250 0 0
2275 0 0
2300 0 0
2325 0 0
2350 0 0
2375 0 0
2400 0 0
2425 0 0
2450 0 0
2475 0 0
2500 0 0
2525 0 0
2550 0 0
2575 0 0
2600 0 0
2625 0 0
2650 0 0
2675 0 0
2700 0 0
2725 0 0
2750 0 0
2775 0 0
2800 0 0
2825 0 0
2850 0 0
2875 0 0
2900 0 0
2925 0 0
2950 0 0
2975 0 0
0 25 0
25 25 4.31807e-37
50 25 1.42127e-34
75 25 3.65384e-32
100 25 7.31504e-30
125 25 1.13739e-27
150 25 1.37033e-25
175 25 1.27698e-23
200 25 9.19313e-22
225 25 5.11046e-20
250 25 2.19451e-18
275 25 7.2893e-17
300 25 1.8774e-15
325 25 3.7628e-14
350 25 5.8971e-13
375 25 7.27051e-12
400 25 7.10298e-11
425 25 5.54509e-10
450 25 3.49183e-09
475 25 1.79201e-08
500 25 7.5776e-08
525 25 2.67067e-07
550 25 7.9384e-07
575 25 2.01403e-06
600 25 4.41369e-06
625 25 8.45382e-06
650 25 1.43152e-05
675 25 2.16684e-05
700 25 2.96283e-05
725 25 3.69596e-05
750 25 4.24498e-05
775 25 4.52703e-05
800 25 4.51728e-05
825 25 4.24745e-05
850 25 3.78888e-05
875 25 3.23012e-05
900 25 2.65766e-05
925 25 2.14395e-05
950 25 1.74263e-05
975 25 1.48895e-05
1000 25 1.40234e-05
1025 25 1.48895e-05
1050 25 1.74263e-05
1075 25 2.14395e-05
1100 25 2.65766e-05
1125 25 3.23012e-05
1150 25 3.78888e-05
1175 25 4.24745e-05
1200 25 4.51728e-05
1225 25 4.52703e-05
1250 25 4.24498e-05
1275 25 3.69596e-05
1300 25 2.96283e-05
1325 25 2.16684e-05
1350 25 1.43152e-05
1375 25 8.45382e-06
1400 25 4.41369e-06
1425 25 2.01403e-06
1450 25 7.9384e-07
1475 25 2.67067e-07
1500 25 7.5776e-08
1525 25 1.79201e-08
1550 25 3.49183e-09
1575 25 5.54509e-10
1600 25 7.10298e-11
1625 25 7.27051e-12
1650 25 5.8971e-13
1675 25 3.7628e-14
1700 25 1.8774e-15
1725 25 7.2893e-17
1750 25 2.19451e-18
1775 25 5.11046e-20
1800 25 9.19313e-22
1825 25 1.27698e-23
1850 25 1.37033e-25
1875 25 1.13739e-27
1900 25 7.31504e-30
1925 25 3.65384e-32
1950 25 1.42127e-34
1975 25 4.31809e-37
2000 25 1.028e-39
2025 25 1.92415e-42
2050 25 2.84143e-45
2075 25 3.32208e-48
2100 25 3.08597e-51
2125 25 2.28564e-54
2150 25 1.35446e-57
2175 25 6.44397e-61
2200 25 2.46956e-64
2225 25 7.64864e-68
2250 25 1.92054e-71
2275 25 3.92174e-75
2300 25 6.53193e-79
2325 25 8.8995e-83
2350 25 9.94625e-87
2375 25 9.14299e-91
2400 25 6.93068e-95
2425 25 4.34312e-99
2450 25 2.25531e-103
2475 25 9.72725e-108
2500 25 3.49231e-112
2525 25 1.04592e-116
2550 25 2.61836e-121
2575 25 5.48985e-126
2600 25 9.65845e-131
2625 25 1.42841e-135
2650 25 1.7789e-140
2675 25 1.86863e-145
2700 25 1.65829e-150
2725 25 1.24516e-155
2750 25 7.92233e-161
2775 25 4.27718e-166
2800 25 1.9621e-171
2825 25 7.65784e-177
2850 25 2.54594e-182
2875 25 7.21874e-188
2900 25 1.74759e-193
2925 25 3.61622e-199
2950 25 6.40264e-205
2975 25 9.70921e-211
0 50 0
25 50 1.42127e-34
50 50 4.06122e-32
75 50 9.02784e-30
100 50 1.55621e-27
125 50 2.07418e-25
150 50 2.13226e-23
175 50 1.68729e-21
200 50 1.02641e-19
225 50 4.79721e-18
250 50 1.72326e-16
275 50 4.76441e-15
300 50 1.01642e-13
325 50 1.67952e-12
350 50 2.16055e-11
375 50 2.17764e-10
400 50 1.73294e-09
425 50 1.0985e-08
450 50 5.60197e-08
475 50 2.32316e-07
500 50 7.92483e-07
525 50 2.25038e-06
550 50 5.38485e-06
575 50 1.09918e-05
600 50 1.93737e-05
625 50 2.98348e-05
650 50 4.05961e-05
675 50 4.93178e-05
700 50 5.39808e-05
725 50 5.36165e-05
750 50 4.85174e-05
775 50 3.99246e-05
800 50 2.94675e-05
825 50 1.86585e-05
850 50 8.60847e-06
875 50 -3.26197e-08
900 50 -6.99207e-06
925 50 -1.224e-05
950 50 -1.58643e-05
975 50 -1.79801e-05
1000 50 -1.86748e-05
1025 50 -1.79801e-05
1050 50 -1.58643e-05
1075 50 -1.224e-05
1100 50 -6.99207e-06
1125 50 -3.26197e-08
1150 50 8.60847e-06
1175 50 1.86585e-05
1200 50 2.94675e-05
1225 50 3.99246e-05
1250 50 4.85174e-05
1275 50 5.36165e-05
1300 50 5.39808e-05
1325 50 4.93178e-05
1350 50 4.05961e-05
1375 50 2.98348e-05
1400 50 1.93737e-05
1425 50 1.09918e-05
1450 50 5.38485e-06
1475 50 2.25038e-06
1500 50 7.92483e-07
1525 50 2.32316e-07
1550 50 5.60197e-08
1575 50 1.0985e-08
1600 50 1.73294e-09
1625 50 2.17764e-10
1650 50 2.16055e-11
1675 50 1.67952e-12
1700 50 1.01642e-13
1725 50 4.76441e-15
1750 50 1.72326e-16
1775 50 4.79721e-18
1800 50 1.02641e-19
1825 50 1.68729e-21
1850 50 2.13226e-23
1875 50 2.07418e-25
1900 50 1.55621e-27
1925 50 9.02784e-30
1950 50 4.06122e-32
1975 50 1.42127e-34
2000 50 3.88275e-37
2025 50 8.30998e-40
2050 50 1.39848e-42
2075 50 1.85749e-45
2100 50 1.95448e-48
2125 50 1.63524e-51
2150 50 1.09184e-54
2175 50 5.83889e-58
2200 50 2.50965e-61
2225 50 8.69948e-65
2250 50 2.44011e-68
2275 50 5.55594e-72
2300 50 1.03012e-75
2325 50 1.55991e-79
2350 50 1.93486e-83
2375 50 1.97128e-87
2400 50 1.65409e-91
2425 50 1.14604e-95
2450 50 6.57278e-100
2475 50 3.12779e-104
2500 50 1.23782e-108
2525 50 4.08284e-113
2550 50 1.12477e-117
2575 50 2.59324e-122
2600 50 5.01343e-127
2625 50 8.14238e-132
2650 50 1.11292e-136
2675 50 1.28237e-141
2700 50 1.24771e-146
2725 50 1.0267e-151
2750 50 7.15585e-157
2775 50 4.23046e-162
2800 50 2.12435e-167
2825 50 9.07301e-173
2850 50 3.3e-178
2875 50 1.02339e-183
2900 50 2.70919e-189
2925 50 6.12904e-195
2950 50 1.18621e-200
2975 50 1.96605e-206
0 75 0
25 75 3.65384e-32
50 75 9.02784e-30
75 75 1.72755e-27
100 75 2.55144e-25
125 75 2.89915e-23
150 75 2.52754e-21
175 75 1.68699e-19
200 75 8.60698e-18
225 75 3.35434e-16
250 75 9.98836e-15
275 75 2.27565e-13
300 75 3.97713e-12
325 75 5.35284e-11
350 75 5.57757e-10
375 75 4.52938e-09
400 75 2.88948e-08
425 75 1.46135e-07
450 75 5.9189e-07
475 75 1.94096e-06
500 75 5.21239e-06
525 75 1.1597e-05
550 75 2.1623e-05
575 75 3.41554e-05
600 75 4.61465e-05
625 75 5.37154e-05
650 75 5.40199e-05
675 75 4.66288e-05
700 75 3.35211e-05
725 75 1.79263e-05
750 75 2.9095e-06
775 75 -9.52881e-06
800 75 -1.86303e-05
825 75 -2.45705e-05
850 75 -2.80065e-05
875 75 -2.97096e-05
900 75 -3.03553e-05
925 75 -3.04476e-05
950 75 -3.03215e-05
975 75 -3.01777e-05
1000 75 -3.01193e-05
1025 75 -3.01777e-05
1050 75 -3.03215e-05
1075 75 -3.04476e-05
1100 75 -3.03553e-05
1125 75 -2.97096e-05
1150 75 -2.80065e-05
1175 75 -2.45705e-05
1200 75 -1.86303e-05
1225 75 -9.52881e-06
1250 75 2.9095e-06
1275 75 1.79263e-05
1300 75 3.35211e-05
1325 75 4.66288e-05
1350 75 5.40199e-05
1375 75 5.37154e-05
1400 75 4.61465e-05
1425 75 3.41554e-05
1450 75 2.1623e-05
1475 75 1.1597e-05
1500 75 5.21239e-06
1525 75 1.94096e-06
1550 75 5.9189e-07
1575 75 1.46135e-07
1600 75 2.88948e-08
1625 75 4.52938e-09
1650 75 5.57757e-10
1675 75 5.35284e-11
1700 75 3.97713e-12
1725 75 2.27565e-13
1750 75 9.98836e-15
1775 75 3.35434e-16
1800 75 8.60698e-18
1825 75 1.68699e-19
1850 75 2.52754e-21
1875 75 2.89915e-23
1900 75 2.55144e-25
1925 75 1.72755e-27
1950 75 9.02784e-30
1975 75 3.65387e-32
2000 75 1.1496e-34
2025 75 2.82251e-37
2050 75 5.42911e-40
2075 75 8.2139e-43
2100 75 9.81337e-46
2125 75 9.29478e-49
2150 75 7.00632e-52
2175 75 4.21903e-55
2200 75 2.03708e-58
2225 75 7.91468e-62
2250 75 2.4831e-65
2275 75 6.31178e-69
2300 75 1.3041e-72
2325 75 2.19701e-76
2350 75 3.02706e-80
2375 75 3.42083e-84
2400 75 3.17961e-88
2425 75 2.4373e-92
2450 75 1.54471e-96
2475 75 8.11452e-101
2500 75 3.54142e-105
2525 75 1.28699e-109
2550 75 3.90303e-114
2575 75 9.89825e-119
2600 75 2.10336e-123
2625 75 3.7523e-128
2650 75 5.62998e-133
2675 75 7.11713e-138
2700 75 7.59318e-143
2725 75 6.84799e-148
2750 75 5.22872e-153
2775 75 3.38504e-158
2800 75 1.86073e-163
2825 75 8.69655e-169
2850 75 3.46033e-174
2875 75 1.17365e-179
2900 75 3.39725e-185
2925 75 8.40198e-191
2950 75 1.77736e-196
2975 75 3.21931e-202
0 100 0
25 100 7.31504e-30
50 100 1.55621e-27
75 100 2.55144e-25
100 100 3.2116e-23
125 100 3.09287e-21
150 100 2.27184e-19
175 100 1.26964e-17
200 100 5.38874e-16
225 100 1.73538e-14
250 100 4.24063e-13
275 100 7.87299e-12
300 100 1.11332e-10
325 100 1.20386e-09
350 100 1.00073e-08
375 100 6.43819e-08
400 100 3.23134e-07
425 100 1.27675e-06
450 100 4.01069e-06
475 100 1.01197e-05
500 100 2.07184e-05
525 100 3.47361e-05
550 100 4.80262e-05
575 100 5.48781e-05
600 100 5.13742e-05
625 100 3.79091e-05
650 100 1.88145e-05
675 100 -3.15293e-07
700 100 -1.53317e-05
725 100 -2.46572e-05
750 100 -2.88272e-05
775 100 -2.93806e-05
800 100 -2.79226e-05
825 100 -2.56599e-05
850 100 -2.33211e-05
875 100 -2.1263e-05
900 100 -1.96136e-05
925 100 -1.83862e-05
950 100 -1.75496e-05
975 100 -1.70659e-05
1000 100 -1.69079e-05
1025 100 -1.70659e-05
1050 100 -1.75496e-05
1075 100 -1.83862e-05
1100 100 -1.96136e-05
1125 100 -2.1263e-05
1150 100 -2.33211e-05
1175 100 -2.56599e-05
1200 100 -2.79226e-05
1225 100 -2.93806e-05
1250 100 -2.88272e-05
1275 100 -2.46572e-05
1300 100 -1.53317e-05
1325 100 -3.15293e-07
1350 100 1.88145e-05
1375 100 3.79091e-05
1400 100 5.13742e-05
1425 100 5.48781e-05
1450 100 4.80262e-05
1475 100 3.47361e-05
1500 100 2.07184e-05
1525 100 1.01197e-05
1550 100 4.01069e-06
1575 100 1.27675e-06
1600 100 3.23134e-07
1625 100 6.43819e-08
1650 100 1.00073e-08
1675 100 1.20386e-09
1700 100 1.11332e-10
1725 100 7.87299e-12
1750 100 4.24063e-13
1775 100 1.73538e-14
1800 100 5.38874e-16
1825 100 1.26964e-17
1850 100 2.27184e-19
1875 100 3.09287e-21
1900 100 3.2116e-23
1925 100 2.55144e-25
1950 100 1.55621e-27
1975 100 7.31512e-30
2000 100 2.66068e-32
2025 100 7.51951e-35
2050 100 1.65824e-37
2075 100 2.86557e-40
2100 100 3.89688e-43
2125 100 4.18771e-46
2150 100 3.57083e-49
2175 100 2.42565e-52
2200 100 1.31778e-55
2225 100 5.7471e-59
2250 100 2.01943e-62
2275 100 5.73737e-66
2300 100 1.32243e-69
2325 100 2.48096e-73
2350 100 3.80033e-77
2375 100 4.76743e-81
2400 100 4.91204e-85
2425 100 4.16831e-89
2450 100 2.92102e-93
2475 100 1.69469e-97
2500 100 8.15999e-102
2525 100 3.26851e-106
2550 100 1.09155e-110
2575 100 3.04584e-115
2600 100 7.11594e-120
2625 100 1.39468e-124
2650 100 2.29752e-129
2675 100 3.18688e-134
2700 100 3.72864e-139
2725 100 3.68581e-144
2750 100 3.08322e-149
2775 100 2.18587e-154
2800 100 1.31531e-159
2825 100 6.72699e-165
2850 100 2.92808e-170
2875 100 1.0861e-175
2900 100 3.43728e-181
2925 100 9.29237e-187
2950 100 2.14829e-192
2975 100 4.25184e-198
0 125 0
25 125 1.13739e-27
50 125 2.07418e-25
75 125 2.89915e-23
100 125 3.09287e-21
125 125 2.50859e-19
150 125 1.54159e-17
175 125 7.1568e-16
200 125 2.50458e-14
225 125 6.59874e-13
250 125 1.30856e-11
275 125 1.95507e-10
300 125 2.20583e-09
325 125 1.88642e-08
350 125 1.22911e-07
375 125 6.14076e-07
400 125 2.37025e-06
425 125 7.12643e-06
450 125 1.68289e-05
475 125 3.14439e-05
500 125 4.66993e-05
525 125 5.50109e-05
550 125 5.04135e-05
575 125 3.33336e-05
600 125 1.04255e-05
625 125 -1.01511e-05
650 125 -2.34032e-05
675 125 -2.8783e-05
700 125 -2.8551e-05
725 125 -2.55322e-05
750 125 -2.18001e-05
775 125 -1.84228e-05
800 125 -1.57478e-05
825 125 -1.376e-05
850 125 -1.23235e-05
875 125 -1.12966e-05
900 125 -1.05686e-05
925 125 -1.00631e-05
950 125 -9.73086e-06
975 125 -9.54204e-06
1000 125 -9.48075e-06
1025 125 -9.54204e-06
1050 125 -9.73086e-06
1075 125 -1.00631e-05
1100 125 -1.05686e-05
1125 125 -1.12966e-05
1150 125 -1.23235e-05
1175 125 -1.376e-05
1200 125 -1.57478e-05
1225 125 -1.84228e-05
1250 125 -2.18001e-05
1275 125 -2.55322e-05
1300 125 -2.8551e-05
1325 125 -2.8783e-05
1350 125 -2.34032e-05
1375 125 -1.01511e-05
1400 125 1.04255e-05
1425 125 3.33336e-05
1450 125 5.04135e-05
1475 125 5.50109e-05
1500 125 4.66993e-05
1525 125 3.14439e-05
1550 125 1.68289e-05
1575 125 7.12643e-06
1600 125 2.37025e-06
1625 125 6.14076e-07
1650 125 1.22911e-07
1675 125 1.88642e-08
1700 125 2.20583e-09
1725 125 1.95507e-10
1750 125 1.30856e-11
1775 125 6.59874e-13
1800 125 2.50458e-14
1825 125 7.1568e-16
1850 125 1.54159e-17
1875 125 2.50859e-19
1900 125 3.09287e-21
1925 125 2.89915e-23
1950 125 2.07418e-25
1975 125 1.1374e-27
2000 125 4.80159e-30
2025 125 1.56756e-32
2050 125 3.97574e-35
2075 125 7.86959e-38
2100 125 1.22122e-40
2125 125 1.49237e-43
2150 125 1.44242e-46
2175 125 1.10734e-49
2200 125 6.7799e-53
2225 125 3.32391e-56
2250 125 1.30985e-59
2275 125 4.16435e-63
2300 125 1.07192e-66
2325 125 2.24158e-70
2350 125 3.82068e-74
2375 125 5.32458e-78
2400 125 6.08546e-82
2425 125 5.7203e-86
2450 125 4.43464e-90
2475 125 2.8429e-94
2500 125 1.51087e-98
2525 125 6.67276e-103
2550 125 2.45474e-107
2575 125 7.5386e-112
2600 125 1.9368e-116
2625 125 4.17127e-121
2650 125 7.54554e-126
2675 125 1.14857e-130
2700 125 1.47383e-135
2725 125 1.59697e-140
2750 125 1.4636e-145
2775 125 1.13631e-150
2800 125 7.48473e-156
2825 125 4.18871e-161
2850 125 1.99438e-166
2875 125 8.08958e-172
2900 125 2.79887e-177
2925 125 8.26992e-183
2950 125 2.0892e-188
2975 125 4.5175e-194
0 150 0
25 150 1.37033e-25
50 150 2.13226e-23
75 150 2.52754e-21
100 150 2.27184e-19
125 150 1.54159e-17
150 150 7.86585e-16
175 150 3.00765e-14
200 150 8.59502e-13
225 150 1.83245e-11
250 150 2.91255e-10
275 150 3.45301e-09
300 150 3.05923e-08
325 150 2.03192e-07
350 150 1.01631e-06
375 150 3.8489e-06
400 150 1.11022e-05
425 150 2.45226e-05
450 150 4.15961e-05
475 150 5.39712e-05
500 150 5.23783e-05
525 150 3.48849e-05
550 150 9.30532e-06
575 150 -1.31617e-05
600 150 -2.58605e-05
625 150 -2.89264e-05
650 150 -2.62343e-05
675 150 -2.16533e-05
700 150 -1.73878e-05
725 150 -1.41454e-05
750 150 -1.18738e-05
775 150 -1.03085e-05
800 150 -9.21065e-06
825 150 -8.41848e-06
850 150 -7.83341e-06
875 150 -7.39657e-06
900 150 -7.07212e-06
925 150 -6.83758e-06
950 150 -6.67865e-06
975 150 -6.58651e-06
1000 150 -6.55631e-06
1025 150 -6.58651e-06
1050 150 -6.67865e-06
1075 150 -6.83758e-06
1100 150 -7.07212e-06
1125 150 -7.39657e-06
1150 150 -7.83341e-06
1175 150 -8.41848e-06
1200 150 -9.21065e-06
1225 150 -1.03085e-05
1250 150 -1.18738e-05
1275 150 -1.41454e-05
1300 150 -1.73878e-05
1325 150 -2.16533e-05
1350 150 -2.62343e-05
1375 150 -2.89264e-05
1400 150 -2.58605e-05
1425 150 -1.31617e-05
1450 150 9.30532e-06
1475 150 3.48849e-05
1500 150 5.23783e-05
1525 150 5.39712e-05
1550 150 4.15961e-05
1575 150 2.45226e-05
1600 150 1.11022e-05
1625 150 3.8489e-06
1650 150 1.01631e-06
1675 150 2.03192e-07
1700 150 3.05923e-08
1725 150 3.45301e-09
1750 150 2.91255e-10
1775 150 1.83245e-11
1800 150 8.59502e-13
1825 150 3.00765e-14
1850 150 7.86585e-16
1875 150 1.54159e-17
1900 150 2.27184e-19
1925 150 2.52754e-21
1950 150 2.13226e-23
1975 150 1.37035e-25
2000 150 6.74197e-28
2025 150 2.55183e-30
2050 150 7.46776e-33
2075 150 1.69804e-35
2100 150 3.01467e-38
2125 150 4.19895e-41
2150 150 4.60962e-44
2175 150 4.00657e-47
2200 150 2.76919e-50
2225 150 1.52838e-53
2250 150 6.76333e-57
2275 150 2.40896e-60
2300 150 6.93196e-64
2325 150 1.6173e-67
2350 150 3.06985e-71
2375 150 4.7562e-75
2400 150 6.03366e-79
2425 150 6.28609e-83
2450 150 5.39393e-87
2475 150 3.82249e-91
2500 150 2.24307e-95
2525 150 1.09265e-99
2550 150 4.42905e-104
2575 150 1.49734e-108
2600 150 4.23124e-113
2625 150 1.00152e-117
2650 150 1.98964e-122
2675 150 3.32385e-127
2700 150 4.67799e-132
2725 150 5.55638e-137
2750 150 5.57917e-142
2775 150 4.74342e-147
2800 150 3.42e-152
2825 150 2.09418e-157
2850 150 1.0906e-162
2875 150 4.83695e-168
2900 150 1.82931e-173
2925 150 5.90678e-179
2950 150 1.63033e-184
2975 150 3.85081e-190
0 175 0
25 175 1.27698e-23
50 175 1.68729e-21
75 175 1.68699e-19
100 175 1.26964e-17
125 175 7.1568e-16
150 175 3.00765e-14
175 175 9.38504e-13
200 175 2.16713e-11
225 175 3.69401e-10
250 175 4.64152e-09
275 175 4.29801e-08
300 175 2.93597e-07
325 175 1.48264e-06
350 175 5.55122e-06
375 175 1.54557e-05
400 175 3.20432e-05
425 175 4.92806e-05
450 175 5.51923e-05
475 175 4.20868e-05
500 175 1.54338e-05
525 175 -1.06044e-05
550 175 -2.55568e-05
575 175 -2.8627e-05
600 175 -2.49542e-05
625 175 -1.96332e-05
650 175 -1.51827e-05
675 175 -1.20926e-05
700 175 -1.00561e-05
725 175 -8.68687e-06
750 175 -7.72204e-06
775 175 -7.0118e-06
800 175 -6.47296e-06
825 175 -6.05705e-06
850 175 -5.73389e-06
875 175 -5.48367e-06
900 175 -5.29298e-06
925 175 -5.15261e-06
950 175 -5.0563e-06
975 175 -5.00002e-06
1000 175 -4.98151e-06
1025 175 -5.00002e-06
1050 175 -5.0563e-06
1075 175 -5.15261e-06
1100 175 -5.29298e-06
1125 175 -5.48367e-06
1150 175 -5.73389e-06
1175 175 -6.05705e-06
1200 175 -6.47296e-06
1225 175 -7.0118e-06
1250 175 -7.72204e-06
1275 175 -8.68687e-06
1300 175 -1.00561e-05
1325 175 -1.20926e-05
1350 175 -1.51827e-05
1375 175 -1.96332e-05
1400 175 -2.49542e-05
1425 175 -2.8627e-05
1450 175 -2.55568e-05
1475 175 -1.06044e-05
1500 175 1.54338e-05
1525 175 4.20868e-05
1550 175 5.51923e-05
1575 175 4.92806e-05
1600 175 3.20432e-05
1625 175 1.54557e-05
1650 175 5.55122e-06
1675 175 1.48264e-06
1700 175 2.93597e-07
1725 175 4.29801e-08
1750 175 4.64152e-09
1775 175 3.69401e-10
1800 175 2.16713e-11
1825 175 9.38504e-13
1850 175 3.00765e-14
1875 175 7.1568e-16
1900 175 1.26964e-17
1925 175 1.68699e-19
1950 175 1.68729e-21
1975 175 1.27701e-23
2000 175 7.35306e-26
2025 175 3.23877e-28
2050 175 1.09722e-30
2075 175 2.87433e-33
2100 175 5.85329e-36
2125 175 9.31344e-39
2150 175 1.16366e-41
2175 175 1.14719e-44
2200 175 8.96489e-48
2225 175 5.57816e-51
2250 175 2.7754e-54
2275 175 1.10873e-57
2300 175 3.57019e-61
2325 175 9.30141e-65
2350 175 1.96768e-68
2375 175 3.39152e-72
2400 175 4.77846e-76
2425 175 5.52066e-80
2450 175 5.24564e-84
2475 175 4.11101e-88
2500 175 2.66454e-92
2525 175 1.43202e-96
2550 175 6.39747e-101
2575 175 2.38138e-105
2600 175 7.40278e-110
2625 175 1.92597e-114
2650 175 4.20233e-119
2675 175 7.70509e-124
2700 175 1.18942e-128
2725 175 1.54862e-133
2750 175 1.70359e-138
2775 175 1.58602e-143
2800 175 1.2516e-148
2825 175 8.38482e-154
2850 175 4.77554e-159
2875 175 2.31554e-164
2900 175 9.57108e-170
2925 175 3.37673e-175
2950 175 1.01809e-180
2975 175 2.62625e-186
0 200 0
25 200 9.19313e-22
50 200 1.02641e-19
75 200 8.60698e-18
100 200 5.38874e-16
125 200 2.50458e-14
150 200 8.59502e-13
175 200 2.16713e-11
200 200 3.99759e-10
225 200 5.37644e-09
250 200 5.25898e-08
275 200 3.73584e-07
300 200 1.92628e-06
325 200 7.20903e-06
350 200 1.95702e-05
375 200 3.83977e-05
400 200 5.37555e-05
425 200 5.14983e-05
450 200 2.85496e-05
475 200 -1.60286e-06
500 200 -2.24219e-05
525 200 -2.85815e-05
550 200 -2.5275e-05
575 200 -1.94037e-05
600 200 -1.45373e-05
625 200 -1.13038e-05
650 200 -9.25376e-06
675 200 -7.90109e-06
700 200 -6.95112e-06
725 200 -6.24945e-06
750 200 -5.71354e-06
775 200 -5.29546e-06
800 200 -4.96511e-06
825 200 -4.70251e-06
850 200 -4.49392e-06
875 200 -4.32968e-06
900 200 -4.20289e-06
925 200 -4.10866e-06
950 200 -4.04356e-06
975 200 -4.00536e-06
1000 200 -3.99276e-06
1025 200 -4.00536e-06
1050 200 -4.04356e-06
1075 200 -4.10866e-06
1100 200 -4.20289e-06
1125 200 -4.32968e-06
1150 200 -4.49392e-06
1175 200 -4.70251e-06
1200 200 -4.96511e-06
1225 200 -5.29546e-06
1250 200 -5.71354e-06
1275 200 -6.24945e-06
1300 200 -6.95112e-06
1325 200 -7.90109e-06
1350 200 -9.25376e-06
1375 200 -1.13038e-05
1400 200 -1.45373e-05
1425 200 -1.94037e-05
1450 200 -2.5275e-05
1475 200 -2.85815e-05
1500 200 -2.24219e-05
1525 200 -1.60286e-06
1550 200 2.85496e-05
1575 200 5.14983e-05
1600 200 5.37555e-05
1625 200 3.83977e-05
1650 200 1.95702e-05
1675 200 7.20903e-06
1700 200 1.92628e-06
1725 200 3.73584e-07
1750 200 5.25898e-08
1775 200 5.37644e-09
1800 200 3.99759e-10
1825 200 2.16713e-11
1850 200 8.59502e-13
1875 200 2.50458e-14
1900 200 5.38874e-16
1925 200 8.60698e-18
1950 200 1.02641e-19
1975 200 9.19345e-22
2000 200 6.22221e-24
2025 200 3.20142e-26
2050 200 1.2597e-28
2075 200 3.81296e-31
2100 200 8.92908e-34
2125 200 1.62668e-36
2150 200 2.31777e-39
2175 200 2.59621e-42
2200 200 2.29747e-45
2225 200 1.61382e-48
2250 200 9.03887e-52
2275 200 4.05418e-55
2300 200 1.46221e-58
2325 200 4.25743e-62
2350 200 1.00448e-65
2375 200 1.92729e-69
2400 200 3.0175e-73
2425 200 3.86771e-77
2450 200 4.07116e-81
2475 200 3.52958e-85
2500 200 2.52754e-89
2525 200 1.49903e-93
2550 200 7.38209e-98
2575 200 3.02601e-102
2600 200 1.03491e-106
2625 200 2.95968e-111
2650 200 7.09298e-116
2675 200 1.42738e-120
2700 200 2.41671e-125
2725 200 3.44899e-130
2750 200 4.15641e-135
2775 200 4.23684e-140
2800 200 3.65907e-145
2825 200 2.68151e-150
2850 200 1.67e-155
2875 200 8.85111e-161
2900 200 3.99775e-166
2925 200 1.54076e-171
2950 200 5.07336e-177
2975 200 1.42895e-182
0 225 0
25 225 5.11046e-20
50 225 4.79721e-18
75 225 3.35434e-16
100 225 1.73538e-14
125 225 6.59874e-13
150 225 1.83245e-11
175 225 3.69401e-10
200 225 5.37644e-09
225 225 5.62277e-08
250 225 4.20836e-07
275 225 2.24644e-06
300 225 8.52406e-06
325 225 2.2886e-05
350 225 4.30716e-05
375 225 5.54702e-05
400 225 4.53084e-05
425 225 1.56759e-05
450 225 -1.35522e-05
475 225 -2.73825e-05
500 225 -2.69219e-05
525 225 -2.08599e-05
550 225 -1.51807e-05
575 225 -1.14078e-05
600 225 -9.09648e-06
625 225 -7.6196e-06
650 225 -6.60317e-06
675 225 -5.86102e-06
700 225 -5.29759e-06
725 225 -4.85865e-06
750 225 -4.51065e-06
775 225 -4.23154e-06
800 225 -4.00623e-06
825 225 -3.82409e-06
850 225 -3.67748e-06
875 225 -3.5608e-06
900 225 -3.46999e-06
925 225 -3.40207e-06
950 225 -3.35493e-06
975 225 -3.32719e-06
1000 225 -3.31802e-06
1025 225 -3.32719e-06
1050 225 -3.35493e-06
1075 225 -3.40207e-06
1100 225 -3.46999e-06
1125 225 -3.5608e-06
1150 225 -3.67748e-06
1175 225 -3.82409e-06
1200 225 -4.00623e-06
1225 225 -4.23154e-06
1250 225 -4.51065e-06
1275 225 -4.85865e-06
1300 225 -5.29759e-06
1325 225 -5.86102e-06
1350 225 -6.60317e-06
1375 225 -7.6196e-06
1400 225 -9.09648e-06
1425 225 -1.14078e-05
1450 225 -1.51807e-05
1475 225 -2.08599e-05
1500 225 -2.69219e-05
1525 225 -2.73825e-05
1550 225 -1.35522e-05
1575 225 1.56759e-05
1600 225 4.53084e-05
1625 225 5.54702e-05
1650 225 4.30716e-05
1675 225 2.2886e-05
1700 225 8.52406e-06
1725 225 2.24644e-06
1750 225 4.20836e-07
1775 225 5.62277e-08
1800 225 5.37644e-09
1825 225 3.69401e-10
1850 225 1.83245e-11
1875 225 6.59874e-13
1900 225 1.73538e-14
1925 225 3.35434e-16
1950 225 4.79721e-18
1975 225 5.1107e-20
2000 225 4.08347e-22
2025 225 2.46351e-24
2050 225 1.12958e-26
2075 225 3.9619e-29
2100 225 1.06958e-31
2125 225 2.23585e-34
2150 225 3.63989e-37
2175 225 4.64024e-40
2200 225 4.65675e-43
2225 225 3.69741e-46
2250 225 2.3338e-49
2275 225 1.17641e-52
2300 225 4.75638e-56
2325 225 1.54884e-59
2350 225 4.07812e-63
2375 225 8.71497e-67
2400 225 1.51695e-70
2425 225 2.15799e-74
2450 225 2.51715e-78
2475 225 2.41481e-82
2500 225 1.91094e-86
2525 225 1.25088e-90
2550 225 6.79119e-95
2575 225 3.06578e-99
2600 225 1.1536e-103
2625 225 3.62651e-108
2650 225 9.5456e-113
2675 225 2.10821e-117
2700 225 3.91463e-122
2725 225 6.12309e-127
2750 225 8.08258e-132
2775 225 9.01964e-137
2800 225 8.52346e-142
2825 225 6.83164e-147
2850 225 4.65137e-152
2875 225 2.69413e-157
2900 225 1.32937e-162
2925 225 5.59553e-168
2950 225 2.01169e-173
2975 225 6.18491e-179
0 250 0
25 250 2.19451e-18
50 250 1.72326e-16
75 250 9.98836e-15
100 250 4.24063e-13
125 250 1.30856e-11
150 250 2.91255e-10
175 250 4.64152e-09
200 250 5.25898e-08
225 250 4.20836e-07
250 250 2.36324e-06
275 250 9.24992e-06
300 250 2.5013e-05
325 250 4.60121e-05
350 250 5.55188e-05
375 250 3.89638e-05
400 250 5.54492e-06
425 250 -2.06861e-05
450 250 -2.83485e-05
475 250 -2.39713e-05
500 250 -1.72839e-05
525 250 -1.24357e-05
550 250 -9.52259e-06
575 250 -7.74924e-06
600 250 -6.5766e-06
625 250 -5.74234e-06
650 250 -5.11939e-06
675 250 -4.63909e-06
700 250 -4.26038e-06
725 250 -3.95693e-06
750 250 -3.71103e-06
775 250 -3.51035e-06
800 250 -3.34608e-06
825 250 -3.21176e-06
850 250 -3.10263e-06
875 250 -3.01514e-06
900 250 -2.94664e-06
925 250 -2.89518e-06
950 250 -2.85935e-06
975 250 -2.83822e-06
1000 250 -2.83123e-06
1025 250 -2.83822e-06
1050 250 -2.85935e-06
1075 250 -2.89518e-06
1100 250 -2.94664e-06
1125 250 -3.01514e-06
1150 250 -3.10263e-06
1175 250 -3.21176e-06
1200 250 -3.34608e-06
1225 250 -3.51035e-06
1250 250 -3.71103e-06
1275 250 -3.95693e-06
1300 250 -4.26038e-06
1325 250 -4.63909e-06
1350 250 -5.11939e-06
1375 250 -5.74234e-06
1400 250 -6.5766e-06
1425 250 -7.74924e-06
1450 250 -9.52259e-06
1475 250 -1.24357e-05
1500 250 -1.72839e-05
1525 250 -2.39713e-05
1550 250 -2.83485e-05
1575 250 -2.06861e-05
1600 250 5.54492e-06
1625 250 3.89638e-05
1650 250 5.55188e-05
1675 250 4.60121e-05
1700 250 2.5013e-05
1725 250 9.24992e-06
1750 250 2.36324e-06
1775 250 4.20836e-07
1800 250 5.25898e-08
1825 250 4.64152e-09
1850 250 2.91255e-10
1875 250 1.30856e-11
1900 250 4.24063e-13
1925 250 9.98836e-15
1950 250 1.72326e-16
1975 250 2.19466e-18
2000 250 2.07912e-20
2025 250 1.4762e-22
2050 250 7.91296e-25
2075 250 3.22492e-27
2100 250 1.00607e-29
2125 250 2.41818e-32
2150 250 4.50596e-35
2175 250 6.54775e-38
2200 250 7.46182e-41
2225 250 6.70454e-44
2250 250 4.77386e-47
2275 250 2.70673e-50
2300 250 1.22767e-53
2325 250 4.47377e-57
2350 250 1.31527e-60
2375 250 3.13189e-64
2400 250 6.06277e-68
2425 250 9.57518e-72
2450 250 1.23794e-75
2475 250 1.31436e-79
2500 250 1.14953e-83
2525 250 8.30572e-88
2550 250 4.97145e-92
2575 250 2.47161e-96
2600 250 1.02319e-100
2625 250 3.53552e-105
2650 250 1.02201e-109
2675 250 2.47692e-114
2700 250 5.04335e-119
2725 250 8.64443e-124
2750 250 1.24964e-128
2775 250 1.52633e-133
2800 250 1.57789e-138
2825 250 1.38287e-143
2850 250 1.02907e-148
2875 250 6.51209e-154
2900 250 3.50939e-159
2925 250 1.61278e-164
2950 250 6.32876e-170
2975 250 2.12327e-175
0 275 0
25 275 7.2893e-17
50 275 4.76441e-15
75 275 2.27565e-13
100 275 7.87299e-12
125 275 1.95507e-10
150 275 3.45301e-09
175 275 4.29801e-08
200 275 3.73584e-07
225 275 2.24644e-06
250 275 9.24992e-06
275 275 2.57429e-05
300 275 4.74001e-05
325 275 5.50282e-05
350 275 3.40627e-05
375 275 -1.331e-06
400 275 -2.44278e-05
425 275 -2.7636e-05
450 275 -2.12711e-05
475 275 -1.47949e-05
500 275 -1.07032e-05
525 275 -8.33513e-06
550 275 -6.86553e-06
575 275 -5.86565e-06
600 275 -5.14017e-06
625 275 -4.59152e-06
650 275 -4.16455e-06
675 275 -3.82527e-06
700 275 -3.55146e-06
725 275 -3.32798e-06
750 275 -3.14415e-06
775 275 -2.99228e-06
800 275 -2.8667e-06
825 275 -2.76316e-06
850 275 -2.67847e-06
875 275 -2.61019e-06
900 275 -2.5565e-06
925 275 -2.51602e-06
950 275 -2.48776e-06
975 275 -2.47107e-06
1000 275 -2.46555e-06
1025 275 -2.47107e-06
1050 275 -2.48776e-06
1075 275 -2.51602e-06
1100 275 -2.5565e-06
1125 275 -2.61019e-06
1150 275 -2.67847e-06
1175 275 -2.76316e-06
1200 275 -2.8667e-06
1225 275 -2.99228e-06
1250 275 -3.14415e-06
1275 275 -3.32798e-06
1300 275 -3.55146e-06
1325 275 -3.82527e-06
1350 275 -4.16455e-06
1375 275 -4.59152e-06
1400 275 -5.14017e-06
1425 275 -5.86565e-06
1450 275 -6.86553e-06
1475 275 -8.33513e-06
1500 275 -1.07032e-05
1525 275 -1.47949e-05
1550 275 -2.12711e-05
1575 275 -2.7636e-05
1600 275 -2.44278e-05
1625 275 -1.331e-06
1650 275 3.40627e-05
1675 275 5.50282e-05
1700 275 4.74001e-05
1725 275 2.57429e-05
1750 275 9.24992e-06
1775 275 2.24644e-06
1800 275 3.73584e-07
1825 275 4.29801e-08
1850 275 3.45301e-09
1875 275 1.95507e-10
1900 275 7.87299e-12
1925 275 2.27565e-13
1950 275 4.76441e-15
1975 275 7.28999e-17
2000 275 8.22324e-19
2025 275 6.89632e-21
2050 275 4.33483e-23
2075 275 2.05816e-25
2100 275 7.43633e-28
2125 275 2.05907e-30
2150 275 4.39871e-33
2175 275 7.29594e-36
2200 275 9.45264e-39
2225 275 9.62093e-42
2250 275 7.73423e-45
2275 275 4.93597e-48
2300 275 2.51296e-51
2325 275 1.02528e-54
2350 275 3.36695e-58
2375 275 8.9361e-62
2400 275 1.9243e-65
2425 275 3.37457e-69
2450 275 4.83625e-73
2475 275 5.6832e-77
2500 275 5.49347e-81
2525 275 4.38105e-85
2550 275 2.89088e-89
2575 275 1.58265e-93
2600 275 7.20728e-98
2625 275 2.7369e-102
2650 275 8.68705e-107
2675 275 2.30984e-111
2700 275 5.15607e-116
2725 275 9.68204e-121
2750 275 1.53239e-125
2775 275 2.04803e-130
2800 275 2.31545e-135
2825 275 2.21819e-140
2850 275 1.80356e-145
2875 275 1.24652e-150
2900 275 7.33409e-156
2925 275 3.6786e-161
2950 275 1.57504e-166
2975 275 5.76409e-172
0 300 0
25 300 1.8774e-15
50 300 1.01642e-13
75 300 3.97713e-12
100 300 1.11332e-10
125 300 2.20583e-09
150 300 3.05923e-08
175 300 2.93597e-07
200 300 1.92628e-06
225 300 8.52406e-06
250 300 2.5013e-05
275 300 4.74001e-05
300 300 5.47746e-05
325 300 3.14479e-05
350 300 -5.20317e-06
375 300 -2.61607e-05
400 300 -2.65734e-05
425 300 -1.92738e-05
450 300 -1.31696e-05
475 300 -9.60201e-06
500 300 -7.55629e-06
525 300 -6.2613e-06
550 300 -5.3646e-06
575 300 -4.70695e-06
600 300 -4.20604e-06
625 300 -3.81406e-06
650 300 -3.50107e-06
675 300 -3.24727e-06
700 300 -3.03909e-06
725 300 -2.8669e-06
750 300 -2.72369e-06
775 300 -2.60428e-06
800 300 -2.50479e-06
825 300 -2.42224e-06
850 300 -2.35435e-06
875 300 -2.29939e-06
900 300 -2.25601e-06
925 300 -2.22323e-06
950 300 -2.2003e-06
975 300 -2.18673e-06
1000 300 -2.18224e-06
1025 300 -2.18673e-06
1050 300 -2.2003e-06
1075 300 -2.22323e-06
1100 300 -2.25601e-06
1125 300 -2.29939e-06
1150 300 -2.35435e-06
1175 300 -2.42224e-06
1200 300 -2.50479e-06
1225 300 -2.60428e-06
1250 300 -2.72369e-06
1275 300 -2.8669e-06
1300 300 -3.03909e-06
1325 300 -3.24727e-06
1350 300 -3.50107e-06
1375 300 -3.81406e-06
1400 300 -4.20604e-06
1425 300 -4.70695e-06
1450 300 -5.3646e-06
1475 300 -6.2613e-06
1500 300 -7.55629e-06
1525 300 -9.60201e-06
1550 300 -1.31696e-05
1575 300 -1.92738e-05
1600 300 -2.65734e-05
1625 300 -2.61607e-05
1650 300 -5.20317e-06
1675 300 3.14479e-05
1700 300 5.47746e-05
1725 300 4.74001e-05
1750 300 2.5013e-05
1775 300 8.52406e-06
1800 300 1.92628e-06
1825 300 2.93597e-07
1850 300 3.05923e-08
1875 300 2.20583e-09
1900 300 1.11332e-10
1925 300 3.97713e-12
1950 300 1.01642e-13
1975 300 1.87765e-15
2000 300 2.53226e-17
2025 300 2.51694e-19
2050 300 1.86051e-21
2075 300 1.03159e-23
2100 300 4.3254e-26
2125 300 1.38204e-28
2150 300 3.38955e-31
2175 300 6.42476e-34
2200 300 9.47256e-37
2225 300 1.09299e-39
2250 300 9.92646e-43
2275 300 7.13436e-46
2300 300 4.07866e-49
2325 300 1.86371e-52
2350 300 6.83785e-56
2375 300 2.02308e-59
2400 300 4.84656e-63
2425 300 9.43752e-67
2450 300 1.49926e-70
2475 300 1.94983e-74
2500 300 2.0828e-78
2525 300 1.83311e-82
2550 300 1.33323e-86
2575 300 8.03576e-91
2600 300 4.02455e-95
2625 300 1.67912e-99
2650 300 5.85033e-104
2675 300 1.70614e-108
2700 300 4.17388e-113
2725 300 8.58364e-118
2750 300 1.48688e-122
2775 300 2.17364e-127
2800 300 2.68653e-132
2825 300 2.8122e-137
2850 300 2.49731e-142
2875 300 1.88433e-147
2900 300 1.20992e-152
2925 300 6.62065e-158
2950 300 3.09163e-163
2975 300 1.23364e-168
0 325 0
25 325 3.7628e-14
50 325 1.67952e-12
75 325 5.35284e-11
100 325 1.20386e-09
125 325 1.88642e-08
150 325 2.03192e-07
175 325 1.48264e-06
200 325 7.20903e-06
225 325 2.2886e-05
250 325 4.60121e-05
275 325 5.50282e-05
300 325 3.14479e-05
325 325 -6.44212e-06
350 325 -2.68089e-05
375 325 -2.57793e-05
400 325 -1.80075e-05
425 325 -1.21661e-05
450 325 -8.90625e-06
475 325 -7.04002e-06
500 325 -5.84384e-06
525 325 -5.00822e-06
550 325 -4.39227e-06
575 325 -3.92151e-06
600 325 -3.5521e-06
625 325 -3.25633e-06
650 325 -3.01583e-06
675 325 -2.81792e-06
700 325 -2.65359e-06
725 325 -2.51627e-06
750 325 -2.4011e-06
775 325 -2.30439e-06
800 325 -2.22331e-06
825 325 -2.1557e-06
850 325 -2.09987e-06
875 325 -2.05451e-06
900 325 -2.01861e-06
925 325 -1.99141e-06
950 325 -1.97236e-06
975 325 -1.96108e-06
1000 325 -1.95735e-06
1025 325 -1.96108e-06
1050 325 -1.97236e-06
1075 325 -1.99141e-06
1100 325 -2.01861e-06
1125 325 -2.05451e-06
1150 325 -2.09987e-06
1175 325 -2.1557e-06
1200 325 -2.22331e-06
1225 325 -2.30439e-06
1250 325 -2.4011e-06
1275 325 -2.51627e-06
1300 325 -2.65359e-06
1325 325 -2.81792e-06
1350 325 -3.01583e-06
1375 325 -3.25633e-06
1400 325 -3.5521e-06
1425 325 -3.92151e-06
1450 325 -4.39227e-06
1475 325 -5.00822e-06
1500 325 -5.84384e-06
1525 325 -7.04002e-06
1550 325 -8.90625e-06
1575 325 -1.21661e-05
1600 325 -1.80075e-05
1625 325 -2.57793e-05
1650 325 -2.68089e-05
1675 325 -6.44212e-06
1700 325 3.14479e-05
1725 325 5.50282e-05
1750 325 4.60121e-05
1775 325 2.2886e-05
1800 325 7.20903e-06
1825 325 1.48264e-06
1850 325 2.03192e-07
1875 325 1.88642e-08
1900 325 1.20386e-09
1925 325 5.35284e-11
1950 325 1.67952e-12
1975 325 3.76352e-14
2000 325 6.09165e-16
2025 325 7.19876e-18
2050 325 6.27395e-20
2075 325 4.07102e-22
2100 325 1.98432e-24
2125 325 7.3266e-27
2150 325 2.06529e-29
2175 325 4.47765e-32
2200 325 7.51814e-35
2225 325 9.83976e-38
2250 325 1.01e-40
2275 325 8.17744e-44
2300 325 5.25067e-47
2325 325 2.68734e-50
2350 325 1.10161e-53
2375 325 3.63318e-57
2400 325 9.6819e-61
2425 325 2.09315e-64
2450 325 3.68522e-68
2475 325 5.30297e-72
2500 325 6.25826e-76
2525 325 6.0768e-80
2550 325 4.8699e-84
2575 325 3.23041e-88
2600 325 1.77866e-92
2625 325 8.1502e-97
2650 325 3.11585e-101
2675 325 9.9621e-106
2700 325 2.66981e-110
2725 325 6.01038e-115
2750 325 1.13897e-119
2775 325 1.82038e-124
2800 325 2.45849e-129
2825 325 2.81065e-134
2850 325 2.72467e-139
2875 325 2.24336e-144
2900 325 1.57121e-149
2925 325 9.3749e-155
2950 325 4.77209e-160
2975 325 2.07514e-165
0 350 0
25 350 5.8971e-13
50 350 2.16055e-11
75 350 5.57757e-10
100 350 1.00073e-08
125 350 1.22911e-07
150 350 1.01631e-06
175 350 5.55122e-06
200 350 1.95702e-05
225 350 4.30716e-05
250 350 5.55188e-05
275 350 3.40627e-05
300 350 -5.20317e-06
325 350 -2.68089e-05
350 350 -2.54946e-05
375 350 -1.74005e-05
400 350 -1.16216e-05
425 350 -8.49339e-06
450 350 -6.70998e-06
475 350 -5.56233e-06
500 350 -4.75875e-06
525 350 -4.16587e-06
550 350 -3.71248e-06
575 350 -3.35648e-06
600 350 -3.07119e-06
625 350 -2.83893e-06
650 350 -2.64746e-06
675 350 -2.48811e-06
700 350 -2.35453e-06
725 350 -2.24202e-06
750 350 -2.14701e-06
775 350 -2.06677e-06
800 350 -1.99917e-06
825 350 -1.94257e-06
850 350 -1.89567e-06
875 350 -1.85745e-06
900 350 -1.82714e-06
925 350 -1.80414e-06
950 350 -1.788e-06
975 350 -1.77844e-06
1000 350 -1.77527e-06
1025 350 -1.77844e-06
1050 350 -1.788e-06
1075 350 -1.80414e-06
1100 350 -1.82714e-06
1125 350 -1.85745e-06
1150 350 -1.89567e-06
1175 350 -1.94257e-06
1200 350 -1.99917e-06
1225 350 -2.06677e-06
1250 350 -2.14701e-06
1275 350 -2.24202e-06
1300 350 -2.35453e-06
1325 350 -2.48811e-06
1350 350 -2.64746e-06
1375 350 -2.83893e-06
1400 350 -3.07119e-06
1425 350 -3.35648e-06
1450 350 -3.71248e-06
1475 350 -4.16587e-06
1500 350 -4.75875e-06
1525 350 -5.56233e-06
1550 350 -6.70998e-06
1575 350 -8.49339e-06
1600 350 -1.16216e-05
1625 350 -1.74005e-05
1650 350 -2.54946e-05
1675 350 -2.68089e-05
1700 350 -5.20317e-06
1725 350 3.40627e-05
1750 350 5.55188e-05
1775 350 4.30716e-05
1800 350 1.95702e-05
1825 350 5.55122e-06
1850 350 1.01631e-06
1875 350 1.22911e-07
1900 350 1.00073e-08
1925 350 5.57757e-10
1950 350 2.16055e-11
1975 350 5.89872e-13
2000 350 1.14994e-14
2025 350 1.62023e-16
2050 350 1.66861e-18
2075 350 1.26932e-20
2100 350 7.20232e-23
2125 350 3.07626e-25
2150 350 9.97504e-28
2175 350 2.47513e-30
2200 350 4.7347e-33
2225 350 7.03089e-36
2250 350 8.15777e-39
2275 350 7.44077e-42
2300 350 5.36572e-45
2325 350 3.07559e-48
2350 350 1.40835e-51
2375 350 5.17641e-55
2400 350 1.53401e-58
2425 350 3.68074e-62
2450 350 7.17926e-66
2475 350 1.1426e-69
2500 350 1.48909e-73
2525 350 1.5945e-77
2550 350 1.40731e-81
2575 350 1.0269e-85
2600 350 6.21274e-90
2625 350 3.12494e-94
2650 350 1.31017e-98
2675 350 4.58992e-103
2700 350 1.34677e-107
2725 350 3.31712e-112
2750 350 6.8727e-117
2775 350 1.20025e-121
2800 350 1.77021e-126
2825 350 2.20896e-131
2850 350 2.33626e-136
2875 350 2.09773e-141
2900 350 1.60163e-146
2925 350 1.04141e-151
2950 350 5.77508e-157
2975 350 2.73509e-162
0 375 0
25 375 7.27051e-12
50 375 2.17764e-10
75 375 4.52938e-09
100 375 6.43819e-08
125 375 6.14076e-07
150 375 3.8489e-06
175 375 1.54557e-05
200 375 3.83977e-05
225 375 5.54702e-05
250 375 3.89638e-05
275 375 -1.331e-06
300 375 -2.61607e-05
325 375 -2.57793e-05
350 375 -1.74005e-05
375 375 -1.14491e-05
400 375 -8.30036e-06
425 375 -6.52539e-06
450 375 -5.38777e-06
475 375 -4.59353e-06
500 375 -4.00897e-06
525 375 -3.56278e-06
550 375 -3.21287e-06
575 375 -2.93266e-06
600 375 -2.70456e-06
625 375 -2.51644e-06
650 375 -2.3597e-06
675 375 -2.22807e-06
700 375 -2.1169e-06
725 375 -2.02265e-06
750 375 -1.94261e-06
775 375 -1.8747e-06
800 375 -1.81726e-06
825 375 -1.769e-06
850 375 -1.72889e-06
875 375 -1.69613e-06
900 375 -1.6701e-06
925 375 -1.65032e-06
950 375 -1.63643e-06
975 375 -1.62818e-06
1000 375 -1.62545e-06
1025 375 -1.62818e-06
1050 375 -1.63643e-06
1075 375 -1.65032e-06
1100 375 -1.6701e-06
1125 375 -1.69613e-06
1150 375 -1.72889e-06
1175 375 -1.769e-06
1200 375 -1.81726e-06
1225 375 -1.8747e-06
1250 375 -1.94261e-06
1275 375 -2.02265e-06
1300 375 -2.1169e-06
1325 375 -2.22807e-06
1350 375 -2.3597e-06
1375 375 -2.51644e-06
1400 375 -2.70456e-06
1425 375 -2.93266e-06
1450 375 -3.21287e-06
1475 375 -3.56278e-06
1500 375 -4.00897e-06
1525 375 -4.59353e-06
1550 375 -5.38777e-06
1575 375 -6.52539e-06
1600 375 -8.30036e-06
1625 375 -1.14491e-05
1650 375 -1.74005e-05
1675 375 -2.57793e-05
1700 375 -2.61607e-05
1725 375 -1.331e-06
1750 375 3.89638e-05
1775 375 5.54702e-05
1800 375 3.83977e-05
1825 375 1.54557e-05
1850 375 3.8489e-06
1875 375 6.14076e-07
1900 375 6.43819e-08
1925 375 4.52938e-09
1950 375 2.17764e-10
1975 375 7.2734e-12
2000 375 1.71314e-13
2025 375 2.88477e-15
2050 375 3.51698e-17
2075 375 3.1407e-19
2100 375 2.07657e-21
2125 375 1.02673e-23
2150 375 3.83136e-26
2175 375 1.08832e-28
2200 375 2.37203e-31
2225 375 3.99633e-34
2250 375 5.24053e-37
2275 375 5.38349e-40
2300 375 4.35856e-43
2325 375 2.79683e-46
2350 375 1.42998e-49
2375 375 5.85455e-53
2400 375 1.92835e-56
2425 375 5.13237e-60
2450 375 1.10838e-63
2475 375 1.94983e-67
2500 375 2.80444e-71
2525 375 3.30942e-75
2550 375 3.21476e-79
2575 375 2.57867e-83
2600 375 1.71309e-87
2625 375 9.45199e-92
2650 375 4.34294e-96
2675 375 1.66596e-100
2700 375 5.34823e-105
2725 375 1.44018e-109
2750 375 3.26012e-114
2775 375 6.21671e-119
2800 375 1.00059e-123
2825 375 1.36188e-128
2850 375 1.57033e-133
2875 375 1.53657e-138
2900 375 1.27802e-143
2925 375 9.04937e-149
2950 375 5.46315e-154
2975 375 2.81597e-159
0 400 0
25 400 7.10298e-11
50 400 1.73294e-09
75 400 2.88948e-08
100 400 3.23134e-07
125 400 2.37025e-06
150 400 1.11022e-05
175 400 3.20432e-05
200 400 5.37555e-05
225 400 4.53084e-05
250 400 5.54492e-06
275 400 -2.44278e-05
300 400 -2.65734e-05
325 400 -1.80075e-05
350 400 -1.16216e-05
375 400 -8.30036e-06
400 400 -6.46591e-06
425 400 -5.30409e-06
450 400 -4.49914e-06
475 400 -3.90995e-06
500 400 -3.46207e-06
525 400 -3.1119e-06
550 400 -2.8321e-06
575 400 -2.60465e-06
600 400 -2.41721e-06
625 400 -2.26103e-06
650 400 -2.12978e-06
675 400 -2.01874e-06
700 400 -1.92438e-06
725 400 -1.84394e-06
750 400 -1.77533e-06
775 400 -1.71688e-06
800 400 -1.66728e-06
825 400 -1.62548e-06
850 400 -1.59066e-06
875 400 -1.56216e-06
900 400 -1.53948e-06
925 400 -1.52222e-06
950 400 -1.51009e-06
975 400 -1.50289e-06
1000 400 -1.5005e-06
1025 400 -1.50289e-06
1050 400 -1.51009e-06
1075 400 -1.52222e-06
1100 400 -1.53948e-06
1125 400 -1.56216e-06
1150 400 -1.59066e-06
1175 400 -1.62548e-06
1200 400 -1.66728e-06
1225 400 -1.71688e-06
1250 400 -1.77533e-06
1275 400 -1.84394e-06
1300 400 -1.92438e-06
1325 400 -2.01874e-06
1350 400 -2.12978e-06
1375 400 -2.26103e-06
1400 400 -2.41721e-06
1425 400 -2.60465e-06
1450 400 -2.8321e-06
1475 400 -3.1119e-06
1500 400 -3.46207e-06
1525 400 -3.90995e-06
1550 400 -4.49914e-06
1575 400 -5.30409e-06
1600 400 -6.46591e-06
1625 400 -8.30036e-06
1650 400 -1.16216e-05
1675 400 -1.80075e-05
1700 400 -2.65734e-05
1725 400 -2.44278e-05
1750 400 5.54492e-06
1775 400 4.53084e-05
1800 400 5.37555e-05
1825 400 3.20432e-05
1850 400 1.11022e-05
1875 400 2.37025e-06
1900 400 3.23134e-07
1925 400 2.88948e-08
1950 400 1.73294e-09
1975 400 7.10707e-11
2000 400 2.02789e-12
