0 0 0
25 0 0
50 0 0
75 0 0
100 0 0
125 0 0
150 0 0
175 0 0
200 0 0
225 0 0
250 0 0
275 0 0
300 0 0
325 0 0
350 0 0
375 0 0
400 0 0
425 0 0
450 0 0
475 0 0
500 0 0
525 0 0
550 0 0
575 0 0
600 0 0
625 0 0
650 0 0
675 0 0
700 0 0
725 0 0
750 0 0
775 0 0
800 0 0
825 0 0
850 0 0
875 0 0
900 0 0
925 0 0
950 0 0
975 0 0
1000 0 0
1025 0 0
1050 0 0
1075 0 0
1100 0 0
1125 0 0
1150 0 0
1175 0 0
1200 0 0
1225 0 0
1250 0 0
1275 0 0
1300 0 0
1325 0 0
1350 0 0
1375 0 0
1400 0 0
1425 0 0
1450 0 0
1475 0 0
1500 0 0
1525 0 0
1550 0 0
1575 0 0
1600 0 0
1625 0 0
1650 0 0
1675 0 0
1700 0 0
1725 0 0
1750 0 0
1775 0 0
1800 0 0
1825 0 0
1850 0 0
1875 0 0
1900 0 0
1925 0 0
1950 0 0
1975 0 0
2000 0 0
2025 0 0
2050 0 0
2075 0 0
2100 0 0
2125 0 0
2150 0 0
2175 0 0
2200 0 0
2225 0 0
2250 0 0
2275 0 0
2300 0 0
2325 0 0
2350 0 0
2375 0 0
2400 0 0
2425 0 0
2450 0 0
2475 0 0
2500 0 0
2525 0 0
2550 0 0
2575 0 0
2600 0 0
2625 0 0
2650 0 0
2675 0 0
2700 0 0
2725 0 0
2750 0 0
2775 0 0
2800 0 0
2825 0 0
2850 0 0
2875 0 0
2900 0 0
2925 0 0
2950 0 0
2975 0 0
0 25 0
25 25 -5.48783e-09
50 25 -1.10752e-08
75 25 -1.68659e-08
100 25 -2.29733e-08
125 25 -2.95253e-08
150 25 -3.66717e-08
175 25 -4.45928e-08
200 25 -5.35116e-08
225 25 -6.37104e-08
250 25 -7.55541e-08
275 25 -8.95247e-08
300 25 -1.06273e-07
325 25 -1.26695e-07
350 25 -1.52061e-07
375 25 -1.84213e-07
400 25 -2.25915e-07
425 25 -2.81466e-07
450 25 -3.57854e-07
475 25 -4.6709e-07
500 25 -6.31334e-07
525 25 -8.95652e-07
550 25 -1.36617e-06
575 25 -2.38677e-06
600 25 -5.29843e-06
625 25 -9.32162e-06
650 25 1.70059e-06
675 25 3.0525e-05
700 25 3.10626e-05
725 25 -1.63974e-06
750 25 -1.91204e-05
775 25 -1.31191e-05
800 25 -4.5005e-06
825 25 -9.30403e-07
850 25 -1.15751e-07
875 25 2.20281e-09
900 25 1.37265e-08
925 25 1.44753e-08
950 25 1.44767e-08
975 25 1.44549e-08
1000 25 1.44472e-08
1025 25 1.44549e-08
1050 25 1.44783e-08
1075 25 1.45173e-08
1100 25 1.45722e-08
1125 25 1.46432e-08
1150 25 1.47306e-08
1175 25 1.48349e-08
1200 25 1.49565e-08
1225 25 1.5096e-08
1250 25 1.52541e-08
1275 25 1.54316e-08
1300 25 1.56293e-08
1325 25 1.58482e-08
1350 25 1.60896e-08
1375 25 1.63545e-08
1400 25 1.66446e-08
1425 25 1.69614e-08
1450 25 1.73067e-08
1475 25 1.76825e-08
1500 25 1.80912e-08
1525 25 1.85352e-08
1550 25 1.90175e-08
1575 25 1.95413e-08
1600 25 2.01103e-08
1625 25 2.07285e-08
1650 25 2.14007e-08
1675 25 2.2132e-08
1700 25 2.29286e-08
1725 25 2.37973e-08
1750 25 2.47458e-08
1775 25 2.57833e-08
1800 25 2.692e-08
1825 25 2.81679e-08
1850 25 2.95409e-08
1875 25 3.10551e-08
1900 25 3.27295e-08
1925 25 3.45863e-08
1950 25 3.66518e-08
1975 25 3.89572e-08
2000 25 4.154e-08
2025 25 4.4445e-08
2050 25 4.77269e-08
2075 25 5.14522e-08
2100 25 5.57028e-08
2125 25 6.05805e-08
2150 25 6.62126e-08
2175 25 7.27607e-08
2200 25 8.04316e-08
2225 25 8.94937e-08
2250 25 1.003e-07
2275 25 1.13322e-07
2300 25 1.29201e-07
2325 25 1.48827e-07
2350 25 1.73462e-07
2375 25 2.04942e-07
2400 25 2.46025e-07
2425 25 3.01007e-07
2450 25 3.76872e-07
2475 25 4.85626e-07
2500 25 6.49425e-07
2525 25 9.13334e-07
2550 25 1.38348e-06
2575 25 2.40373e-06
2600 25 5.31507e-06
2625 25 9.33797e-06
2650 25 -1.6845e-06
2675 25 -3.05092e-05
2700 25 -3.10469e-05
2725 25 1.65518e-06
2750 25 1.91356e-05
2775 25 1.31342e-05
2800 25 4.51546e-06
2825 25 9.45237e-07
2850 25 1.30482e-07
2875 25 1.24404e-08
2900 25 8.45665e-10
2925 25 4.19807e-11
2950 25 1.55127e-12
2975 25 4.32671e-14
0 50 0
25 50 -1.10752e-08
50 50 -2.23526e-08
75 50 -3.40437e-08
100 50 -4.6379e-08
125 50 -5.96191e-08
150 50 -7.40696e-08
175 50 -9.00992e-08
200 50 -1.08165e-07
225 50 -1.28845e-07
250 50 -1.52891e-07
275 50 -1.81297e-07
300 50 -2.15408e-07
325 50 -2.5709e-07
350 50 -3.08989e-07
375 50 -3.74975e-07
400 50 -4.60889e-07
425 50 -5.75904e-07
450 50 -7.35121e-07
475 50 -9.64944e-07
500 50 -1.31539e-06
525 50 -1.89281e-06
550 50 -2.97667e-06
575 50 -5.60525e-06
600 50 -1.15165e-05
625 50 -1.27024e-05
650 50 1.20194e-05
675 50 5.05762e-05
700 50 4.88195e-05
725 50 1.88933e-06
750 50 -3.03278e-05
775 50 -2.54528e-05
800 50 -1.0471e-05
825 50 -2.58518e-06
850 50 -3.96666e-07
875 50 -1.82419e-08
900 50 2.54656e-08
925 50 2.89037e-08
950 50 2.90319e-08
975 50 2.89939e-08
1000 50 2.89785e-08
1025 50 2.89942e-08
1050 50 2.90411e-08
1075 50 2.91195e-08
1100 50 2.92298e-08
1125 50 2.93724e-08
1150 50 2.95481e-08
1175 50 2.97576e-08
1200 50 3.0002e-08
1225 50 3.02824e-08
1250 50 3.06001e-08
1275 50 3.09567e-08
1300 50 3.1354e-08
1325 50 3.1794e-08
1350 50 3.2279e-08
1375 50 3.28116e-08
1400 50 3.33947e-08
1425 50 3.40314e-08
1450 50 3.47256e-08
1475 50 3.54811e-08
1500 50 3.63028e-08
1525 50 3.71956e-08
1550 50 3.81655e-08
1575 50 3.92189e-08
1600 50 4.03632e-08
1625 50 4.16067e-08
1650 50 4.29588e-08
1675 50 4.44302e-08
1700 50 4.60331e-08
1725 50 4.77812e-08
1750 50 4.96905e-08
1775 50 5.1779e-08
1800 50 5.40677e-08
1825 50 5.65808e-08
1850 50 5.93463e-08
1875 50 6.23971e-08
1900 50 6.57713e-08
1925 50 6.95141e-08
1950 50 7.36788e-08
1975 50 7.83288e-08
2000 50 8.35401e-08
2025 50 8.9404e-08
2050 50 9.60314e-08
2075 50 1.03558e-07
2100 50 1.1215e-07
2125 50 1.22016e-07
2150 50 1.33416e-07
2175 50 1.4668e-07
2200 50 1.62232e-07
2225 50 1.80624e-07
2250 50 2.02581e-07
2275 50 2.29078e-07
2300 50 2.61441e-07
2325 50 3.0152e-07
2350 50 3.51948e-07
2375 50 4.16581e-07
2400 50 5.01252e-07
2425 50 6.15123e-07
2450 50 7.73286e-07
2475 50 1.00214e-06
2500 50 1.35169e-06
2525 50 1.92829e-06
2550 50 3.01139e-06
2575 50 5.63928e-06
2600 50 1.15499e-05
2625 50 1.27352e-05
2650 50 -1.19871e-05
2675 50 -5.05444e-05
2700 50 -4.87881e-05
2725 50 -1.85838e-06
2750 50 3.03584e-05
2775 50 2.5483e-05
2800 50 1.0501e-05
2825 50 2.61493e-06
2850 50 4.26214e-07
2875 50 4.76143e-08
2900 50 3.76416e-09
2925 50 2.15782e-10
2950 50 9.14787e-12
2975 50 2.90873e-13
0 75 0
25 75 -1.68659e-08
50 75 -3.40437e-08
75 75 -5.18596e-08
100 75 -7.06694e-08
125 75 -9.08769e-08
150 75 -1.12956e-07
175 75 -1.3748e-07
200 75 -1.65163e-07
225 75 -1.9691e-07
250 75 -2.33903e-07
275 75 -2.77713e-07
300 75 -3.30478e-07
325 75 -3.95179e-07
350 75 -4.76085e-07
375 75 -5.79494e-07
400 75 -7.15034e-07
425 75 -8.98067e-07
450 75 -1.15444e-06
475 75 -1.53081e-06
500 75 -2.11995e-06
525 75 -3.13886e-06
550 75 -5.295e-06
575 75 -1.05014e-05
600 75 -1.62157e-05
625 75 -4.75812e-06
650 75 2.90875e-05
675 75 5.51431e-05
700 75 4.92919e-05
725 75 1.0422e-05
750 75 -2.92963e-05
775 75 -3.47942e-05
800 75 -1.85184e-05
825 75 -5.72478e-06
850 75 -1.10157e-06
875 75 -1.08974e-07
900 75 2.97646e-08
925 75 4.29371e-08
950 75 4.37275e-08
975 75 4.37017e-08
1000 75 4.36798e-08
1025 75 4.37034e-08
1050 75 4.37743e-08
1075 75 4.38929e-08
1100 75 4.40596e-08
1125 75 4.42752e-08
1150 75 4.45408e-08
1175 75 4.48576e-08
1200 75 4.5227e-08
1225 75 4.56509e-08
1250 75 4.61312e-08
1275 75 4.66704e-08
1300 75 4.72712e-08
1325 75 4.79366e-08
1350 75 4.86702e-08
1375 75 4.94757e-08
1400 75 5.03576e-08
1425 75 5.13208e-08
1450 75 5.23709e-08
1475 75 5.35142e-08
1500 75 5.47575e-08
1525 75 5.61087e-08
1550 75 5.75767e-08
1575 75 5.91714e-08
1600 75 6.0904e-08
1625 75 6.27872e-08
1650 75 6.48352e-08
1675 75 6.70644e-08
1700 75 6.94932e-08
1725 75 7.21427e-08
1750 75 7.50372e-08
1775 75 7.82043e-08
1800 75 8.16761e-08
1825 75 8.54895e-08
1850 75 8.96874e-08
1875 75 9.432e-08
1900 75 9.9446e-08
1925 75 1.05134e-07
1950 75 1.11467e-07
1975 75 1.18542e-07
2000 75 1.26475e-07
2025 75 1.35408e-07
2050 75 1.45511e-07
2075 75 1.56994e-07
2100 75 1.70115e-07
2125 75 1.85197e-07
2150 75 2.02644e-07
2175 75 2.2297e-07
2200 75 2.46839e-07
2225 75 2.75114e-07
2250 75 3.0894e-07
2275 75 3.49855e-07
2300 75 3.99971e-07
2325 75 4.62243e-07
2350 75 5.4092e-07
2375 75 6.42281e-07
2400 75 7.75938e-07
2425 75 9.57238e-07
2450 75 1.21202e-06
2475 75 1.58691e-06
2500 75 2.17471e-06
2525 75 3.19237e-06
2550 75 5.34738e-06
2575 75 1.05527e-05
2600 75 1.62661e-05
2625 75 4.8076e-06
2650 75 -2.90388e-05
2675 75 -5.50952e-05
2700 75 -4.92447e-05
2725 75 -1.03753e-05
2750 75 2.93424e-05
2775 75 3.48398e-05
2800 75 1.85636e-05
2825 75 5.76964e-06
2850 75 1.14611e-06
2875 75 1.53249e-07
2900 75 1.42949e-08
2925 75 9.5575e-10
2950 75 4.68051e-11
2975 75 1.70446e-12
0 100 0
25 100 -2.29733e-08
50 100 -4.6379e-08
75 100 -7.06694e-08
100 100 -9.63395e-08
125 100 -1.23952e-07
150 100 -1.5417e-07
175 100 -1.87798e-07
200 100 -2.25841e-07
225 100 -2.69587e-07
250 100 -3.20718e-07
275 100 -3.8149e-07
300 100 -4.54998e-07
325 100 -5.45599e-07
350 100 -6.59599e-07
375 100 -8.06443e-07
400 100 -1.00083e-06
425 100 -1.2668e-06
450 100 -1.64615e-06
475 100 -2.21818e-06
500 100 -3.15472e-06
525 100 -4.94781e-06
550 100 -9.16656e-06
575 100 -1.60975e-05
600 100 -1.30185e-05
625 100 1.38664e-05
650 100 4.23342e-05
675 100 4.67516e-05
700 100 3.845e-05
725 100 1.89683e-05
750 100 -1.7371e-05
775 100 -3.78215e-05
800 100 -2.76723e-05
825 100 -1.09726e-05
850 100 -2.64423e-06
875 100 -3.76119e-07
900 100 1.10451e-08
925 100 5.51684e-08
950 100 5.8554e-08
975 100 5.86623e-08
1000 100 5.86391e-08
1025 100 5.86712e-08
1050 100 5.87668e-08
1075 100 5.89265e-08
1100 100 5.91512e-08
1125 100 5.94419e-08
1150 100 5.97999e-08
1175 100 6.02269e-08
1200 100 6.07249e-08
1225 100 6.12964e-08
1250 100 6.19441e-08
1275 100 6.26712e-08
1300 100 6.34813e-08
1325 100 6.43787e-08
1350 100 6.5368e-08
1375 100 6.64546e-08
1400 100 6.76444e-08
1425 100 6.89441e-08
1450 100 7.03612e-08
1475 100 7.19042e-08
1500 100 7.35825e-08
1525 100 7.54069e-08
1550 100 7.73893e-08
1575 100 7.95433e-08
1600 100 8.18841e-08
1625 100 8.44289e-08
1650 100 8.71972e-08
1675 100 9.02113e-08
1700 100 9.34963e-08
1725 100 9.7081e-08
1750 100 1.00999e-07
1775 100 1.05287e-07
1800 100 1.0999e-07
1825 100 1.15157e-07
1850 100 1.20849e-07
1875 100 1.27134e-07
1900 100 1.34092e-07
1925 100 1.41818e-07
1950 100 1.50426e-07
1975 100 1.60049e-07
2000 100 1.7085e-07
2025 100 1.83022e-07
2050 100 1.96805e-07
2075 100 2.12487e-07
2100 100 2.30431e-07
2125 100 2.51086e-07
2150 100 2.75019e-07
2175 100 3.02955e-07
2200 100 3.35831e-07
2225 100 3.74874e-07
2250 100 4.21716e-07
2275 100 4.78571e-07
2300 100 5.48495e-07
2325 100 6.3581e-07
2350 100 7.46797e-07
2375 100 8.90872e-07
2400 100 1.08272e-06
2425 100 1.34634e-06
2450 100 1.72354e-06
2475 100 2.29358e-06
2500 100 3.2283e-06
2525 100 5.01972e-06
2550 100 9.23692e-06
2575 100 1.61665e-05
2600 100 1.30861e-05
2625 100 -1.38e-05
2650 100 -4.22688e-05
2675 100 -4.66872e-05
2700 100 -3.83865e-05
2725 100 -1.89056e-05
2750 100 1.74329e-05
2775 100 3.78828e-05
2800 100 2.7733e-05
2825 100 1.10328e-05
2850 100 2.70403e-06
2875 100 4.35561e-07
2900 100 4.81061e-08
2925 100 3.75811e-09
2950 100 2.12776e-10
2975 100 8.87488e-12
0 125 0
25 125 -2.95253e-08
50 125 -5.96191e-08
75 125 -9.08769e-08
100 125 -1.23952e-07
125 125 -1.59589e-07
150 125 -1.98671e-07
175 125 -2.42274e-07
200 125 -2.91751e-07
225 125 -3.48843e-07
250 125 -4.1585e-07
275 125 -4.9588e-07
300 125 -5.93242e-07
325 125 -7.1408e-07
350 125 -8.67431e-07
375 125 -1.06709e-06
400 125 -1.3351e-06
425 125 -1.70871e-06
450 125 -2.25606e-06
475 125 -3.11693e-06
500 125 -4.65145e-06
525 125 -8.04187e-06
550 125 -1.47406e-05
575 125 -1.70101e-05
600 125 2.36986e-06
625 125 3.3405e-05
650 125 4.36251e-05
675 125 3.26983e-05
700 125 2.53188e-05
725 125 2.28046e-05
750 125 -7.09989e-07
775 125 -3.22435e-05
800 125 -3.52704e-05
825 125 -1.83729e-05
850 125 -5.56296e-06
875 125 -1.025e-06
900 125 -6.96514e-08
925 125 6.11283e-08
950 125 7.32478e-08
975 125 7.39488e-08
1000 125 7.39484e-08
1025 125 7.39901e-08
1050 125 7.41113e-08
1075 125 7.43139e-08
1100 125 7.45987e-08
1125 125 7.49672e-08
1150 125 7.54211e-08
1175 125 7.59625e-08
1200 125 7.65939e-08
1225 125 7.73186e-08
1250 125 7.81399e-08
1275 125 7.90621e-08
1300 125 8.00897e-08
1325 125 8.12281e-08
1350 125 8.24834e-08
1375 125 8.38621e-08
1400 125 8.53721e-08
1425 125 8.70219e-08
1450 125 8.8821e-08
1475 125 9.07804e-08
1500 125 9.29122e-08
1525 125 9.523e-08
1550 125 9.77492e-08
1575 125 1.00487e-07
1600 125 1.03463e-07
1625 125 1.067e-07
1650 125 1.10223e-07
1675 125 1.14059e-07
1700 125 1.18242e-07
1725 125 1.22809e-07
1750 125 1.27801e-07
1775 125 1.3327e-07
1800 125 1.3927e-07
1825 125 1.45867e-07
1850 125 1.53138e-07
1875 125 1.61172e-07
1900 125 1.70074e-07
1925 125 1.79967e-07
1950 125 1.90998e-07
1975 125 2.03344e-07
2000 125 2.17216e-07
2025 125 2.3287e-07
2050 125 2.50617e-07
2075 125 2.70844e-07
2100 125 2.94025e-07
2125 125 3.20761e-07
2150 125 3.51809e-07
2175 125 3.88141e-07
2200 125 4.3102e-07
2225 125 4.82113e-07
2250 125 5.43652e-07
2275 125 6.18689e-07
2300 125 7.11484e-07
2325 125 8.28139e-07
2350 125 9.77653e-07
2375 125 1.17379e-06
2400 125 1.43856e-06
2425 125 1.8092e-06
2450 125 2.35381e-06
2475 125 3.21216e-06
2500 125 4.74436e-06
2525 125 8.13265e-06
2550 125 1.48294e-05
2575 125 1.70972e-05
2600 125 -2.28449e-06
2625 125 -3.33211e-05
2650 125 -4.35426e-05
2675 125 -3.26171e-05
2700 125 -2.52387e-05
2725 125 -2.27255e-05
2750 125 7.88129e-07
2775 125 3.23208e-05
2800 125 3.5347e-05
2825 125 1.84488e-05
2850 125 5.63838e-06
2875 125 1.09997e-06
2900 125 1.4425e-07
2925 125 1.31856e-08
2950 125 8.63552e-10
2975 125 4.1248e-11
0 150 0
25 150 -3.66717e-08
50 150 -7.40696e-08
75 150 -1.12956e-07
100 150 -1.5417e-07
125 150 -1.98671e-07
150 150 -2.47604e-07
175 150 -3.02376e-07
200 150 -3.64765e-07
225 150 -4.37082e-07
250 150 -5.2241e-07
275 150 -6.24963e-07
300 150 -7.50667e-07
325 150 -9.0811e-07
350 150 -1.11019e-06
375 150 -1.37711e-06
400 150 -1.7423e-06
425 150 -2.26506e-06
450 150 -3.06216e-06
475 150 -4.41129e-06
500 150 -7.19246e-06
525 150 -1.31412e-05
550 150 -1.83448e-05
575 150 -6.24109e-06
600 150 2.42351e-05
625 150 4.22248e-05
650 150 3.42956e-05
675 150 1.9847e-05
700 150 1.55099e-05
725 150 2.12028e-05
750 150 1.34055e-05
775 150 -1.90193e-05
800 150 -3.79107e-05
825 150 -2.68898e-05
850 150 -1.03304e-05
875 150 -2.38703e-06
900 150 -2.96577e-07
925 150 4.86917e-08
950 150 8.67642e-08
975 150 8.95863e-08
1000 150 8.97028e-08
1025 150 8.97589e-08
1050 150 8.9907e-08
1075 150 9.01543e-08
1100 150 9.0502e-08
1125 150 9.0952e-08
1150 150 9.15062e-08
1175 150 9.21673e-08
1200 150 9.29385e-08
1225 150 9.38235e-08
1250 150 9.48268e-08
1275 150 9.59534e-08
1300 150 9.7209e-08
1325 150 9.86001e-08
1350 150 1.00134e-07
1375 150 1.0182e-07
1400 150 1.03666e-07
1425 150 1.05683e-07
1450 150 1.07884e-07
1475 150 1.10282e-07
1500 150 1.12891e-07
1525 150 1.15728e-07
1550 150 1.18813e-07
1575 150 1.22167e-07
1600 150 1.25815e-07
1625 150 1.29783e-07
1650 150 1.34103e-07
1675 150 1.38811e-07
1700 150 1.43946e-07
1725 150 1.49556e-07
1750 150 1.55693e-07
1775 150 1.62418e-07
1800 150 1.69803e-07
1825 150 1.77928e-07
1850 150 1.86891e-07
1875 150 1.96803e-07
1900 150 2.07796e-07
1925 150 2.20026e-07
1950 150 2.3368e-07
1975 150 2.4898e-07
2000 150 2.66195e-07
2025 150 2.85652e-07
2050 150 3.07749e-07
2075 150 3.32982e-07
2100 150 3.61965e-07
2125 150 3.95474e-07
2150 150 4.34495e-07
2175 150 4.80304e-07
2200 150 5.34567e-07
2225 150 5.995e-07
2250 150 6.78103e-07
2275 150 7.74519e-07
2300 150 8.94613e-07
2325 150 1.04692e-06
2350 150 1.24429e-06
2375 150 1.5069e-06
2400 150 1.86811e-06
2425 150 2.38722e-06
2450 150 3.18097e-06
2475 150 4.52702e-06
2500 150 7.30535e-06
2525 150 1.32515e-05
2550 150 1.84526e-05
2575 150 6.34677e-06
2600 150 -2.41315e-05
2625 150 -4.21229e-05
2650 150 -3.41954e-05
2675 150 -1.97484e-05
2700 150 -1.54127e-05
2725 150 -2.11069e-05
2750 150 -1.33107e-05
2775 150 1.91131e-05
2800 150 3.80036e-05
2825 150 2.69819e-05
2850 150 1.04219e-05
2875 150 2.47798e-06
2900 150 3.87079e-07
2925 150 4.14625e-08
2950 150 3.14279e-09
2975 150 1.71868e-10
0 175 0
25 175 -4.45928e-08
50 175 -9.00992e-08
75 175 -1.3748e-07
100 175 -1.87798e-07
125 175 -2.42274e-07
150 175 -3.02376e-07
175 175 -3.6992e-07
200 175 -4.47228e-07
225 175 -5.37348e-07
250 175 -6.44395e-07
275 175 -7.7408e-07
300 175 -9.34574e-07
325 175 -1.13797e-06
350 175 -1.40293e-06
375 175 -1.75973e-06
400 175 -2.26085e-06
425 175 -3.00629e-06
450 175 -4.22008e-06
475 175 -6.57137e-06
500 175 -1.17045e-05
525 175 -1.81946e-05
550 175 -1.21395e-05
575 175 1.52438e-05
600 175 3.93272e-05
625 175 3.72893e-05
650 175 2.17035e-05
675 175 1.13253e-05
700 175 9.96085e-06
725 175 1.67242e-05
750 175 2.06168e-05
775 175 -2.5363e-06
800 175 -3.32765e-05
825 175 -3.42887e-05
850 175 -1.70017e-05
875 175 -4.89014e-06
900 175 -8.26428e-07
925 175 -1.08119e-08
950 175 9.59582e-08
975 175 1.05435e-07
1000 175 1.05996e-07
1025 175 1.06083e-07
1050 175 1.0626e-07
1075 175 1.06555e-07
1100 175 1.06969e-07
1125 175 1.07505e-07
1150 175 1.08165e-07
1175 175 1.08953e-07
1200 175 1.09871e-07
1225 175 1.10926e-07
1250 175 1.12122e-07
1275 175 1.13464e-07
1300 175 1.14961e-07
1325 175 1.16619e-07
1350 175 1.18449e-07
1375 175 1.20459e-07
1400 175 1.22662e-07
1425 175 1.25069e-07
1450 175 1.27696e-07
1475 175 1.30559e-07
1500 175 1.33675e-07
1525 175 1.37065e-07
1550 175 1.40753e-07
1575 175 1.44764e-07
1600 175 1.49127e-07
1625 175 1.53877e-07
1650 175 1.59051e-07
1675 175 1.64691e-07
1700 175 1.70849e-07
1725 175 1.77579e-07
1750 175 1.84947e-07
1775 175 1.93027e-07
1800 175 2.01907e-07
1825 175 2.11687e-07
1850 175 2.22486e-07
1875 175 2.3444e-07
1900 175 2.47715e-07
1925 175 2.62502e-07
1950 175 2.79034e-07
1975 175 2.97588e-07
2000 175 3.185e-07
2025 175 3.42181e-07
2050 175 3.69133e-07
2075 175 3.99982e-07
2100 175 4.35512e-07
2125 175 4.76714e-07
2150 175 5.24862e-07
2175 175 5.81608e-07
2200 175 6.49135e-07
2225 175 7.30375e-07
2250 175 8.29342e-07
2275 175 9.51659e-07
2300 175 1.10542e-06
2325 175 1.30266e-06
2350 175 1.56198e-06
2375 175 1.91361e-06
2400 175 2.40998e-06
2425 175 3.15105e-06
2450 175 4.36083e-06
2475 175 6.70843e-06
2500 175 1.18382e-05
2525 175 1.83252e-05
2550 175 1.22672e-05
2575 175 -1.51187e-05
2600 175 -3.92045e-05
2625 175 -3.71688e-05
2650 175 -2.15851e-05
2675 175 -1.12087e-05
2700 175 -9.84589e-06
2725 175 -1.66107e-05
2750 175 -2.05047e-05
2775 175 2.64723e-06
2800 175 3.33863e-05
2825 175 3.43976e-05
2850 175 1.71099e-05
2875 175 4.99764e-06
2900 175 9.33397e-07
2925 175 1.17367e-07
2950 175 1.03021e-08
2975 175 6.44804e-10
0 200 0
25 200 -5.35116e-08
50 200 -1.08165e-07
75 200 -1.65163e-07
100 200 -2.25841e-07
125 200 -2.91751e-07
150 200 -3.64765e-07
175 200 -4.47228e-07
200 200 -5.42172e-07
225 200 -6.53632e-07
250 200 -7.87135e-07
275 200 -9.50498e-07
300 200 -1.15515e-06
325 200 -1.41848e-06
350 200 -1.76826e-06
375 200 -2.25173e-06
400 200 -2.95654e-06
425 200 -4.07046e-06
450 200 -6.12082e-06
475 200 -1.05487e-05
500 200 -1.73654e-05
525 200 -1.57921e-05
550 200 7.20658e-06
575 200 3.49824e-05
600 200 3.95402e-05
625 200 2.50954e-05
650 200 1.18697e-05
675 200 6.85299e-06
700 200 7.24977e-06
725 200 1.22462e-05
750 200 2.09991e-05
775 200 1.1663e-05
800 200 -2.17438e-05
825 200 -3.776e-05
850 200 -2.48439e-05
875 200 -8.92833e-06
900 200 -1.90675e-06
925 200 -1.76735e-07
950 200 9.27361e-08
975 200 1.20878e-07
1000 200 1.22898e-07
1025 200 1.23078e-07
1050 200 1.23288e-07
1075 200 1.23633e-07
1100 200 1.24118e-07
1125 200 1.24745e-07
1150 200 1.25518e-07
1175 200 1.26441e-07
1200 200 1.27516e-07
1225 200 1.28752e-07
1250 200 1.30152e-07
1275 200 1.31725e-07
1300 200 1.33479e-07
1325 200 1.35423e-07
1350 200 1.37568e-07
1375 200 1.39925e-07
1400 200 1.42509e-07
1425 200 1.45334e-07
1450 200 1.48417e-07
1475 200 1.51778e-07
1500 200 1.55439e-07
1525 200 1.59423e-07
1550 200 1.63758e-07
1575 200 1.68476e-07
1600 200 1.73612e-07
1625 200 1.79205e-07
1650 200 1.85301e-07
1675 200 1.91952e-07
1700 200 1.99217e-07
1725 200 2.07164e-07
1750 200 2.15872e-07
1775 200 2.25431e-07
1800 200 2.35946e-07
1825 200 2.47539e-07
1850 200 2.60354e-07
1875 200 2.7456e-07
1900 200 2.90356e-07
1925 200 3.0798e-07
1950 200 3.27716e-07
1975 200 3.49908e-07
2000 200 3.74972e-07
2025 200 4.03419e-07
2050 200 4.35881e-07
2075 200 4.73143e-07
2100 200 5.16197e-07
2125 200 5.66311e-07
2150 200 6.25119e-07
2175 200 6.94767e-07
2200 200 7.78118e-07
2225 200 8.79062e-07
2250 200 1.00301e-06
2275 200 1.15766e-06
2300 200 1.35437e-06
2325 200 1.61043e-06
2350 200 1.95356e-06
2375 200 2.43094e-06
2400 200 3.13015e-06
2425 200 4.23893e-06
2450 200 6.28458e-06
2475 200 1.07081e-05
2500 200 1.75209e-05
2525 200 1.59438e-05
2550 200 -7.05816e-06
2575 200 -3.48371e-05
2600 200 -3.93977e-05
2625 200 -2.49554e-05
2650 200 -1.17322e-05
2675 200 -6.71757e-06
2700 200 -7.11629e-06
2725 200 -1.21145e-05
2750 200 -2.08689e-05
2775 200 -1.15342e-05
2800 200 2.18714e-05
2825 200 3.78865e-05
2850 200 2.49694e-05
2875 200 9.05308e-06
2900 200 2.03087e-06
2925 200 3.00368e-07
2950 200 3.05518e-08
2975 200 2.1877e-09
0 225 0
25 225 -6.37104e-08
50 225 -1.28845e-07
75 225 -1.9691e-07
100 225 -2.69587e-07
125 225 -3.48843e-07
150 225 -4.37082e-07
175 225 -5.37348e-07
200 225 -6.53632e-07
225 225 -7.9133e-07
250 225 -9.57982e-07
275 225 -1.16449e-06
300 225 -1.42724e-06
325 225 -1.77208e-06
350 225 -2.24222e-06
375 225 -2.91622e-06
400 225 -3.95672e-06
425 225 -5.79628e-06
450 225 -9.67176e-06
475 225 -1.6342e-05
500 225 -1.78068e-05
525 225 5.85885e-07
550 225 2.98202e-05
575 225 4.05608e-05
600 225 2.87178e-05
625 225 1.37458e-05
650 225 6.36877e-06
675 225 4.84578e-06
700 225 5.8797e-06
725 225 9.10309e-06
750 225 1.74942e-05
775 225 1.98634e-05
800 225 -6.54181e-06
825 225 -3.5173e-05
850 225 -3.22145e-05
875 225 -1.46277e-05
900 225 -3.8605e-06
925 225 -5.56453e-07
950 225 5.87901e-08
975 225 1.34076e-07
1000 225 1.40397e-07
1025 225 1.40864e-07
1050 225 1.4112e-07
1075 225 1.41519e-07
1100 225 1.42079e-07
1125 225 1.42805e-07
1150 225 1.43699e-07
1175 225 1.44766e-07
1200 225 1.4601e-07
1225 225 1.4744e-07
1250 225 1.4906e-07
1275 225 1.50881e-07
1300 225 1.52912e-07
1325 225 1.55163e-07
1350 225 1.57648e-07
1375 225 1.60379e-07
1400 225 1.63374e-07
1425 225 1.6665e-07
1450 225 1.70227e-07
1475 225 1.74127e-07
1500 225 1.78377e-07
1525 225 1.83005e-07
1550 225 1.88044e-07
1575 225 1.9353e-07
1600 225 1.99506e-07
1625 225 2.06018e-07
1650 225 2.13121e-07
1675 225 2.20877e-07
1700 225 2.29357e-07
1725 225 2.3864e-07
1750 225 2.48823e-07
1775 225 2.60012e-07
1800 225 2.72335e-07
1825 225 2.85939e-07
1850 225 3.00998e-07
1875 225 3.17716e-07
1900 225 3.36337e-07
1925 225 3.5715e-07
1950 225 3.80504e-07
1975 225 4.06822e-07
2000 225 4.3662e-07
2025 225 4.70532e-07
2050 225 5.09349e-07
2075 225 5.5406e-07
2100 225 6.05924e-07
2125 225 6.6656e-07
2150 225 7.3808e-07
2175 225 8.23288e-07
2200 225 9.25967e-07
2225 225 1.05134e-06
2250 225 1.2068e-06
2275 225 1.40313e-06
2300 225 1.6566e-06
2325 225 1.99295e-06
2350 225 2.45534e-06
2375 225 3.12224e-06
2400 225 4.15623e-06
2425 225 5.98981e-06
2450 225 9.85981e-06
2475 225 1.6525e-05
2500 225 1.79852e-05
2525 225 -4.11758e-07
2550 225 -2.965e-05
2575 225 -4.03942e-05
2600 225 -2.85544e-05
2625 225 -1.35854e-05
2650 225 -6.21112e-06
2675 225 -4.69061e-06
2700 225 -5.72679e-06
2725 225 -8.95221e-06
2750 225 -1.73452e-05
2775 225 -1.9716e-05
2800 225 6.68782e-06
2825 225 3.53178e-05
2850 225 3.23582e-05
2875 225 1.47705e-05
2900 225 4.00258e-06
2925 225 6.97972e-07
2950 225 8.23277e-08
2975 225 6.74136e-09
0 250 0
25 250 -7.55541e-08
50 250 -1.52891e-07
75 250 -2.33903e-07
100 250 -3.20718e-07
125 250 -4.1585e-07
150 250 -5.2241e-07
175 250 -6.44395e-07
200 250 -7.87135e-07
225 250 -9.57982e-07
250 250 -1.16745e-06
275 250 -1.43118e-06
300 250 -1.77355e-06
325 250 -2.2348e-06
350 250 -2.88683e-06
375 250 -3.87471e-06
400 250 -5.56761e-06
425 250 -9.0343e-06
450 250 -1.53794e-05
475 250 -1.87564e-05
500 250 -4.50971e-06
525 250 2.45334e-05
550 250 4.03967e-05
575 250 3.1994e-05
600 250 1.61977e-05
625 250 6.82093e-06
650 250 3.96689e-06
675 250 3.96624e-06
700 250 5.04792e-06
725 250 7.22839e-06
750 250 1.32334e-05
775 250 2.16464e-05
800 250 7.79471e-06
825 250 -2.62809e-05
850 250 -3.69158e-05
875 250 -2.15887e-05
900 250 -7.01104e-06
925 250 -1.31847e-06
950 250 -4.25665e-08
975 250 1.40458e-07
1000 250 1.58242e-07
1025 250 1.59563e-07
1050 250 1.59897e-07
1075 250 1.60357e-07
1100 250 1.60999e-07
1125 250 1.61831e-07
1150 250 1.62856e-07
1175 250 1.64079e-07
1200 250 1.65507e-07
1225 250 1.67146e-07
1250 250 1.69006e-07
1275 250 1.71096e-07
1300 250 1.73427e-07
1325 250 1.76012e-07
1350 250 1.78865e-07
1375 250 1.82004e-07
1400 250 1.85446e-07
1425 250 1.89213e-07
1450 250 1.93328e-07
1475 250 1.97817e-07
1500 250 2.02711e-07
1525 250 2.08044e-07
1550 250 2.13853e-07
1575 250 2.20183e-07
1600 250 2.27082e-07
1625 250 2.34606e-07
1650 250 2.4282e-07
1675 250 2.51797e-07
1700 250 2.61621e-07
1725 250 2.72388e-07
1750 250 2.84211e-07
1775 250 2.9722e-07
1800 250 3.11565e-07
1825 250 3.27426e-07
1850 250 3.45011e-07
1875 250 3.64568e-07
1900 250 3.86393e-07
1925 250 4.1084e-07
1950 250 4.38336e-07
1975 250 4.69402e-07
2000 250 5.04679e-07
2025 250 5.44956e-07
2050 250 5.91226e-07
2075 250 6.44742e-07
2100 250 7.07111e-07
2125 250 7.80419e-07
2150 250 8.67421e-07
2175 250 9.71822e-07
2200 250 1.0987e-06
2225 250 1.2552e-06
2250 250 1.45166e-06
2275 250 1.70357e-06
2300 250 2.03517e-06
2325 250 2.4866e-06
2350 250 3.12965e-06
2375 250 4.10931e-06
2400 250 5.79469e-06
2425 250 9.25448e-06
2450 250 1.55933e-05
2475 250 1.89644e-05
2500 250 4.71242e-06
2525 250 -2.43356e-05
2550 250 -4.02034e-05
2575 250 -3.18048e-05
2600 250 -1.60122e-05
2625 250 -6.63892e-06
2650 250 -3.78803e-06
2675 250 -3.79023e-06
2700 250 -4.8745e-06
2725 250 -7.0573e-06
2750 250 -1.30644e-05
2775 250 -2.14793e-05
2800 250 -7.62921e-06
2825 250 2.6445e-05
2850 250 3.70787e-05
2875 250 2.17505e-05
2900 250 7.17204e-06
2925 250 1.47882e-06
2950 250 2.02457e-07
2975 250 1.89478e-08
0 275 0
25 275 -8.95247e-08
50 275 -1.81297e-07
75 275 -2.77713e-07
100 275 -3.8149e-07
125 275 -4.9588e-07
150 275 -6.24963e-07
175 275 -7.7408e-07
200 275 -9.50498e-07
225 275 -1.16449e-06
250 275 -1.43118e-06
275 275 -1.77392e-06
300 275 -2.23081e-06
325 275 -2.86904e-06
350 275 -3.82154e-06
375 275 -5.41555e-06
400 275 -8.59427e-06
425 275 -1.4593e-05
450 275 -1.90908e-05
475 275 -8.2089e-06
500 275 1.96731e-05
525 275 3.93557e-05
550 275 3.46466e-05
575 275 1.88185e-05
600 275 7.76256e-06
625 275 3.70737e-06
650 275 3.06424e-06
675 275 3.51251e-06
700 275 4.45907e-06
725 275 6.09658e-06
750 275 9.92285e-06
775 275 1.91356e-05
800 275 1.7646e-05
825 275 -1.30724e-05
850 275 -3.6992e-05
875 275 -2.87557e-05
900 275 -1.15427e-05
925 275 -2.68823e-06
950 275 -2.76542e-07
975 275 1.30007e-07
1000 275 1.75595e-07
1025 275 1.7927e-07
1050 275 1.79782e-07
1075 275 1.80311e-07
1100 275 1.81044e-07
1125 275 1.81991e-07
1150 275 1.83159e-07
1175 275 1.84553e-07
1200 275 1.8618e-07
1225 275 1.88049e-07
1250 275 1.9017e-07
1275 275 1.92554e-07
1300 275 1.95213e-07
1325 275 1.98164e-07
1350 275 2.01422e-07
1375 275 2.05007e-07
1400 275 2.0894e-07
1425 275 2.13246e-07
1450 275 2.17953e-07
1475 275 2.23091e-07
1500 275 2.28695e-07
1525 275 2.34806e-07
1550 275 2.41467e-07
1575 275 2.48731e-07
1600 275 2.56654e-07
1625 275 2.65304e-07
1650 275 2.74755e-07
1675 275 2.85095e-07
1700 275 2.96423e-07
1725 275 3.08855e-07
1750 275 3.22523e-07
1775 275 3.37583e-07
1800 275 3.54218e-07
1825 275 3.72641e-07
1850 275 3.93105e-07
1875 275 4.1591e-07
1900 275 4.41418e-07
1925 275 4.7006e-07
1950 275 5.02365e-07
1975 275 5.38976e-07
2000 275 5.8069e-07
2025 275 6.28501e-07
2050 275 6.83661e-07
2075 275 7.47773e-07
2100 275 8.22908e-07
2125 275 9.1179e-07
2150 275 1.01807e-06
2175 275 1.14672e-06
2200 275 1.30472e-06
2225 275 1.50207e-06
2250 275 1.75371e-06
2275 275 2.08277e-06
2300 275 2.52723e-06
2325 275 3.15413e-06
2350 275 4.09629e-06
2375 275 5.68086e-06
2400 275 8.85093e-06
2425 275 1.48417e-05
2450 275 1.93323e-05
2475 275 8.4437e-06
2500 275 -1.94444e-05
2525 275 -3.91326e-05
2550 275 -3.44287e-05
2575 275 -1.86053e-05
2600 275 -7.55362e-06
2625 275 -3.50236e-06
2650 275 -2.86282e-06
2675 275 -3.31435e-06
2700 275 -4.26385e-06
2725 275 -5.90403e-06
2750 275 -9.73268e-06
2775 275 -1.89476e-05
2800 275 -1.74598e-05
2825 275 1.3257e-05
2850 275 3.71751e-05
2875 275 2.89377e-05
2900 275 1.17238e-05
2925 275 2.86854e-06
2950 275 4.56301e-07
2975 275 4.87815e-08
0 300 0
25 300 -1.06273e-07
50 300 -2.15408e-07
75 300 -3.30478e-07
100 300 -4.54998e-07
125 300 -5.93242e-07
150 300 -7.50667e-07
175 300 -9.34574e-07
200 300 -1.15515e-06
225 300 -1.42724e-06
250 300 -1.77355e-06
275 300 -2.23081e-06
300 300 -2.86308e-06
325 300 -3.79539e-06
350 300 -5.32845e-06
375 300 -8.31873e-06
400 300 -1.4025e-05
425 300 -1.91237e-05
450 300 -1.07452e-05
475 300 1.55928e-05
500 300 3.78416e-05
525 300 3.65987e-05
550 300 2.13277e-05
575 300 8.95458e-06
600 300 3.77905e-06
625 300 2.59664e-06
650 300 2.71017e-06
675 300 3.2149e-06
700 300 4.01483e-06
725 300 5.32132e-06
750 300 7.83602e-06
775 300 1.51024e-05
800 300 2.17441e-05
825 300 1.03087e-06
850 300 -3.16099e-05
875 300 -3.45581e-05
900 300 -1.73333e-05
925 300 -4.9127e-06
950 300 -7.45625e-07
975 300 8.3122e-08
1000 300 1.90346e-07
1025 300 1.99997e-07
1050 300 2.00951e-07
1075 300 2.01569e-07
1100 300 2.02401e-07
1125 300 2.03476e-07
1150 300 2.04801e-07
1175 300 2.06383e-07
1200 300 2.0823e-07
1225 300 2.10352e-07
1250 300 2.1276e-07
1275 300 2.15467e-07
1300 300 2.18489e-07
1325 300 2.21843e-07
1350 300 2.25548e-07
1375 300 2.29627e-07
1400 300 2.34104e-07
1425 300 2.39008e-07
1450 300 2.44372e-07
1475 300 2.5023e-07
1500 300 2.56625e-07
1525 300 2.63602e-07
1550 300 2.71215e-07
1575 300 2.79523e-07
1600 300 2.88594e-07
1625 300 2.98506e-07
1650 300 3.0935e-07
1675 300 3.21226e-07
1700 300 3.34255e-07
1725 300 3.48572e-07
1750 300 3.64338e-07
1775 300 3.81739e-07
1800 300 4.00994e-07
1825 300 4.2236e-07
1850 300 4.46145e-07
1875 300 4.72715e-07
1900 300 5.0251e-07
1925 300 5.36065e-07
1950 300 5.74032e-07
1975 300 6.17214e-07
2000 300 6.66612e-07
2025 300 7.23486e-07
2050 300 7.8944e-07
2075 300 8.66543e-07
2100 300 9.57509e-07
2125 300 1.06596e-06
2150 300 1.19681e-06
2175 300 1.35693e-06
2200 300 1.55614e-06
2225 300 1.80898e-06
2250 300 2.13789e-06
2275 300 2.57938e-06
2300 300 3.19734e-06
2325 300 4.11662e-06
2350 300 5.6378e-06
2375 300 8.61723e-06
2400 300 1.43136e-05
2425 300 1.94032e-05
2450 300 1.10164e-05
2475 300 -1.53292e-05
2500 300 -3.7585e-05
2525 300 -3.63485e-05
2550 300 -2.10833e-05
2575 300 -8.71557e-06
2600 300 -3.54494e-06
2625 300 -2.36701e-06
2650 300 -2.48462e-06
2675 300 -2.99305e-06
2700 300 -3.79634e-06
2725 300 -5.10586e-06
2750 300 -7.62326e-06
2775 300 -1.4892e-05
2800 300 -2.15359e-05
2825 300 -8.24483e-07
2850 300 3.18147e-05
2875 300 3.47615e-05
2900 300 1.75357e-05
2925 300 5.11426e-06
2950 300 9.46503e-07
2975 300 1.15513e-07
0 325 0
25 325 -1.26695e-07
50 325 -2.5709e-07
75 325 -3.95179e-07
100 325 -5.45599e-07
125 325 -7.1408e-07
150 325 -9.0811e-07
175 325 -1.13797e-06
200 325 -1.41848e-06
225 325 -1.77208e-06
250 325 -2.2348e-06
275 325 -2.86904e-06
300 325 -3.79539e-06
325 325 -5.30007e-06
350 325 -8.18617e-06
375 325 -1.3685e-05
400 325 -1.90536e-05
425 325 -1.23599e-05
450 325 1.24758e-05
475 325 3.6245e-05
500 325 3.79086e-05
525 325 2.35313e-05
550 325 1.02188e-05
575 325 4.03904e-06
600 325 2.36011e-06
625 325 2.23903e-06
650 325 2.52555e-06
675 325 2.98907e-06
700 325 3.66957e-06
725 325 4.73719e-06
750 325 6.58657e-06
775 325 1.14739e-05
800 325 2.11093e-05
825 325 1.26608e-05
850 325 -2.1534e-05
875 325 -3.73433e-05
900 325 -2.38348e-05
925 325 -8.1882e-06
950 325 -1.591e-06
975 325 -3.46256e-08
1000 325 1.97928e-07
1025 325 2.21532e-07
1050 325 2.23594e-07
1075 325 2.24347e-07
1100 325 2.2529e-07
1125 325 2.26506e-07
1150 325 2.28006e-07
1175 325 2.29796e-07
1200 325 2.31887e-07
1225 325 2.34289e-07
1250 325 2.37016e-07
1275 325 2.40084e-07
1300 325 2.43509e-07
1325 325 2.47312e-07
1350 325 2.51515e-07
1375 325 2.56144e-07
1400 325 2.61228e-07
1425 325 2.66801e-07
1450 325 2.72899e-07
1475 325 2.79565e-07
1500 325 2.86847e-07
1525 325 2.94799e-07
1550 325 3.03483e-07
1575 325 3.12969e-07
1600 325 3.23338e-07
1625 325 3.34682e-07
1650 325 3.47107e-07
1675 325 3.60734e-07
1700 325 3.75705e-07
1725 325 3.92184e-07
1750 325 4.10361e-07
1775 325 4.30461e-07
1800 325 4.52749e-07
1825 325 4.77539e-07
1850 325 5.05203e-07
1875 325 5.36192e-07
1900 325 5.71048e-07
1925 325 6.10435e-07
1950 325 6.55167e-07
1975 325 7.06259e-07
2000 325 7.64983e-07
2025 325 8.32955e-07
2050 325 9.12257e-07
2075 325 1.00561e-06
2100 325 1.11665e-06
2125 325 1.25027e-06
2150 325 1.41331e-06
2175 325 1.61551e-06
2200 325 1.87123e-06
2225 325 2.20254e-06
2250 325 2.64516e-06
2275 325 3.26122e-06
2300 325 4.17109e-06
2325 325 5.66081e-06
2350 325 8.53328e-06
2375 325 1.40197e-05
2400 325 1.93769e-05
2425 325 1.26729e-05
2450 325 -1.21724e-05
2475 325 -3.59502e-05
2500 325 -3.76218e-05
2525 325 -2.32518e-05
2550 325 -9.94588e-06
2575 325 -3.77224e-06
2600 325 -2.09888e-06
2625 325 -1.98289e-06
2650 325 -2.27404e-06
2675 325 -2.74176e-06
2700 325 -3.42606e-06
2725 325 -4.4971e-06
2750 325 -6.34955e-06
2775 325 -1.12397e-05
2800 325 -2.08774e-05
2825 325 -1.2431e-05
2850 325 2.1762e-05
2875 325 3.75698e-05
2900 325 2.40601e-05
2925 325 8.41254e-06
2950 325 1.81438e-06
2975 325 2.52613e-07
0 350 0
25 350 -1.52061e-07
50 350 -3.08989e-07
75 350 -4.76085e-07
100 350 -6.59599e-07
125 350 -8.67431e-07
150 350 -1.11019e-06
175 350 -1.40293e-06
200 350 -1.76826e-06
225 350 -2.24222e-06
250 350 -2.88683e-06
275 350 -3.82154e-06
300 350 -5.32845e-06
325 350 -8.18617e-06
350 350 -1.35722e-05
375 350 -1.89934e-05
400 350 -1.32473e-05
425 350 1.03913e-05
450 350 3.48833e-05
475 350 3.87061e-05
500 350 2.5309e-05
525 350 1.1408e-05
550 350 4.38974e-06
575 350 2.25892e-06
600 350 1.94727e-06
625 350 2.10254e-06
650 350 2.39725e-06
675 350 2.80886e-06
700 350 3.39562e-06
725 350 4.28551e-06
750 350 5.76693e-06
775 350 8.94486e-06
800 350 1.78989e-05
825 350 1.97954e-05
850 350 -8.90354e-06
875 350 -3.5953e-05
900 350 -3.00846e-05
925 350 -1.25641e-05
950 350 -2.97979e-06
975 350 -2.77561e-07
1000 350 1.89525e-07
1025 350 2.43192e-07
1050 350 2.47898e-07
1075 350 2.48894e-07
1100 350 2.49965e-07
1125 350 2.5134e-07
1150 350 2.53033e-07
1175 350 2.55056e-07
1200 350 2.5742e-07
1225 350 2.60136e-07
1250 350 2.63221e-07
1275 350 2.66691e-07
1300 350 2.70569e-07
1325 350 2.74875e-07
1350 350 2.79638e-07
1375 350 2.84886e-07
1400 350 2.90654e-07
1425 350 2.9698e-07
1450 350 3.03908e-07
1475 350 3.11487e-07
1500 350 3.19774e-07
1525 350 3.28832e-07
1550 350 3.38734e-07
1575 350 3.49563e-07
1600 350 3.61414e-07
1625 350 3.74397e-07
1650 350 3.88636e-07
1675 350 4.04278e-07
1700 350 4.21492e-07
1725 350 4.40473e-07
1750 350 4.61454e-07
1775 350 4.84705e-07
1800 350 5.10548e-07
1825 350 5.39367e-07
1850 350 5.71621e-07
1875 350 6.07867e-07
1900 350 6.48782e-07
1925 350 6.95196e-07
1950 350 7.48143e-07
1975 350 8.08916e-07
2000 350 8.79157e-07
2025 350 9.60977e-07
2050 350 1.05713e-06
2075 350 1.17128e-06
2100 350 1.30838e-06
2125 350 1.4753e-06
2150 350 1.68181e-06
2175 350 1.9423e-06
2200 350 2.27881e-06
2225 350 2.72692e-06
2250 350 3.34829e-06
2275 350 4.26201e-06
2300 350 5.74994e-06
2325 350 8.59045e-06
2350 350 1.39608e-05
2375 350 1.93678e-05
2400 350 1.36087e-05
2425 350 -1.00417e-05
2450 350 -3.45445e-05
2475 350 -3.83773e-05
2500 350 -2.49892e-05
2525 350 -1.10965e-05
2550 350 -4.08583e-06
2575 350 -1.96194e-06
2600 350 -1.65662e-06
2625 350 -1.81765e-06
2650 350 -2.11761e-06
2675 350 -2.53399e-06
2700 350 -3.12505e-06
2725 350 -4.01882e-06
2750 350 -5.50371e-06
2775 350 -8.68473e-06
2800 350 -1.76415e-05
2825 350 -1.95404e-05
2850 350 9.15658e-06
2875 350 3.62044e-05
2900 350 3.03346e-05
2925 350 1.2813e-05
2950 350 3.22711e-06
2975 350 5.12218e-07
0 375 0
25 375 -1.84213e-07
50 375 -3.74975e-07
75 375 -5.79494e-07
100 375 -8.06443e-07
125 375 -1.06709e-06
150 375 -1.37711e-06
175 375 -1.75973e-06
200 375 -2.25173e-06
225 375 -2.91622e-06
250 375 -3.87471e-06
275 375 -5.41555e-06
300 375 -8.31873e-06
325 375 -1.3685e-05
350 375 -1.89934e-05
375 375 -1.35293e-05
400 375 9.35124e-06
425 375 3.398e-05
450 375 3.91367e-05
475 375 2.65983e-05
500 375 1.24033e-05
525 375 4.75236e-06
550 375 2.23649e-06
575 375 1.76371e-06
600 375 1.8289e-06
625 375 2.02591e-06
650 375 2.29726e-06
675 375 2.66344e-06
700 375 3.17595e-06
725 375 3.93376e-06
750 375 5.15863e-06
775 375 7.38896e-06
800 375 1.41329e-05
825 375 2.22129e-05
850 375 3.57545e-06
875 375 -3.01792e-05
900 375 -3.48873e-05
925 375 -1.78549e-05
950 375 -5.07401e-06
975 375 -7.22449e-07
1000 375 1.49765e-07
1025 375 2.63391e-07
1050 375 2.74008e-07
1075 375 2.75499e-07
1100 375 2.76726e-07
1125 375 2.78278e-07
1150 375 2.80191e-07
1175 375 2.82477e-07
1200 375 2.85147e-07
1225 375 2.88217e-07
1250 375 2.91705e-07
1275 375 2.95632e-07
1300 375 3.0002e-07
1325 375 3.04897e-07
1350 375 3.10293e-07
1375 375 3.16244e-07
1400 375 3.22788e-07
1425 375 3.29971e-07
1450 375 3.37845e-07
1475 375 3.46466e-07
1500 375 3.55901e-07
1525 375 3.66226e-07
1550 375 3.77526e-07
1575 375 3.899e-07
1600 375 4.0346e-07
1625 375 4.18337e-07
1650 375 4.34681e-07
1675 375 4.52667e-07
1700 375 4.72498e-07
1725 375 4.94412e-07
1750 375 5.1869e-07
1775 375 5.45662e-07
1800 375 5.75725e-07
1825 375 6.09351e-07
1850 375 6.47112e-07
1875 375 6.89704e-07
1900 375 7.3798e-07
1925 375 7.93e-07
1950 375 8.56088e-07
1975 375 9.28925e-07
2000 375 1.01367e-06
2025 375 1.11314e-06
2050 375 1.23106e-06
2075 375 1.37249e-06
2100 375 1.54442e-06
2125 375 1.7568e-06
2150 375 2.02422e-06
2175 375 2.36908e-06
2200 375 2.82746e-06
2225 375 3.46188e-06
2250 375 4.3934e-06
2275 375 5.90996e-06
2300 375 8.79123e-06
2325 375 1.41377e-05
2350 375 1.94281e-05
2375 375 1.39476e-05
2400 375 -8.94778e-06
2425 375 -3.35901e-05
2450 375 -3.87592e-05
2475 375 -2.62321e-05
2500 375 -1.20474e-05
2525 375 -4.4059e-06
2550 375 -1.89864e-06
2575 375 -1.43374e-06
2600 375 -1.50611e-06
2625 375 -1.70967e-06
2650 375 -1.98696e-06
2675 375 -2.35854e-06
2700 375 -2.87593e-06
2725 375 -3.63813e-06
2750 375 -4.86692e-06
2775 375 -7.10075e-06
2800 375 -1.38477e-05
2825 375 -2.19304e-05
2850 375 -3.29526e-06
2875 375 3.04575e-05
2900 375 3.5164e-05
2925 375 1.81303e-05
2950 375 5.34658e-06
2975 375 9.6675e-07
0 400 0
25 400 -2.25915e-07
50 400 -4.60889e-07
75 400 -7.15034e-07
100 400 -1.00083e-06
125 400 -1.3351e-06
150 400 -1.7423e-06
175 400 -2.26085e-06
200 400 -2.95654e-06
225 400 -3.95672e-06
250 400 -5.56761e-06
275 400 -8.59427e-06
300 400 -1.4025e-05
325 400 -1.90536e-05
350 400 -1.32473e-05
375 400 9.35124e-06
400 400 3.36649e-05
425 400 3.93192e-05
450 400 2.73751e-05
475 400 1.31155e-05
500 400 5.06187e-06
525 400 2.25357e-06
550 400 1.64973e-06
575 400 1.64847e-06
600 400 1.78296e-06
625 400 1.97174e-06
650 400 2.21821e-06
675 400 2.54648e-06
700 400 2.99945e-06
725 400 3.6562e-06
750 400 4.68246e-06
775 400 6.42809e-06
800 400 1.09992e-05
825 400 2.10711e-05
850 400 1.35936e-05
875 400 -2.08811e-05
900 400 -3.71239e-05
925 400 -2.3602e-05
950 400 -7.98392e-06
975 400 -1.46561e-06
1000 400 5.43216e-08
1025 400 2.79007e-07
1050 400 3.01964e-07
1075 400 3.04494e-07
1100 400 3.05927e-07
1125 400 3.07683e-07
1150 400 3.09844e-07
1175 400 3.12427e-07
1200 400 3.15447e-07
1225 400 3.1892e-07
1250 400 3.22867e-07
1275 400 3.27312e-07
1300 400 3.32283e-07
1325 400 3.37811e-07
1350 400 3.43932e-07
1375 400 3.50686e-07
1400 400 3.5812e-07
1425 400 3.66287e-07
1450 400 3.75247e-07
1475 400 3.85069e-07
1500 400 3.9583e-07
1525 400 4.07619e-07
1550 400 4.2054e-07
1575 400 4.34709e-07
1600 400 4.50261e-07
1625 400 4.67352e-07
1650 400 4.86164e-07
1675 400 5.06907e-07
1700 400 5.29829e-07
1725 400 5.5522e-07
1750 400 5.83423e-07
1775 400 6.14849e-07
1800 400 6.49987e-07
1825 400 6.89429e-07
1850 400 7.33894e-07
1875 400 7.84265e-07
1900 400 8.41637e-07
1925 400 9.07377e-07
1950 400 9.83223e-07
1975 400 1.0714e-06
2000 400 1.17481e-06
2025 400 1.29732e-06
2050 400 1.44411e-06
2075 400 1.62241e-06
2100 400 1.84247e-06
2125 400 2.11936e-06
2150 400 2.47619e-06
2175 400 2.95028e-06
2200 400 3.60652e-06
2225 400 4.57157e-06
2250 400 6.15103e-06
2275 400 9.14949e-06
2300 400 1.45548e-05
2325 400 1.95605e-05
2350 400 1.37334e-05
2375 400 -8.88389e-06
2400 400 -3.32146e-05
2425 400 -3.88844e-05
