0 0 0
25 0 0
50 0 0
75 0 0
100 0 0
125 0 0
150 0 0
175 0 0
200 0 0
225 0 0
250 0 0
275 0 0
300 0 0
325 0 0
350 0 0
375 0 0
400 0 0
425 0 0
450 0 0
475 0 0
500 0 0
525 0 0
550 0 0
575 0 0
600 0 0
625 0 0
650 0 0
675 0 0
700 0 0
725 0 0
750 0 0
775 0 0
800 0 0
825 0 0
850 0 0
875 0 0
900 0 0
925 0 0
950 0 0
975 0 0
1000 0 0
1025 0 0
1050 0 0
1075 0 0
1100 0 0
1125 0 0
1150 0 0
1175 0 0
1200 0 0
1225 0 0
1250 0 0
1275 0 0
1300 0 0
1325 0 0
1350 0 0
1375 0 0
1400 0 0
1425 0 0
1450 0 0
1475 0 0
1500 0 0
1525 0 0
1550 0 0
1575 0 0
1600 0 0
1625 0 0
1650 0 0
1675 0 0
1700 0 0
1725 0 0
1750 0 0
1775 0 0
1800 0 0
1825 0 0
1850 0 0
1875 0 0
1900 0 0
1925 0 0
1950 0 0
1975 0 0
2000 0 0
2025 0 0
2050 0 0
2075 0 0
2100 0 0
2125 0 0
2150 0 0
2175 0 0
2200 0 0
2225 0 0
2250 0 0
2275 0 0
2300 0 0
2325 0 0
2350 0 0
2375 0 0
2400 0 0
2425 0 0
2450 0 0
2475 0 0
2500 0 0
2525 0 0
2550 0 0
2575 0 0
2600 0 0
2625 0 0
2650 0 0
2675 0 0
2700 0 0
2725 0 0
2750 0 0
2775 0 0
2800 0 0
2825 0 0
2850 0 0
2875 0 0
2900 0 0
2925 0 0
2950 0 0
2975 0 0
0 25 0
25 25 1.48405e-275
50 25 1.13931e-266
75 25 1.44136e-258
100 25 4.69374e-251
125 25 5.38131e-244
150 25 2.85597e-237
175 25 8.97299e-231
200 25 1.97333e-224
225 25 3.24657e-218
250 25 4.04146e-212
275 25 3.79635e-206
300 25 2.67819e-200
325 25 1.41152e-194
350 25 5.52659e-189
375 25 1.59777e-183
400 25 3.38857e-178
425 25 5.23479e-173
450 25 5.84586e-168
475 25 4.6803e-163
500 25 2.66246e-158
525 25 1.06572e-153
550 25 2.97e-149
575 25 5.69634e-145
600 25 7.42476e-141
625 25 6.48659e-137
650 25 3.74135e-133
675 25 1.40124e-129
700 25 3.34626e-126
725 25 4.99453e-123
750 25 4.55837e-120
775 25 2.48376e-117
800 25 7.87211e-115
825 25 1.41113e-112
850 25 1.38853e-110
875 25 7.26967e-109
900 25 1.96217e-107
925 25 2.6482e-106
950 25 1.73853e-105
975 25 5.42952e-105
1000 25 7.94982e-105
1025 25 5.42952e-105
1050 25 1.73853e-105
1075 25 2.6482e-106
1100 25 1.96217e-107
1125 25 7.26967e-109
1150 25 1.38853e-110
1175 25 1.41113e-112
1200 25 7.87211e-115
1225 25 2.48376e-117
1250 25 4.55837e-120
1275 25 4.99453e-123
1300 25 3.34626e-126
1325 25 1.40124e-129
1350 25 3.74135e-133
1375 25 6.48659e-137
1400 25 7.42476e-141
1425 25 5.69634e-145
1450 25 2.97e-149
1475 25 1.06572e-153
1500 25 2.66246e-158
1525 25 4.6803e-163
1550 25 5.84586e-168
1575 25 5.23479e-173
1600 25 3.38857e-178
1625 25 1.59777e-183
1650 25 5.52659e-189
1675 25 1.41152e-194
1700 25 2.67819e-200
1725 25 3.79635e-206
1750 25 4.04146e-212
1775 25 3.24657e-218
1800 25 1.97333e-224
1825 25 8.97299e-231
1850 25 2.85597e-237
1875 25 5.38131e-244
1900 25 4.69374e-251
1925 25 1.44136e-258
1950 25 1.13931e-266
1975 25 1.48405e-275
2000 25 1.35602e-285
2025 25 4.0786e-298
2050 25 0
2075 25 0
2100 25 0
2125 25 0
2150 25 0
2175 25 0
2200 25 0
2225 25 0
2250 25 0
2275 25 0
2300 25 0
2325 25 0
2350 25 0
2375 25 0
2400 25 0
2425 25 0
2450 25 0
2475 25 0
2500 25 0
2525 25 0
2550 25 0
2575 25 0
2600 25 0
2625 25 0
2650 25 0
2675 25 0
2700 25 0
2725 25 0
2750 25 0
2775 25 0
2800 25 0
2825 25 0
2850 25 0
2875 25 0
2900 25 0
2925 25 0
2950 25 0
2975 25 0
0 50 0
25 50 1.13931e-266
50 50 1.64323e-258
75 50 6.12087e-251
100 50 8.05483e-244
125 50 4.92503e-237
150 50 1.78995e-230
175 50 4.57349e-224
200 50 8.78227e-218
225 50 1.28217e-211
250 50 1.41978e-205
275 50 1.18713e-199
300 50 7.45859e-194
325 50 3.50285e-188
350 50 1.22276e-182
375 50 3.15343e-177
400 50 5.96909e-172
425 50 8.23479e-167
450 50 8.21691e-162
475 50 5.88159e-157
500 50 2.99316e-152
525 50 1.07251e-147
550 50 2.67746e-143
575 50 4.60372e-139
600 50 5.38411e-135
625 50 4.22467e-131
650 50 2.191e-127
675 50 7.38839e-124
700 50 1.5912e-120
725 50 2.14606e-117
750 50 1.77419e-114
775 50 8.78337e-112
800 50 2.539e-109
825 50 4.171e-107
850 50 3.78404e-105
875 50 1.84044e-103
900 50 4.65801e-102
925 50 5.96178e-101
950 50 3.76132e-100
975 50 1.14603e-99
1000 50 1.664e-99
1025 50 1.14603e-99
1050 50 3.76132e-100
1075 50 5.96178e-101
1100 50 4.65801e-102
1125 50 1.84044e-103
1150 50 3.78404e-105
1175 50 4.171e-107
1200 50 2.539e-109
1225 50 8.78337e-112
1250 50 1.77419e-114
1275 50 2.14606e-117
1300 50 1.5912e-120
1325 50 7.38839e-124
1350 50 2.191e-127
1375 50 4.22467e-131
1400 50 5.38411e-135
1425 50 4.60372e-139
1450 50 2.67746e-143
1475 50 1.07251e-147
1500 50 2.99316e-152
1525 50 5.88159e-157
1550 50 8.21691e-162
1575 50 8.23479e-167
1600 50 5.96909e-172
1625 50 3.15343e-177
1650 50 1.22276e-182
1675 50 3.50285e-188
1700 50 7.45859e-194
1725 50 1.18713e-199
1750 50 1.41978e-205
1775 50 1.28217e-211
1800 50 8.78227e-218
1825 50 4.57349e-224
1850 50 1.78995e-230
1875 50 4.92503e-237
1900 50 8.05483e-244
1925 50 6.12087e-251
1950 50 1.64323e-258
1975 50 1.13931e-266
2000 50 1.30593e-275
2025 50 1.05335e-285
2050 50 2.80526e-298
2075 50 0
2100 50 0
2125 50 0
2150 50 0
2175 50 0
2200 50 0
2225 50 0
2250 50 0
2275 50 0
2300 50 0
2325 50 0
2350 50 0
2375 50 0
2400 50 0
2425 50 0
2450 50 0
2475 50 0
2500 50 0
2525 50 0
2550 50 0
2575 50 0
2600 50 0
2625 50 0
2650 50 0
2675 50 0
2700 50 0
2725 50 0
2750 50 0
2775 50 0
2800 50 0
2825 50 0
2850 50 0
2875 50 0
2900 50 0
2925 50 0
2950 50 0
2975 50 0
0 75 0
25 75 1.44136e-258
50 75 6.12087e-251
75 75 9.21336e-244
100 75 6.4662e-237
125 75 2.70771e-230
150 75 8.00386e-224
175 75 1.78574e-217
200 75 3.04289e-211
225 75 3.95157e-205
250 75 3.89467e-199
275 75 2.90007e-193
300 75 1.62351e-187
325 75 6.79728e-182
350 75 2.11639e-176
375 75 4.87083e-171
400 75 8.23229e-166
425 75 1.01459e-160
450 75 9.04912e-156
475 75 5.79291e-151
500 75 2.63811e-146
525 75 8.46436e-142
550 75 1.8934e-137
575 75 2.9193e-133
600 75 3.06407e-129
625 75 2.15977e-125
650 75 1.00734e-121
675 75 3.05903e-118
700 75 5.94235e-115
725 75 7.24332e-112
750 75 5.42526e-109
775 75 2.44085e-106
800 75 6.4369e-104
825 75 9.69391e-102
850 75 8.11165e-100
875 75 3.66672e-98
900 75 8.70617e-97
925 75 1.05726e-95
950 75 6.41311e-95
975 75 1.90693e-94
1000 75 2.74599e-94
1025 75 1.90693e-94
1050 75 6.41311e-95
1075 75 1.05726e-95
1100 75 8.70617e-97
1125 75 3.66672e-98
1150 75 8.11165e-100
1175 75 9.69391e-102
1200 75 6.4369e-104
1225 75 2.44085e-106
1250 75 5.42526e-109
1275 75 7.24332e-112
1300 75 5.94235e-115
1325 75 3.05903e-118
1350 75 1.00734e-121
1375 75 2.15977e-125
1400 75 3.06407e-129
1425 75 2.9193e-133
1450 75 1.8934e-137
1475 75 8.46436e-142
1500 75 2.63811e-146
1525 75 5.79291e-151
1550 75 9.04912e-156
1575 75 1.01459e-160
1600 75 8.23229e-166
1625 75 4.87083e-171
1650 75 2.11639e-176
1675 75 6.79728e-182
1700 75 1.62351e-187
1725 75 2.90007e-193
1750 75 3.89467e-199
1775 75 3.95157e-205
1800 75 3.04289e-211
1825 75 1.78574e-217
1850 75 8.00386e-224
1875 75 2.70771e-230
1900 75 6.4662e-237
1925 75 9.21336e-244
1950 75 6.12087e-251
1975 75 1.44136e-258
2000 75 8.79385e-267
2025 75 8.89753e-276
2050 75 6.35401e-286
2075 75 1.50262e-298
2100 75 0
2125 75 0
2150 75 0
2175 75 0
2200 75 0
2225 75 0
2250 75 0
2275 75 0
2300 75 0
2325 75 0
2350 75 0
2375 75 0
2400 75 0
2425 75 0
2450 75 0
2475 75 0
2500 75 0
2525 75 0
2550 75 0
2575 75 0
2600 75 0
2625 75 0
2650 75 0
2675 75 0
2700 75 0
2725 75 0
2750 75 0
2775 75 0
2800 75 0
2825 75 0
2850 75 0
2875 75 0
2900 75 0
2925 75 0
2950 75 0
2975 75 0
0 100 0
25 100 4.69374e-251
50 100 8.05483e-244
75 100 6.4662e-237
100 100 3.10809e-230
125 100 1.0586e-223
150 100 2.73243e-217
175 100 5.40968e-211
200 100 8.19923e-205
225 100 9.47702e-199
250 100 8.31791e-193
275 100 5.51842e-187
300 100 2.75389e-181
325 100 1.02832e-175
350 100 2.85699e-170
375 100 5.87022e-165
400 100 8.86192e-160
425 100 9.76054e-155
450 100 7.78381e-150
475 100 4.45778e-145
500 100 1.81716e-140
525 100 5.222e-136
550 100 1.04691e-131
575 100 1.44771e-127
600 100 1.36393e-123
625 100 8.63774e-120
650 100 3.62366e-116
675 100 9.91072e-113
700 100 1.73672e-109
725 100 1.91346e-106
750 100 1.29863e-103
775 100 5.31048e-101
800 100 1.27788e-98
825 100 1.76468e-96
850 100 1.36242e-94
875 100 5.726e-93
900 100 1.27603e-91
925 100 1.4709e-90
950 100 8.58158e-90
975 100 2.49093e-89
1000 100 3.55776e-89
1025 100 2.49093e-89
1050 100 8.58158e-90
1075 100 1.4709e-90
1100 100 1.27603e-91
1125 100 5.726e-93
1150 100 1.36242e-94
1175 100 1.76468e-96
1200 100 1.27788e-98
1225 100 5.31048e-101
1250 100 1.29863e-103
1275 100 1.91346e-106
1300 100 1.73672e-109
1325 100 9.91072e-113
1350 100 3.62366e-116
1375 100 8.63774e-120
1400 100 1.36393e-123
1425 100 1.44771e-127
1450 100 1.04691e-131
1475 100 5.222e-136
1500 100 1.81716e-140
1525 100 4.45778e-145
1550 100 7.78381e-150
1575 100 9.76054e-155
1600 100 8.86192e-160
1625 100 5.87022e-165
1650 100 2.85699e-170
1675 100 1.02832e-175
1700 100 2.75389e-181
1725 100 5.51842e-187
1750 100 8.31791e-193
1775 100 9.47702e-199
1800 100 8.19923e-205
1825 100 5.40968e-211
1850 100 2.73243e-217
1875 100 1.0586e-223
1900 100 3.10809e-230
1925 100 6.4662e-237
1950 100 8.05483e-244
1975 100 4.69374e-251
2000 100 9.72562e-259
2025 100 5.23722e-267
2050 100 4.69109e-276
2075 100 2.97446e-286
2100 100 6.26331e-299
2125 100 0
2150 100 0
2175 100 0
2200 100 0
2225 100 0
2250 100 0
2275 100 0
2300 100 0
2325 100 0
2350 100 0
2375 100 0
2400 100 0
2425 100 0
2450 100 0
2475 100 0
2500 100 0
2525 100 0
2550 100 0
2575 100 0
2600 100 0
2625 100 0
2650 100 0
2675 100 0
2700 100 0
2725 100 0
2750 100 0
2775 100 0
2800 100 0
2825 100 0
2850 100 0
2875 100 0
2900 100 0
2925 100 0
2950 100 0
2975 100 0
0 125 0
25 125 5.38131e-244
50 125 4.92503e-237
75 125 2.70771e-230
100 125 1.0586e-223
125 125 3.14842e-217
150 125 7.21129e-211
175 125 1.26988e-204
200 125 1.71305e-198
225 125 1.76318e-192
250 125 1.37875e-186
275 125 8.15355e-181
300 125 3.62871e-175
325 125 1.20898e-169
350 125 2.99841e-164
375 125 5.50218e-159
400 125 7.42192e-154
425 125 7.30769e-149
450 125 5.21231e-144
475 125 2.67123e-139
500 125 9.74926e-135
525 125 2.50985e-130
550 125 4.51051e-126
575 125 5.59502e-122
600 125 4.73214e-118
625 125 2.69282e-114
650 125 1.01617e-110
675 125 2.50324e-107
700 125 3.95731e-104
725 125 3.94115e-101
750 125 2.4238e-98
775 125 9.00967e-96
800 125 1.97852e-93
825 125 2.50584e-91
850 125 1.78542e-89
875 125 6.97889e-88
900 125 1.46021e-86
925 125 1.59836e-85
950 125 8.9723e-85
975 125 2.54291e-84
1000 125 3.60277e-84
1025 125 2.54291e-84
1050 125 8.9723e-85
1075 125 1.59836e-85
1100 125 1.46021e-86
1125 125 6.97889e-88
1150 125 1.78542e-89
1175 125 2.50584e-91
1200 125 1.97852e-93
1225 125 9.00967e-96
1250 125 2.4238e-98
1275 125 3.94115e-101
1300 125 3.95731e-104
1325 125 2.50324e-107
1350 125 1.01617e-110
1375 125 2.69282e-114
1400 125 4.73214e-118
1425 125 5.59502e-122
1450 125 4.51051e-126
1475 125 2.50985e-130
1500 125 9.74926e-135
1525 125 2.67123e-139
1550 125 5.21231e-144
1575 125 7.30769e-149
1600 125 7.42192e-154
1625 125 5.50218e-159
1650 125 2.99841e-164
1675 125 1.20898e-169
1700 125 3.62871e-175
1725 125 8.15355e-181
1750 125 1.37875e-186
1775 125 1.76318e-192
1800 125 1.71305e-198
1825 125 1.26988e-204
1850 125 7.21129e-211
1875 125 3.14842e-217
1900 125 1.0586e-223
1925 125 2.70771e-230
1950 125 4.92503e-237
1975 125 5.38131e-244
2000 125 2.75911e-251
2025 125 5.04543e-259
2050 125 2.40494e-267
2075 125 1.91236e-276
2100 125 1.07952e-286
2125 125 2.02934e-299
2150 125 0
2175 125 0
2200 125 0
2225 125 0
2250 125 0
2275 125 0
2300 125 0
2325 125 0
2350 125 0
2375 125 0
2400 125 0
2425 125 0
2450 125 0
2475 125 0
2500 125 0
2525 125 0
2550 125 0
2575 125 0
2600 125 0
2625 125 0
2650 125 0
2675 125 0
2700 125 0
2725 125 0
2750 125 0
2775 125 0
2800 125 0
2825 125 0
2850 125 0
2875 125 0
2900 125 0
2925 125 0
2950 125 0
2975 125 0
0 150 0
25 150 2.85597e-237
50 150 1.78995e-230
75 150 8.00386e-224
100 150 2.73243e-217
125 150 7.21129e-211
150 150 1.46912e-204
175 150 2.30254e-198
200 150 2.76589e-192
225 150 2.53627e-186
250 150 1.76779e-180
275 150 9.32276e-175
300 150 3.70174e-169
325 150 1.10085e-163
350 150 2.43812e-158
375 150 3.99716e-153
400 150 4.81928e-148
425 150 4.24319e-143
450 150 2.70764e-138
475 150 1.24202e-133
500 150 4.05943e-129
525 150 9.36377e-125
550 150 1.50866e-120
575 150 1.67888e-116
600 150 1.27483e-112
625 150 6.51877e-109
650 150 2.21281e-105
675 150 4.90973e-102
700 150 7.00193e-99
725 150 6.30322e-96
750 150 3.51268e-93
775 150 1.18691e-90
800 150 2.37872e-88
825 150 2.76333e-86
850 150 1.81734e-84
875 150 6.60834e-83
900 150 1.29858e-81
925 150 1.35022e-80
950 150 7.29464e-80
975 150 2.01909e-79
1000 150 2.8378e-79
1025 150 2.01909e-79
1050 150 7.29464e-80
1075 150 1.35022e-80
1100 150 1.29858e-81
1125 150 6.60834e-83
1150 150 1.81734e-84
1175 150 2.76333e-86
1200 150 2.37872e-88
1225 150 1.18691e-90
1250 150 3.51268e-93
1275 150 6.30322e-96
1300 150 7.00193e-99
1325 150 4.90973e-102
1350 150 2.21281e-105
1375 150 6.51877e-109
1400 150 1.27483e-112
1425 150 1.67888e-116
1450 150 1.50866e-120
1475 150 9.36377e-125
1500 150 4.05943e-129
1525 150 1.24202e-133
1550 150 2.70764e-138
1575 150 4.24319e-143
1600 150 4.81928e-148
1625 150 3.99716e-153
1650 150 2.43812e-158
1675 150 1.10085e-163
1700 150 3.70174e-169
1725 150 9.32276e-175
1750 150 1.76779e-180
1775 150 2.53627e-186
1800 150 2.76589e-192
1825 150 2.30254e-198
1850 150 1.46912e-204
1875 150 7.21129e-211
1900 150 2.73243e-217
1925 150 8.00386e-224
1950 150 1.78995e-230
1975 150 2.85597e-237
2000 150 2.74575e-244
2025 150 1.24233e-251
2050 150 2.01058e-259
2075 150 8.50618e-268
2100 150 6.02057e-277
2125 150 3.03349e-287
2150 150 5.10364e-300
2175 150 0
2200 150 0
2225 150 0
2250 150 0
2275 150 0
2300 150 0
2325 150 0
2350 150 0
2375 150 0
2400 150 0
2425 150 0
2450 150 0
2475 150 0
2500 150 0
2525 150 0
2550 150 0
2575 150 0
2600 150 0
2625 150 0
2650 150 0
2675 150 0
2700 150 0
2725 150 0
2750 150 0
2775 150 0
2800 150 0
2825 150 0
2850 150 0
2875 150 0
2900 150 0
2925 150 0
2950 150 0
2975 150 0
0 175 0
25 175 8.97299e-231
50 175 4.57349e-224
75 175 1.78574e-217
100 175 5.40968e-211
125 175 1.26988e-204
150 175 2.30254e-198
175 175 3.21348e-192
200 175 3.43899e-186
225 175 2.81079e-180
250 175 1.74703e-174
275 175 8.21962e-169
300 175 2.91302e-163
325 175 7.73547e-158
350 175 1.53046e-152
375 175 2.2424e-147
400 175 2.41725e-142
425 175 1.90368e-137
450 175 1.08704e-132
475 175 4.46401e-128
500 175 1.3068e-123
525 175 2.70123e-119
550 175 3.90219e-115
575 175 3.89593e-111
600 175 2.65602e-107
625 175 1.22039e-103
650 175 3.72628e-100
675 175 7.44614e-97
700 175 9.57886e-94
725 175 7.79352e-91
750 175 3.93519e-88
775 175 1.20858e-85
800 175 2.21043e-83
825 175 2.3553e-81
850 175 1.42988e-79
875 175 4.8376e-78
900 175 8.92993e-77
925 175 8.82198e-76
950 175 4.58816e-75
975 175 1.24047e-74
1000 175 1.72967e-74
1025 175 1.24047e-74
1050 175 4.58816e-75
1075 175 8.82198e-76
1100 175 8.92993e-77
1125 175 4.8376e-78
1150 175 1.42988e-79
1175 175 2.3553e-81
1200 175 2.21043e-83
1225 175 1.20858e-85
1250 175 3.93519e-88
1275 175 7.79352e-91
1300 175 9.57886e-94
1325 175 7.44614e-97
1350 175 3.72628e-100
1375 175 1.22039e-103
1400 175 2.65602e-107
1425 175 3.89593e-111
1450 175 3.90219e-115
1475 175 2.70123e-119
1500 175 1.3068e-123
1525 175 4.46401e-128
1550 175 1.08704e-132
1575 175 1.90368e-137
1600 175 2.41725e-142
1625 175 2.2424e-147
1650 175 1.53046e-152
1675 175 7.73547e-158
1700 175 2.91302e-163
1725 175 8.21962e-169
1750 175 1.74703e-174
1775 175 2.81079e-180
1800 175 3.43899e-186
1825 175 3.21348e-192
1850 175 2.30254e-198
1875 175 1.26988e-204
1900 175 5.40968e-211
1925 175 1.78574e-217
1950 175 4.57349e-224
1975 175 8.97299e-231
2000 175 1.2599e-237
2025 175 1.06894e-244
2050 175 4.27991e-252
2075 175 6.14656e-260
2100 175 2.31406e-268
2125 175 1.46153e-277
2150 175 6.58902e-288
2175 175 9.94512e-301
2200 175 0
2225 175 0
2250 175 0
2275 175 0
2300 175 0
2325 175 0
2350 175 0
2375 175 0
2400 175 0
2425 175 0
2450 175 0
2475 175 0
2500 175 0
2525 175 0
2550 175 0
2575 175 0
2600 175 0
2625 175 0
2650 175 0
2675 175 0
2700 175 0
2725 175 0
2750 175 0
2775 175 0
2800 175 0
2825 175 0
2850 175 0
2875 175 0
2900 175 0
2925 175 0
2950 175 0
2975 175 0
0 200 0
25 200 1.97333e-224
50 200 8.78227e-218
75 200 3.04289e-211
100 200 8.19923e-205
125 200 1.71305e-198
150 200 2.76589e-192
175 200 3.43899e-186
200 200 3.28034e-180
225 200 2.39083e-174
250 200 1.3257e-168
275 200 5.56685e-163
300 200 1.76157e-157
325 200 4.17848e-152
350 200 7.38765e-147
375 200 9.67657e-142
400 200 9.32877e-137
425 200 6.573e-132
450 200 3.35932e-127
475 200 1.23523e-122
500 200 3.23918e-118
525 200 6.00051e-114
550 200 7.77246e-110
575 200 6.96203e-106
600 200 4.26112e-102
625 200 1.75917e-98
650 200 4.83092e-95
675 200 8.69282e-92
700 200 1.00852e-88
725 200 7.41474e-86
750 200 3.39155e-83
775 200 9.4658e-81
800 200 1.57968e-78
825 200 1.54376e-76
850 200 8.65107e-75
875 200 2.72332e-73
900 200 4.72293e-72
925 200 4.4339e-71
950 200 2.22028e-70
975 200 5.86424e-70
1000 200 8.11256e-70
1025 200 5.86424e-70
1050 200 2.22028e-70
1075 200 4.4339e-71
1100 200 4.72293e-72
1125 200 2.72332e-73
1150 200 8.65107e-75
1175 200 1.54376e-76
1200 200 1.57968e-78
1225 200 9.4658e-81
1250 200 3.39155e-83
1275 200 7.41474e-86
1300 200 1.00852e-88
1325 200 8.69282e-92
1350 200 4.83092e-95
1375 200 1.75917e-98
1400 200 4.26112e-102
1425 200 6.96203e-106
1450 200 7.77246e-110
1475 200 6.00051e-114
1500 200 3.23918e-118
1525 200 1.23523e-122
1550 200 3.35932e-127
1575 200 6.573e-132
1600 200 9.32877e-137
1625 200 9.67657e-142
1650 200 7.38765e-147
1675 200 4.17848e-152
1700 200 1.76157e-157
1725 200 5.56685e-163
1750 200 1.3257e-168
1775 200 2.39083e-174
1800 200 3.28034e-180
1825 200 3.43899e-186
1850 200 2.76589e-192
1875 200 1.71305e-198
1900 200 8.19923e-205
1925 200 3.04289e-211
1950 200 8.78227e-218
1975 200 1.97333e-224
2000 200 3.40751e-231
2025 200 4.22306e-238
2050 200 3.17079e-245
2075 200 1.12641e-252
2100 200 1.43916e-260
2125 200 4.83332e-269
2150 200 2.73056e-278
2175 200 1.10405e-288
2200 200 1.49837e-301
2225 200 0
2250 200 0
2275 200 0
2300 200 0
2325 200 0
2350 200 0
2375 200 0
2400 200 0
2425 200 0
2450 200 0
2475 200 0
2500 200 0
2525 200 0
2550 200 0
2575 200 0
2600 200 0
2625 200 0
2650 200 0
2675 200 0
2700 200 0
2725 200 0
2750 200 0
2775 200 0
2800 200 0
2825 200 0
2850 200 0
2875 200 0
2900 200 0
2925 200 0
2950 200 0
2975 200 0
0 225 0
25 225 3.24657e-218
50 225 1.28217e-211
75 225 3.95157e-205
100 225 9.47702e-199
125 225 1.76318e-192
150 225 2.53627e-186
175 225 2.81079e-180
200 225 2.39083e-174
225 225 1.55452e-168
250 225 7.69307e-163
275 225 2.88434e-157
300 225 8.15253e-152
325 225 1.72796e-146
350 225 2.73091e-141
375 225 3.19865e-136
400 225 2.75848e-131
425 225 1.73925e-126
450 225 7.95719e-122
475 225 2.62014e-117
500 225 6.15527e-113
525 225 1.02192e-108
550 225 1.18688e-104
575 225 9.53739e-101
600 225 5.24005e-97
625 225 1.94343e-93
650 225 4.79895e-90
675 225 7.77403e-87
700 225 8.13193e-84
725 225 5.40086e-81
750 225 2.23719e-78
775 225 5.67261e-76
800 225 8.63554e-74
825 225 7.73836e-72
850 225 4.00238e-70
875 225 1.17226e-68
900 225 1.91003e-67
925 225 1.70415e-66
950 225 8.21722e-66
975 225 2.12042e-65
1000 225 2.91039e-65
1025 225 2.12042e-65
1050 225 8.21722e-66
1075 225 1.70415e-66
1100 225 1.91003e-67
1125 225 1.17226e-68
1150 225 4.00238e-70
1175 225 7.73836e-72
1200 225 8.63554e-74
1225 225 5.67261e-76
1250 225 2.23719e-78
1275 225 5.40086e-81
1300 225 8.13193e-84
1325 225 7.77403e-87
1350 225 4.79895e-90
1375 225 1.94343e-93
1400 225 5.24005e-97
1425 225 9.53739e-101
1450 225 1.18688e-104
1475 225 1.02192e-108
1500 225 6.15527e-113
1525 225 2.62014e-117
1550 225 7.95719e-122
1575 225 1.73925e-126
1600 225 2.75848e-131
1625 225 3.19865e-136
1650 225 2.73091e-141
1675 225 1.72796e-146
1700 225 8.15253e-152
1725 225 2.88434e-157
1750 225 7.69307e-163
1775 225 1.55452e-168
1800 225 2.39083e-174
1825 225 2.81079e-180
1850 225 2.53627e-186
1875 225 1.76318e-192
1900 225 9.47702e-199
1925 225 3.95157e-205
1950 225 1.28217e-211
1975 225 3.24657e-218
2000 225 6.42077e-225
2025 225 9.78812e-232
2050 225 1.07379e-238
2075 225 7.1537e-246
2100 225 2.26044e-253
2125 225 2.57546e-261
2150 225 7.73394e-270
2175 225 3.91713e-279
2200 225 1.42363e-289
2225 225 1.7411e-302
2250 225 0
2275 225 0
2300 225 0
2325 225 0
2350 225 0
2375 225 0
2400 225 0
2425 225 0
2450 225 0
2475 225 0
2500 225 0
2525 225 0
2550 225 0
2575 225 0
2600 225 0
2625 225 0
2650 225 0
2675 225 0
2700 225 0
2725 225 0
2750 225 0
2775 225 0
2800 225 0
2825 225 0
2850 225 0
2875 225 0
2900 225 0
2925 225 0
2950 225 0
2975 225 0
0 250 0
25 250 4.04146e-212
50 250 1.41978e-205
75 250 3.89467e-199
100 250 8.31791e-193
125 250 1.37875e-186
150 250 1.76779e-180
175 250 1.74703e-174
200 250 1.3257e-168
225 250 7.69307e-163
250 250 3.39923e-157
275 250 1.13834e-151
300 250 2.8749e-146
325 250 5.4466e-141
350 250 7.69673e-136
375 250 8.06336e-131
400 250 6.2217e-126
425 250 3.51099e-121
450 250 1.43811e-116
475 250 4.24091e-112
500 250 8.92545e-108
525 250 1.32803e-103
550 250 1.38286e-99
575 250 9.96768e-96
600 250 4.91517e-92
625 250 1.63725e-88
650 250 3.63429e-85
675 250 5.29834e-82
700 250 4.99509e-79
725 250 2.99566e-76
750 250 1.12327e-73
775 250 2.58644e-71
800 250 3.59032e-69
825 250 2.94913e-67
850 250 1.40743e-65
875 250 3.83468e-64
900 250 5.86967e-63
925 250 4.97701e-62
950 250 2.31098e-61
975 250 5.82643e-61
1000 250 7.93459e-61
1025 250 5.82643e-61
1050 250 2.31098e-61
1075 250 4.97701e-62
1100 250 5.86967e-63
1125 250 3.83468e-64
1150 250 1.40743e-65
1175 250 2.94913e-67
1200 250 3.59032e-69
1225 250 2.58644e-71
1250 250 1.12327e-73
1275 250 2.99566e-76
1300 250 4.99509e-79
1325 250 5.29834e-82
1350 250 3.63429e-85
1375 250 1.63725e-88
1400 250 4.91517e-92
1425 250 9.96768e-96
1450 250 1.38286e-99
1475 250 1.32803e-103
1500 250 8.92545e-108
1525 250 4.24091e-112
1550 250 1.43811e-116
1575 250 3.51099e-121
1600 250 6.2217e-126
1625 250 8.06336e-131
1650 250 7.69673e-136
1675 250 5.4466e-141
1700 250 2.8749e-146
1725 250 1.13834e-151
1750 250 3.39923e-157
1775 250 7.69307e-163
1800 250 1.3257e-168
1825 250 1.74703e-174
1850 250 1.76779e-180
1875 250 1.37875e-186
1900 250 8.31791e-193
1925 250 3.89467e-199
1950 250 1.41978e-205
1975 250 4.04146e-212
2000 250 9.00691e-219
2025 250 1.57268e-225
2050 250 2.1227e-232
2075 250 2.06685e-239
2100 250 1.22484e-246
2125 250 3.45062e-254
2150 250 3.51397e-262
2175 250 9.45611e-271
2200 250 4.30313e-280
2225 250 1.40875e-290
2250 250 1.55584e-303
2275 250 0
2300 250 0
2325 250 0
2350 250 0
2375 250 0
2400 250 0
2425 250 0
2450 250 0
2475 250 0
2500 250 0
2525 250 0
2550 250 0
2575 250 0
2600 250 0
2625 250 0
2650 250 0
2675 250 0
2700 250 0
2725 250 0
2750 250 0
2775 250 0
2800 250 0
2825 250 0
2850 250 0
2875 250 0
2900 250 0
2925 250 0
2950 250 0
2975 250 0
0 275 0
25 275 3.79635e-206
50 275 1.18713e-199
75 275 2.90007e-193
100 275 5.51842e-187
125 275 8.15355e-181
150 275 9.32276e-175
175 275 8.21962e-169
200 275 5.56685e-163
225 275 2.88434e-157
250 275 1.13834e-151
275 275 3.40616e-146
300 275 7.68888e-141
325 275 1.30242e-135
350 275 1.64608e-130
375 275 1.54279e-125
400 275 1.06529e-120
425 275 5.3811e-116
450 275 1.97348e-111
475 275 5.21216e-107
500 275 9.82716e-103
525 275 1.31032e-98
550 275 1.22313e-94
575 275 7.9066e-91
600 275 3.49829e-87
625 275 1.04624e-83
650 275 2.08686e-80
675 275 2.73676e-77
700 275 2.32422e-74
725 275 1.25797e-71
750 275 4.26745e-69
775 275 8.91829e-67
800 275 1.12824e-64
825 275 8.49088e-63
850 275 3.73741e-61
875 275 9.46967e-60
900 275 1.36143e-58
925 275 1.09695e-57
950 275 4.90456e-57
975 275 1.20812e-56
1000 275 1.63239e-56
1025 275 1.20812e-56
1050 275 4.90456e-57
1075 275 1.09695e-57
1100 275 1.36143e-58
1125 275 9.46967e-60
1150 275 3.73741e-61
1175 275 8.49088e-63
1200 275 1.12824e-64
1225 275 8.91829e-67
1250 275 4.26745e-69
1275 275 1.25797e-71
1300 275 2.32422e-74
1325 275 2.73676e-77
1350 275 2.08686e-80
1375 275 1.04624e-83
1400 275 3.49829e-87
1425 275 7.9066e-91
1450 275 1.22313e-94
1475 275 1.31032e-98
1500 275 9.82716e-103
1525 275 5.21216e-107
1550 275 1.97348e-111
1575 275 5.3811e-116
1600 275 1.06529e-120
1625 275 1.54279e-125
1650 275 1.64608e-130
1675 275 1.30242e-135
1700 275 7.68888e-141
1725 275 3.40616e-146
1750 275 1.13834e-151
1775 275 2.88434e-157
1800 275 5.56685e-163
1825 275 8.21962e-169
1850 275 9.32276e-175
1875 275 8.15355e-181
1900 275 5.51842e-187
1925 275 2.90007e-193
1950 275 1.18713e-199
1975 275 3.79635e-206
2000 275 9.51099e-213
2025 275 1.87135e-219
2050 275 2.89327e-226
2075 275 3.46711e-233
2100 275 3.00402e-240
2125 275 1.58731e-247
2150 275 3.99576e-255
2175 275 3.64478e-263
2200 275 8.80778e-272
2225 275 3.60861e-281
2250 275 1.06634e-291
2275 275 1.06563e-304
2300 275 0
2325 275 0
2350 275 0
2375 275 0
2400 275 0
2425 275 0
2450 275 0
2475 275 0
2500 275 0
2525 275 0
2550 275 0
2575 275 0
2600 275 0
2625 275 0
2650 275 0
2675 275 0
2700 275 0
2725 275 0
2750 275 0
2775 275 0
2800 275 0
2825 275 0
2850 275 0
2875 275 0
2900 275 0
2925 275 0
2950 275 0
2975 275 0
0 300 0
25 300 2.67819e-200
50 300 7.45859e-194
75 300 1.62351e-187
100 300 2.75389e-181
125 300 3.62871e-175
150 300 3.70174e-169
175 300 2.91302e-163
200 300 1.76157e-157
225 300 8.15253e-152
250 300 2.8749e-146
275 300 7.68888e-141
300 300 1.55181e-135
325 300 2.35089e-130
350 300 2.65798e-125
375 300 2.22912e-120
400 300 1.3776e-115
425 300 6.22947e-111
450 300 2.04564e-106
475 300 4.83865e-102
500 300 8.17222e-98
525 300 9.76336e-94
550 300 8.16819e-90
575 300 4.73393e-86
600 300 1.87869e-82
625 300 5.04245e-79
650 300 9.0332e-76
675 300 1.06503e-72
700 300 8.14257e-70
725 300 3.97469e-67
750 300 1.21898e-64
775 300 2.3104e-62
800 300 2.66191e-60
825 300 1.8342e-58
850 300 7.44217e-57
875 300 1.75276e-55
900 300 2.36594e-54
925 300 1.81102e-53
950 300 7.79586e-53
975 300 1.87606e-52
1000 300 2.51503e-52
1025 300 1.87606e-52
1050 300 7.79586e-53
1075 300 1.81102e-53
1100 300 2.36594e-54
1125 300 1.75276e-55
1150 300 7.44217e-57
1175 300 1.8342e-58
1200 300 2.66191e-60
1225 300 2.3104e-62
1250 300 1.21898e-64
1275 300 3.97469e-67
1300 300 8.14257e-70
1325 300 1.06503e-72
1350 300 9.0332e-76
1375 300 5.04245e-79
1400 300 1.87869e-82
1425 300 4.73393e-86
1450 300 8.16819e-90
1475 300 9.76336e-94
1500 300 8.17222e-98
1525 300 4.83865e-102
1550 300 2.04564e-106
1575 300 6.22947e-111
1600 300 1.3776e-115
1625 300 2.22912e-120
1650 300 2.65798e-125
1675 300 2.35089e-130
1700 300 1.55181e-135
1725 300 7.68888e-141
1750 300 2.8749e-146
1775 300 8.15253e-152
1800 300 1.76157e-157
1825 300 2.91302e-163
1850 300 3.70174e-169
1875 300 3.62871e-175
1900 300 2.75389e-181
1925 300 1.62351e-187
1950 300 7.45859e-194
1975 300 2.67819e-200
2000 300 7.53751e-207
2025 300 1.66707e-213
2050 300 2.90428e-220
2075 300 3.987e-227
2100 300 4.25297e-234
2125 300 3.28697e-241
2150 300 1.55207e-248
2175 300 3.49852e-256
2200 300 2.86422e-264
2225 300 6.22799e-273
2250 300 2.30186e-282
2275 300 6.15159e-293
2300 300 5.57332e-306
2325 300 0
2350 300 0
2375 300 0
2400 300 0
2425 300 0
2450 300 0
2475 300 0
2500 300 0
2525 300 0
2550 300 0
2575 300 0
2600 300 0
2625 300 0
2650 300 0
2675 300 0
2700 300 0
2725 300 0
2750 300 0
2775 300 0
2800 300 0
2825 300 0
2850 300 0
2875 300 0
2900 300 0
2925 300 0
2950 300 0
2975 300 0
0 325 0
25 325 1.41152e-194
50 325 3.50285e-188
75 325 6.79728e-182
100 325 1.02832e-175
125 325 1.20898e-169
150 325 1.10085e-163
175 325 7.73547e-158
200 325 4.17848e-152
225 325 1.72796e-146
250 325 5.4466e-141
275 325 1.30242e-135
300 325 2.35089e-130
325 325 3.18591e-125
350 325 3.22301e-120
375 325 2.41902e-115
400 325 1.33815e-110
425 325 5.41726e-106
450 325 1.59284e-101
475 325 3.37401e-97
500 325 5.10396e-93
525 325 5.46242e-89
550 325 4.09466e-85
575 325 2.12683e-81
600 325 7.56719e-78
625 325 1.82179e-74
650 325 2.9293e-71
675 325 3.10277e-68
700 325 2.13388e-65
725 325 9.38627e-63
750 325 2.60012e-60
775 325 4.46549e-58
800 325 4.68132e-56
825 325 2.95093e-54
850 325 1.10284e-52
875 325 2.41274e-51
900 325 3.05625e-50
925 325 2.22166e-49
950 325 9.20518e-49
975 325 2.16385e-48
1000 325 2.87797e-48
1025 325 2.16385e-48
1050 325 9.20518e-49
1075 325 2.22166e-49
1100 325 3.05625e-50
1125 325 2.41274e-51
1150 325 1.10284e-52
1175 325 2.95093e-54
1200 325 4.68132e-56
1225 325 4.46549e-58
1250 325 2.60012e-60
1275 325 9.38627e-63
1300 325 2.13388e-65
1325 325 3.10277e-68
1350 325 2.9293e-71
1375 325 1.82179e-74
1400 325 7.56719e-78
1425 325 2.12683e-81
1450 325 4.09466e-85
1475 325 5.46242e-89
1500 325 5.10396e-93
1525 325 3.37401e-97
1550 325 1.59284e-101
1575 325 5.41726e-106
1600 325 1.33815e-110
1625 325 2.41902e-115
1650 325 3.22301e-120
1675 325 3.18591e-125
1700 325 2.35089e-130
1725 325 1.30242e-135
1750 325 5.4466e-141
1775 325 1.72796e-146
1800 325 4.17848e-152
1825 325 7.73547e-158
1850 325 1.10085e-163
1875 325 1.20898e-169
1900 325 1.02832e-175
1925 325 6.79728e-182
1950 325 3.50285e-188
1975 325 1.41152e-194
2000 325 4.46024e-201
2025 325 1.1081e-207
2050 325 2.16987e-214
2075 325 3.3564e-221
2100 325 4.10201e-228
2125 325 3.90473e-235
2150 325 2.69812e-242
2175 325 1.14091e-249
2200 325 2.30737e-257
2225 325 1.69872e-265
2250 325 3.32988e-274
2275 325 1.11232e-283
2300 325 2.69339e-294
2325 325 2.2164e-307
2350 325 0
2375 325 0
2400 325 0
2425 325 0
2450 325 0
2475 325 0
2500 325 0
2525 325 0
2550 325 0
2575 325 0
2600 325 0
2625 325 0
2650 325 0
2675 325 0
2700 325 0
2725 325 0
2750 325 0
2775 325 0
2800 325 0
2825 325 0
2850 325 0
2875 325 0
2900 325 0
2925 325 0
2950 325 0
2975 325 0
0 350 0
25 350 5.52659e-189
50 350 1.22276e-182
75 350 2.11639e-176
100 350 2.85699e-170
125 350 2.99841e-164
150 350 2.43812e-158
175 350 1.53046e-152
200 350 7.38765e-147
225 350 2.73091e-141
250 350 7.69673e-136
275 350 1.64608e-130
300 350 2.65798e-125
325 350 3.22301e-120
350 350 2.91792e-115
375 350 1.96021e-110
400 350 9.70673e-106
425 350 3.51804e-101
450 350 9.26158e-97
475 350 1.75664e-92
500 350 2.37959e-88
525 350 2.28074e-84
550 350 1.53127e-80
575 350 7.125e-77
600 350 2.2715e-73
625 350 4.90192e-70
650 350 7.06914e-67
675 350 6.72116e-64
700 350 4.15407e-61
725 350 1.64486e-58
750 350 4.11116e-56
775 350 6.39055e-54
800 350 6.08901e-52
825 350 3.50758e-50
850 350 1.20626e-48
875 350 2.44928e-47
900 350 2.90943e-46
925 350 2.00737e-45
950 350 8.00272e-45
975 350 1.83718e-44
1000 350 2.42406e-44
1025 350 1.83718e-44
1050 350 8.00272e-45
1075 350 2.00737e-45
1100 350 2.90943e-46
1125 350 2.44928e-47
1150 350 1.20626e-48
1175 350 3.50758e-50
1200 350 6.08901e-52
1225 350 6.39055e-54
1250 350 4.11116e-56
1275 350 1.64486e-58
1300 350 4.15407e-61
1325 350 6.72116e-64
1350 350 7.06914e-67
1375 350 4.90192e-70
1400 350 2.2715e-73
1425 350 7.125e-77
1450 350 1.53127e-80
1475 350 2.28074e-84
1500 350 2.37959e-88
1525 350 1.75664e-92
1550 350 9.26158e-97
1575 350 3.51804e-101
1600 350 9.70673e-106
1625 350 1.96021e-110
1650 350 2.91792e-115
1675 350 3.22301e-120
1700 350 2.65798e-125
1725 350 1.64608e-130
1750 350 7.69673e-136
1775 350 2.73091e-141
1800 350 7.38765e-147
1825 350 1.53046e-152
1850 350 2.43812e-158
1875 350 2.99841e-164
1900 350 2.85699e-170
1925 350 2.11639e-176
1950 350 1.22276e-182
1975 350 5.52659e-189
2000 350 1.95962e-195
2025 350 5.46563e-202
2050 350 1.20213e-208
2075 350 2.08989e-215
2100 350 2.87781e-222
2125 350 3.13898e-229
2150 350 2.67273e-236
2175 350 1.65477e-243
2200 350 6.27863e-251
2225 350 1.14139e-258
2250 350 7.57014e-267
2275 350 1.34014e-275
2300 350 4.05315e-285
2325 350 8.90833e-296
2350 350 6.67021e-309
2375 350 0
2400 350 0
2425 350 0
2450 350 0
2475 350 0
2500 350 0
2525 350 0
2550 350 0
2575 350 0
2600 350 0
2625 350 0
2650 350 0
2675 350 0
2700 350 0
2725 350 0
2750 350 0
2775 350 0
2800 350 0
2825 350 0
2850 350 0
2875 350 0
2900 350 0
2925 350 0
2950 350 0
2975 350 0
0 375 0
25 375 1.59777e-183
50 375 3.15343e-177
75 375 4.87083e-171
100 375 5.87022e-165
125 375 5.50218e-159
150 375 3.99716e-153
175 375 2.2424e-147
200 375 9.67657e-142
225 375 3.19865e-136
250 375 8.06336e-131
275 375 1.54279e-125
300 375 2.22912e-120
325 375 2.41902e-115
350 375 1.96021e-110
375 375 1.17876e-105
400 375 5.22536e-101
425 375 1.69544e-96
450 375 3.99589e-92
475 375 6.78513e-88
500 375 8.22846e-84
525 375 7.06042e-80
550 375 4.24378e-76
575 375 1.76789e-72
600 375 5.04679e-69
625 375 9.75468e-66
650 375 1.26052e-62
675 375 1.07467e-59
700 375 5.96233e-57
725 375 2.12259e-54
750 375 4.78043e-52
775 375 6.71656e-50
800 375 5.8086e-48
825 375 3.05371e-46
850 375 9.65158e-45
875 375 1.81686e-43
900 375 2.022e-42
925 375 1.32318e-41
950 375 5.07296e-41
975 375 1.137e-40
1000 375 1.48813e-40
1025 375 1.137e-40
1050 375 5.07296e-41
1075 375 1.32318e-41
1100 375 2.022e-42
1125 375 1.81686e-43
1150 375 9.65158e-45
1175 375 3.05371e-46
1200 375 5.8086e-48
1225 375 6.71656e-50
1250 375 4.78043e-52
1275 375 2.12259e-54
1300 375 5.96233e-57
1325 375 1.07467e-59
1350 375 1.26052e-62
1375 375 9.75468e-66
1400 375 5.04679e-69
1425 375 1.76789e-72
1450 375 4.24378e-76
1475 375 7.06042e-80
1500 375 8.22846e-84
1525 375 6.78513e-88
1550 375 3.99589e-92
1575 375 1.69544e-96
1600 375 5.22536e-101
1625 375 1.17876e-105
1650 375 1.96021e-110
1675 375 2.41902e-115
1700 375 2.22912e-120
1725 375 1.54279e-125
1750 375 8.06336e-131
1775 375 3.19865e-136
1800 375 9.67657e-142
1825 375 2.2424e-147
1850 375 3.99716e-153
1875 375 5.50218e-159
1900 375 5.87022e-165
1925 375 4.87083e-171
1950 375 3.15343e-177
1975 375 1.59777e-183
2000 375 6.35375e-190
2025 375 1.98837e-196
2050 375 4.9092e-203
2075 375 9.58512e-210
2100 375 1.48329e-216
2125 375 1.82282e-223
2150 375 1.77873e-230
2175 375 1.35776e-237
2200 375 7.54764e-245
2225 375 2.57446e-252
2250 375 4.21417e-260
2275 375 2.52221e-268
2300 375 4.0392e-277
2325 375 1.10794e-286
2350 375 2.21407e-297
2375 375 1.51103e-310
2400 375 0
2425 375 0
2450 375 0
2475 375 0
2500 375 0
2525 375 0
2550 375 0
2575 375 0
2600 375 0
2625 375 0
2650 375 0
2675 375 0
2700 375 0
2725 375 0
2750 375 0
2775 375 0
2800 375 0
2825 375 0
2850 375 0
2875 375 0
2900 375 0
2925 375 0
2950 375 0
2975 375 0
0 400 0
25 400 3.38857e-178
50 400 5.96909e-172
75 400 8.23229e-166
100 400 8.86192e-160
125 400 7.42192e-154
150 400 4.81928e-148
175 400 2.41725e-142
200 400 9.32877e-137
225 400 2.75848e-131
250 400 6.2217e-126
275 400 1.06529e-120
300 400 1.3776e-115
325 400 1.33815e-110
350 400 9.70673e-106
375 400 5.22536e-101
400 400 2.07362e-96
425 400 6.02288e-92
450 400 1.27062e-87
475 400 1.93108e-83
500 400 2.09582e-79
525 400 1.60921e-75
550 400 8.65447e-72
575 400 3.22568e-68
600 400 8.23875e-65
625 400 1.42494e-61
650 400 1.64817e-58
675 400 1.25846e-55
700 400 6.25902e-53
725 400 2.00037e-50
750 400 4.05315e-48
775 400 5.13887e-46
800 400 4.02706e-44
825 400 1.929e-42
850 400 5.59469e-41
875 400 9.75044e-40
900 400 1.01546e-38
925 400 6.29669e-38
950 400 2.32002e-37
975 400 5.07458e-37
1000 400 6.58734e-37
1025 400 5.07458e-37
1050 400 2.32002e-37
1075 400 6.29669e-38
1100 400 1.01546e-38
1125 400 9.75044e-40
1150 400 5.59469e-41
1175 400 1.929e-42
1200 400 4.02706e-44
1225 400 5.13887e-46
1250 400 4.05315e-48
1275 400 2.00037e-50
1300 400 6.25902e-53
1325 400 1.25846e-55
1350 400 1.64817e-58
1375 400 1.42494e-61
1400 400 8.23875e-65
1425 400 3.22568e-68
1450 400 8.65447e-72
1475 400 1.60921e-75
1500 400 2.09582e-79
1525 400 1.93108e-83
1550 400 1.27062e-87
1575 400 6.02288e-92
1600 400 2.07362e-96
1625 400 5.22536e-101
1650 400 9.70673e-106
1675 400 1.33815e-110
1700 400 1.3776e-115
1725 400 1.06529e-120
1750 400 6.2217e-126
1775 400 2.75848e-131
1800 400 9.32877e-137
1825 400 2.41725e-142
1850 400 4.81928e-148
1875 400 7.42192e-154
1900 400 8.86192e-160
1925 400 8.23229e-166
1950 400 5.96909e-172
1975 400 3.38857e-178
2000 400 1.5104e-184
2025 400 5.30038e-191
2050 400 1.46813e-197
2075 400 3.21737e-204
2100 400 5.59103e-211
2125 400 7.72062e-218
2150 400 8.48755e-225
2175 400 7.42625e-232
2200 400 5.09279e-239
2225 400 2.54677e-246
2250 400 7.82293e-254
2275 400 1.15494e-261
2300 400 6.24761e-270
2325 400 9.06531e-279
2350 400 2.25877e-288
2375 400 4.11079e-299
2400 400 2.56129e-312
2425 400 0
2450 400 0
2475 400 0
2500 400 0
2525 400 0
2550 400 0
2575 400 0
2600 400 0
2625 400 0
2650 400 0
2675 400 0
2700 400 0
2725 400 0
2750 400 0
2775 400 0
2800 400 0
2825 400 0
2850 400 0
2875 400 0
2900 400 0
2925 400 0
2950 400 0
2975 400 0
0 425 0
25 425 5.23479e-173
50 425 8.23479e-167
75 425 1.01459e-160
100 425 9.76054e-155
125 425 7.30769e-149
150 425 4.24319e-143
175 425 1.90368e-137
200 425 6.573e-132
225 425 1.73925e-126
250 425 3.51099e-121
275 425 5.3811e-116
300 425 6.22947e-111
325 425 5.41726e-106
350 425 3.51804e-101
375 425 1.69544e-96
400 425 6.02288e-92
425 425 1.5658e-87
450 425 2.95623e-83
475 425 4.02007e-79
500 425 3.90307e-75
525 425 2.6803e-71
550 425 1.28893e-67
575 425 4.29479e-64
600 425 9.80515e-61
625 425 1.51581e-57
650 425 1.56737e-54
675 425 1.07029e-51
700 425 4.7643e-49
725 425 1.36458e-46
750 425 2.48285e-44
775 425 2.83509e-42
800 425 2.00915e-40
825 425 8.75159e-39
850 425 2.32481e-37
875 425 3.74469e-36
900 425 3.6441e-35
925 425 2.13862e-34
950 425 7.56606e-34
975 425 1.6142e-33
1000 425 2.07788e-33
1025 425 1.6142e-33
1050 425 7.56606e-34
1075 425 2.13862e-34
1100 425 3.6441e-35
1125 425 3.74469e-36
1150 425 2.32481e-37
1175 425 8.75159e-39
1200 425 2.00915e-40
1225 425 2.83509e-42
1250 425 2.48285e-44
1275 425 1.36458e-46
1300 425 4.7643e-49
1325 425 1.07029e-51
1350 425 1.56737e-54
1375 425 1.51581e-57
1400 425 9.80515e-61
1425 425 4.29479e-64
1450 425 1.28893e-67
1475 425 2.6803e-71
1500 425 3.90307e-75
1525 425 4.02007e-79
1550 425 2.95623e-83
1575 425 1.5658e-87
1600 425 6.02288e-92
1625 425 1.69544e-96
1650 425 3.51804e-101
1675 425 5.41726e-106
1700 425 6.22947e-111
1725 425 5.3811e-116
1750 425 3.51099e-121
1775 425 1.73925e-126
1800 425 6.573e-132
1825 425 1.90368e-137
1850 425 4.24319e-143
1875 425 7.30769e-149
1900 425 9.76054e-155
1925 425 1.01459e-160
1950 425 8.23479e-167
1975 425 5.23479e-173
2000 425 2.61388e-179
2025 425 1.028e-185
2050 425 3.19253e-192
2075 425 7.84788e-199
2100 425 1.53049e-205
2125 425 2.37298e-212
2150 425 2.93096e-219
2175 425 2.88889e-226
2200 425 2.2713e-233
2225 425 1.40219e-240
2250 425 6.31948e-248
2275 425 1.75094e-255
2300 425 2.33495e-263
2325 425 1.14328e-271
2350 425 1.50529e-280
2375 425 3.4122e-290
2400 425 5.66415e-301
2425 425 3.22707e-314
2450 425 0
2475 425 0
2500 425 0
2525 425 0
2550 425 0
2575 425 0
2600 425 0
2625 425 0
2650 425 0
2675 425 0
2700 425 0
2725 425 0
2750 425 0
2775 425 0
2800 425 0
2825 425 0
2850 425 0
2875 425 0
2900 425 0
2925 425 0
2950 425 0
2975 425 0
0 450 0
25 450 5.84586e-168
50 450 8.21691e-162
75 450 9.04912e-156
100 450 7.78381e-150
125 450 5.21231e-144
150 450 2.70764e-138
175 450 1.08704e-132
200 450 3.35932e-127
225 450 7.95719e-122
250 450 1.43811e-116
275 450 1.97348e-111
300 450 2.04564e-106
325 450 1.59284e-101
350 450 9.26158e-97
375 450 3.99589e-92
400 450 1.27062e-87
425 450 2.95623e-83
450 450 4.99369e-79
475 450 6.07394e-75
500 450 5.27292e-71
525 450 3.23653e-67
550 450 1.39064e-63
575 450 4.13866e-60
600 450 8.4366e-57
625 450 1.16429e-53
650 450 1.07465e-50
675 450 6.55186e-48
700 450 2.60544e-45
725 450 6.67397e-43
750 450 1.08803e-40
775 450 1.11631e-38
800 450 7.13696e-37
825 450 2.82019e-35
850 450 6.84599e-34
875 450 1.01702e-32
900 450 9.2308e-32
925 450 5.11945e-31
950 450 1.73716e-30
975 450 3.61254e-30
1000 450 4.61032e-30
1025 450 3.61254e-30
1050 450 1.73716e-30
1075 450 5.11945e-31
1100 450 9.2308e-32
1125 450 1.01702e-32
1150 450 6.84599e-34
1175 450 2.82019e-35
1200 450 7.13696e-37
1225 450 1.11631e-38
1250 450 1.08803e-40
1275 450 6.67397e-43
1300 450 2.60544e-45
1325 450 6.55186e-48
1350 450 1.07465e-50
1375 450 1.16429e-53
1400 450 8.4366e-57
1425 450 4.13866e-60
1450 450 1.39064e-63
1475 450 3.23653e-67
1500 450 5.27292e-71
1525 450 6.07394e-75
1550 450 4.99369e-79
1575 450 2.95623e-83
1600 450 1.27062e-87
1625 450 3.99589e-92
1650 450 9.26158e-97
1675 450 1.59284e-101
1700 450 2.04564e-106
1725 450 1.97348e-111
1750 450 1.43811e-116
1775 450 7.95719e-122
1800 450 3.35932e-127
1825 450 1.08704e-132
1850 450 2.70764e-138
1875 450 5.21231e-144
1900 450 7.78381e-150
1925 450 9.04912e-156
1950 450 8.21691e-162
1975 450 5.84586e-168
2000 450 3.26808e-174
