0 0 0
25 0 0
50 0 0
75 0 0
100 0 0
125 0 0
150 0 0
175 0 0
200 0 0
225 0 0
250 0 0
275 0 0
300 0 0
325 0 0
350 0 0
375 0 0
400 0 0
425 0 0
450 0 0
475 0 0
500 0 0
525 0 0
550 0 0
575 0 0
600 0 0
625 0 0
650 0 0
675 0 0
700 0 0
725 0 0
750 0 0
775 0 0
800 0 0
825 0 0
850 0 0
875 0 0
900 0 0
925 0 0
950 0 0
975 0 0
1000 0 0
1025 0 0
1050 0 0
1075 0 0
1100 0 0
1125 0 0
1150 0 0
1175 0 0
1200 0 0
1225 0 0
1250 0 0
1275 0 0
1300 0 0
1325 0 0
1350 0 0
1375 0 0
1400 0 0
1425 0 0
1450 0 0
1475 0 0
1500 0 0
1525 0 0
1550 0 0
1575 0 0
1600 0 0
1625 0 0
1650 0 0
1675 0 0
1700 0 0
1725 0 0
1750 0 0
1775 0 0
1800 0 0
1825 0 0
1850 0 0
1875 0 0
1900 0 0
1925 0 0
1950 0 0
1975 0 0
2000 0 0
2025 0 0
2050 0 0
2075 0 0
2100 0 0
2125 0 0
2150 0 0
2175 0 0
2200 0 0
2225 0 0
2250 0 0
2275 0 0
2300 0 0
2325 0 0
2350 0 0
2375 0 0
2400 0 0
2425 0 0
2450 0 0
2475 0 0
2500 0 0
2525 0 0
2550 0 0
2575 0 0
2600 0 0
2625 0 0
2650 0 0
2675 0 0
2700 0 0
2725 0 0
2750 0 0
2775 0 0
2800 0 0
2825 0 0
2850 0 0
2875 0 0
2900 0 0
2925 0 0
2950 0 0
2975 0 0
0 25 0
25 25 5.84089e-130
50 25 4.10903e-125
75 25 2.25133e-120
100 25 9.57597e-116
125 25 3.15142e-111
150 25 7.99625e-107
175 25 1.5586e-102
200 25 2.32487e-98
225 25 2.64346e-94
250 25 2.28187e-90
275 25 1.48916e-86
300 25 7.31592e-83
325 25 2.69395e-79
350 25 7.4029e-76
375 25 1.5115e-72
400 25 2.28315e-69
425 25 2.54073e-66
450 25 2.07465e-63
475 25 1.23845e-60
500 25 5.38661e-58
525 25 1.70226e-55
550 25 3.89989e-53
575 25 6.46773e-51
600 25 7.75985e-49
625 25 6.73747e-47
650 25 4.239e-45
675 25 1.93724e-43
700 25 6.45259e-42
725 25 1.57325e-40
750 25 2.82238e-39
775 25 3.7471e-38
800 25 3.7045e-37
825 25 2.74465e-36
850 25 1.53356e-35
875 25 6.5009e-35
900 25 2.10218e-34
925 25 5.21004e-34
950 25 9.93472e-34
975 25 1.46165e-33
1000 25 1.66209e-33
1025 25 1.46165e-33
1050 25 9.93472e-34
1075 25 5.21004e-34
1100 25 2.10218e-34
1125 25 6.5009e-35
1150 25 1.53356e-35
1175 25 2.74465e-36
1200 25 3.7045e-37
1225 25 3.7471e-38
1250 25 2.82238e-39
1275 25 1.57325e-40
1300 25 6.45259e-42
1325 25 1.93724e-43
1350 25 4.239e-45
1375 25 6.73747e-47
1400 25 7.75985e-49
1425 25 6.46773e-51
1450 25 3.89989e-53
1475 25 1.70226e-55
1500 25 5.38661e-58
1525 25 1.23845e-60
1550 25 2.07465e-63
1575 25 2.54073e-66
1600 25 2.28315e-69
1625 25 1.5115e-72
1650 25 7.4029e-76
1675 25 2.69395e-79
1700 25 7.31592e-83
1725 25 1.48916e-86
1750 25 2.28187e-90
1775 25 2.64346e-94
1800 25 2.32487e-98
1825 25 1.5586e-102
1850 25 7.99625e-107
1875 25 3.15142e-111
1900 25 9.57597e-116
1925 25 2.25133e-120
1950 25 4.10903e-125
1975 25 5.84089e-130
2000 25 6.48629e-135
2025 25 5.64372e-140
2050 25 3.85835e-145
2075 25 2.07808e-150
2100 25 8.83991e-156
2125 25 2.97718e-161
2150 25 7.95666e-167
2175 25 1.69109e-172
2200 25 2.86426e-178
2225 25 3.87363e-184
2250 25 4.19072e-190
2275 25 3.6332e-196
2300 25 2.5284e-202
2325 25 1.41463e-208
2350 25 6.37277e-215
2375 25 2.31482e-221
2400 25 6.78874e-228
2425 25 1.60949e-234
2450 25 3.08796e-241
2475 25 4.79368e-248
2500 25 5.98053e-255
2525 25 5.82106e-262
2550 25 4.10156e-269
2575 25 1.85216e-276
2600 25 4.63951e-284
2625 25 5.55747e-292
2650 25 2.72159e-300
2675 25 4.51826e-309
2700 25 1.96371e-318
2725 25 6.42285e-323
2750 25 0
2775 25 0
2800 25 0
2825 25 0
2850 25 0
2875 25 0
2900 25 0
2925 25 0
2950 25 0
2975 25 0
0 50 0
25 50 4.10903e-125
50 50 2.55878e-120
75 50 1.24065e-115
100 50 4.66838e-111
125 50 1.35865e-106
150 50 3.04735e-102
175 50 5.24817e-98
200 50 6.91344e-94
225 50 6.93836e-90
250 50 5.28344e-86
275 50 3.03984e-82
300 50 1.31582e-78
325 50 4.26645e-75
350 50 1.03174e-71
375 50 1.85277e-68
400 50 2.46024e-65
425 50 2.40578e-62
450 50 1.72577e-59
475 50 9.04947e-57
500 50 3.45814e-54
525 50 9.60607e-52
550 50 1.93616e-49
575 50 2.82871e-47
600 50 2.99539e-45
625 50 2.30115e-43
650 50 1.28512e-41
675 50 5.23365e-40
700 50 1.56078e-38
725 50 3.42602e-37
750 50 5.56836e-36
775 50 6.7452e-35
800 50 6.13184e-34
825 50 4.21272e-33
850 50 2.20236e-32
875 50 8.81814e-32
900 50 2.72e-31
925 50 6.49615e-31
950 50 1.20617e-30
975 50 1.74634e-30
1000 50 1.97521e-30
1025 50 1.74634e-30
1050 50 1.20617e-30
1075 50 6.49615e-31
1100 50 2.72e-31
1125 50 8.81814e-32
1150 50 2.20236e-32
1175 50 4.21272e-33
1200 50 6.13184e-34
1225 50 6.7452e-35
1250 50 5.56836e-36
1275 50 3.42602e-37
1300 50 1.56078e-38
1325 50 5.23365e-40
1350 50 1.28512e-41
1375 50 2.30115e-43
1400 50 2.99539e-45
1425 50 2.82871e-47
1450 50 1.93616e-49
1475 50 9.60607e-52
1500 50 3.45814e-54
1525 50 9.04947e-57
1550 50 1.72577e-59
1575 50 2.40578e-62
1600 50 2.46024e-65
1625 50 1.85277e-68
1650 50 1.03174e-71
1675 50 4.26645e-75
1700 50 1.31582e-78
1725 50 3.03984e-82
1750 50 5.28344e-86
1775 50 6.93836e-90
1800 50 6.91344e-94
1825 50 5.24817e-98
1850 50 3.04735e-102
1875 50 1.35865e-106
1900 50 4.66838e-111
1925 50 1.24065e-115
1950 50 2.55878e-120
1975 50 4.10903e-125
2000 50 5.15372e-130
2025 50 5.06377e-135
2050 50 3.90868e-140
2075 50 2.37665e-145
2100 50 1.1413e-150
2125 50 4.33905e-156
2150 50 1.30906e-161
2175 50 3.14094e-167
2200 50 6.00623e-173
2225 50 9.17176e-179
2250 50 1.12055e-184
2275 50 1.09728e-190
2300 50 8.62663e-197
2325 50 5.45388e-203
2350 50 2.77695e-209
2375 50 1.14039e-215
2400 50 3.78225e-222
2425 50 1.01442e-228
2450 50 2.2028e-235
2475 50 3.87667e-242
2500 50 5.52806e-249
2525 50 6.34342e-256
2550 50 5.68512e-263
2575 50 3.69175e-270
2600 50 1.53778e-277
2625 50 3.55695e-285
2650 50 3.93917e-293
2675 50 1.78586e-301
2700 50 2.74844e-310
2725 50 1.11273e-319
2750 50 0
2775 50 0
2800 50 0
2825 50 0
2850 50 0
2875 50 0
2900 50 0
2925 50 0
2950 50 0
2975 50 0
0 75 0
25 75 2.25133e-120
50 75 1.24065e-115
75 75 5.32144e-111
100 75 1.77069e-106
125 75 4.55493e-102
150 75 9.02576e-98
175 75 1.37252e-93
200 75 1.5955e-89
225 75 1.41212e-85
250 75 9.47658e-82
275 75 4.80171e-78
300 75 1.82909e-74
325 75 5.21526e-71
350 75 1.10823e-67
375 75 1.74756e-64
400 75 2.03637e-61
425 75 1.74649e-58
450 75 1.09837e-55
475 75 5.04841e-53
500 75 1.69105e-50
525 75 4.11913e-48
550 75 7.28586e-46
575 75 9.35311e-44
600 75 8.71853e-42
625 75 5.91067e-40
650 75 2.92233e-38
675 75 1.05783e-36
700 75 2.81753e-35
725 75 5.55491e-34
750 75 8.16161e-33
775 75 9.00214e-32
800 75 7.51103e-31
825 75 4.77712e-30
850 75 2.33332e-29
875 75 8.81344e-29
900 75 2.59057e-28
925 75 5.95734e-28
950 75 1.07646e-27
975 75 1.53321e-27
1000 75 1.72469e-27
1025 75 1.53321e-27
1050 75 1.07646e-27
1075 75 5.95734e-28
1100 75 2.59057e-28
1125 75 8.81344e-29
1150 75 2.33332e-29
1175 75 4.77712e-30
1200 75 7.51103e-31
1225 75 9.00214e-32
1250 75 8.16161e-33
1275 75 5.55491e-34
1300 75 2.81753e-35
1325 75 1.05783e-36
1350 75 2.92233e-38
1375 75 5.91067e-40
1400 75 8.71853e-42
1425 75 9.35311e-44
1450 75 7.28586e-46
1475 75 4.11913e-48
1500 75 1.69105e-50
1525 75 5.04841e-53
1550 75 1.09837e-55
1575 75 1.74649e-58
1600 75 2.03637e-61
1625 75 1.74756e-64
1650 75 1.10823e-67
1675 75 5.21526e-71
1700 75 1.82909e-74
1725 75 4.80171e-78
1750 75 9.47658e-82
1775 75 1.41212e-85
1800 75 1.5955e-89
1825 75 1.37252e-93
1850 75 9.02576e-98
1875 75 4.55493e-102
1900 75 1.77069e-106
1925 75 5.32144e-111
1950 75 1.24065e-115
1975 75 2.25133e-120
2000 75 3.18992e-125
2025 75 3.53983e-130
2050 75 3.08534e-135
2075 75 2.11805e-140
2100 75 1.1482e-145
2125 75 4.92754e-151
2150 75 1.67804e-156
2175 75 4.54475e-162
2200 75 9.81025e-168
2225 75 1.69119e-173
2250 75 2.33282e-179
2275 75 2.57952e-185
2300 75 2.2904e-191
2325 75 1.63572e-197
2350 75 9.41032e-204
2375 75 4.36748e-210
2400 75 1.63753e-216
2425 75 4.96647e-223
2450 75 1.21995e-229
2475 75 2.42979e-236
2500 75 3.92778e-243
2525 75 5.15169e-250
2550 75 5.44416e-257
2575 75 4.49803e-264
2600 75 2.69493e-271
2625 75 1.03657e-278
2650 75 2.21622e-286
2675 75 2.27137e-294
2700 75 9.54223e-303
2725 75 1.3627e-311
2750 75 5.44954e-321
2775 75 0
2800 75 0
2825 75 0
2850 75 0
2875 75 0
2900 75 0
2925 75 0
2950 75 0
2975 75 0
0 100 0
25 100 9.57597e-116
50 100 4.66838e-111
75 100 1.77069e-106
100 100 5.20766e-102
125 100 1.18343e-97
150 100 2.07038e-93
175 100 2.77786e-89
200 100 2.84716e-85
225 100 2.22017e-81
250 100 1.31165e-77
275 100 5.84588e-74
300 100 1.95704e-70
325 100 4.8997e-67
350 100 9.13418e-64
375 100 1.26253e-60
400 100 1.28852e-57
425 100 9.67203e-55
450 100 5.32073e-52
475 100 2.1384e-49
500 100 6.26262e-47
525 100 1.33405e-44
550 100 2.0649e-42
575 100 2.32238e-40
600 100 1.89999e-38
625 100 1.13329e-36
650 100 4.94574e-35
675 100 1.58661e-33
700 100 3.76356e-32
725 100 6.6464e-31
750 100 8.80508e-30
775 100 8.82208e-29
800 100 6.74119e-28
825 100 3.96142e-27
850 100 1.80466e-26
875 100 6.42112e-26
900 100 1.79634e-25
925 100 3.97379e-25
950 100 6.98302e-25
975 100 9.7804e-25
1000 100 1.09403e-24
1025 100 9.7804e-25
1050 100 6.98302e-25
1075 100 3.97379e-25
1100 100 1.79634e-25
1125 100 6.42112e-26
1150 100 1.80466e-26
1175 100 3.96142e-27
1200 100 6.74119e-28
1225 100 8.82208e-29
1250 100 8.80508e-30
1275 100 6.6464e-31
1300 100 3.76356e-32
1325 100 1.58661e-33
1350 100 4.94574e-35
1375 100 1.13329e-36
1400 100 1.89999e-38
1425 100 2.32238e-40
1450 100 2.0649e-42
1475 100 1.33405e-44
1500 100 6.26262e-47
1525 100 2.1384e-49
1550 100 5.32073e-52
1575 100 9.67203e-55
1600 100 1.28852e-57
1625 100 1.26253e-60
1650 100 9.13418e-64
1675 100 4.8997e-67
1700 100 1.95704e-70
1725 100 5.84588e-74
1750 100 1.31165e-77
1775 100 2.22017e-81
1800 100 2.84716e-85
1825 100 2.77786e-89
1850 100 2.07038e-93
1875 100 1.18343e-97
1900 100 5.20766e-102
1925 100 1.77069e-106
1950 100 4.66838e-111
1975 100 9.57597e-116
2000 100 1.53317e-120
2025 100 1.92189e-125
2050 100 1.89178e-130
2075 100 1.46634e-135
2100 100 8.97381e-141
2125 100 4.34711e-146
2150 100 1.6709e-151
2175 100 5.10766e-157
2200 100 1.2444e-162
2225 100 2.42135e-168
2250 100 3.77021e-174
2275 100 4.70642e-180
2300 100 4.71838e-186
2325 100 3.80537e-192
2350 100 2.47277e-198
2375 100 1.29659e-204
2400 100 5.49368e-211
2425 100 1.88341e-217
2450 100 5.23107e-224
2475 100 1.17847e-230
2500 100 2.15578e-237
2525 100 3.20513e-244
2550 100 3.87158e-251
2575 100 3.77249e-258
2600 100 2.87671e-265
2625 100 1.59191e-272
2650 100 5.6598e-280
2675 100 1.11959e-287
2700 100 1.0629e-295
2725 100 4.14171e-304
2750 100 5.49349e-313
2775 100 4.39718e-322
2800 100 0
2825 100 0
2850 100 0
2875 100 0
2900 100 0
2925 100 0
2950 100 0
2975 100 0
0 125 0
25 125 3.15142e-111
50 125 1.35865e-106
75 125 4.55493e-102
100 125 1.18343e-97
125 125 2.37429e-93
150 125 3.66467e-89
175 125 4.33475e-85
200 125 3.91366e-81
225 125 2.68594e-77
250 125 1.39529e-73
275 125 5.46271e-70
300 125 1.60483e-66
325 125 3.52221e-63
350 125 5.75012e-60
375 125 6.95284e-57
400 125 6.20151e-54
425 125 4.06466e-51
450 125 1.95097e-48
475 125 6.83756e-46
500 125 1.74575e-43
525 125 3.2422e-41
550 125 4.37761e-39
575 125 4.29933e-37
600 125 3.07668e-35
625 125 1.60911e-33
650 125 6.17717e-32
675 125 1.75032e-30
700 125 3.68552e-29
725 125 5.81162e-28
750 125 6.92146e-27
775 125 6.28196e-26
800 125 4.38493e-25
825 125 2.37532e-24
850 125 1.00721e-23
875 125 3.36991e-23
900 125 8.95975e-23
925 125 1.90447e-22
950 125 3.25199e-22
975 125 4.47667e-22
1000 125 4.97873e-22
1025 125 4.47667e-22
1050 125 3.25199e-22
1075 125 1.90447e-22
1100 125 8.95975e-23
1125 125 3.36991e-23
1150 125 1.00721e-23
1175 125 2.37532e-24
1200 125 4.38493e-25
1225 125 6.28196e-26
1250 125 6.92146e-27
1275 125 5.81162e-28
1300 125 3.68552e-29
1325 125 1.75032e-30
1350 125 6.17717e-32
1375 125 1.60911e-33
1400 125 3.07668e-35
1425 125 4.29933e-37
1450 125 4.37761e-39
1475 125 3.2422e-41
1500 125 1.74575e-43
1525 125 6.83756e-46
1550 125 1.95097e-48
1575 125 4.06466e-51
1600 125 6.20151e-54
1625 125 6.95284e-57
1650 125 5.75012e-60
1675 125 3.52221e-63
1700 125 1.60483e-66
1725 125 5.46271e-70
1750 125 1.39529e-73
1775 125 2.68594e-77
1800 125 3.91366e-81
1825 125 4.33475e-85
1850 125 3.66467e-89
1875 125 2.37429e-93
1900 125 1.18343e-97
1925 125 4.55493e-102
1950 125 1.35865e-106
1975 125 3.15142e-111
2000 125 5.7031e-116
2025 125 8.07757e-121
2050 125 8.98086e-126
2075 125 7.86068e-131
2100 125 5.43111e-136
2125 125 2.96978e-141
2150 125 1.28836e-146
2175 125 4.44463e-152
2200 125 1.22204e-157
2225 125 2.68349e-163
2250 125 4.71566e-169
2275 125 6.6441e-175
2300 125 7.51894e-181
2325 125 6.84606e-187
2350 125 5.02326e-193
2375 125 2.97474e-199
2400 125 1.42382e-205
2425 125 5.5156e-212
2450 125 1.73148e-218
2475 125 4.41016e-225
2500 125 9.12427e-232
2525 125 1.535e-238
2550 125 2.10166e-245
2575 125 2.34086e-252
2600 125 2.10564e-259
2625 125 1.48357e-266
2650 125 7.59063e-274
2675 125 2.49691e-281
2700 125 4.5741e-289
2725 125 4.02611e-297
2750 125 1.45642e-305
2775 125 1.7958e-314
2800 125 1.28457e-322
2825 125 0
2850 125 0
2875 125 0
2900 125 0
2925 125 0
2950 125 0
2975 125 0
0 150 0
25 150 7.99625e-107
50 150 3.04735e-102
75 150 9.02576e-98
100 150 2.07038e-93
125 150 3.66467e-89
150 150 4.9864e-85
175 150 5.1951e-81
200 150 4.12747e-77
225 150 2.49019e-73
250 150 1.13598e-69
275 150 3.90115e-66
300 150 1.0041e-62
325 150 1.92841e-59
350 150 2.75143e-56
375 150 2.90408e-53
400 150 2.25835e-50
425 150 1.2891e-47
450 150 5.38349e-45
475 150 1.64033e-42
500 150 3.63932e-40
525 150 5.8727e-38
550 150 6.892e-36
575 150 5.88867e-34
600 150 3.67195e-32
625 150 1.67736e-30
650 150 5.64217e-29
675 150 1.40664e-27
700 150 2.61924e-26
725 150 3.67451e-25
750 150 3.92054e-24
775 150 3.21284e-23
800 150 2.04246e-22
825 150 1.01713e-21
850 150 4.00477e-21
875 150 1.25734e-20
900 150 3.17158e-20
925 150 6.46878e-20
950 150 1.07228e-19
975 150 1.44992e-19
1000 150 1.60293e-19
1025 150 1.44992e-19
1050 150 1.07228e-19
1075 150 6.46878e-20
1100 150 3.17158e-20
1125 150 1.25734e-20
1150 150 4.00477e-21
1175 150 1.01713e-21
1200 150 2.04246e-22
1225 150 3.21284e-23
1250 150 3.92054e-24
1275 150 3.67451e-25
1300 150 2.61924e-26
1325 150 1.40664e-27
1350 150 5.64217e-29
1375 150 1.67736e-30
1400 150 3.67195e-32
1425 150 5.88867e-34
1450 150 6.892e-36
1475 150 5.8727e-38
1500 150 3.63932e-40
1525 150 1.64033e-42
1550 150 5.38349e-45
1575 150 1.2891e-47
1600 150 2.25835e-50
1625 150 2.90408e-53
1650 150 2.75143e-56
1675 150 1.92841e-59
1700 150 1.0041e-62
1725 150 3.90115e-66
1750 150 1.13598e-69
1775 150 2.49019e-73
1800 150 4.12747e-77
1825 150 5.1951e-81
1850 150 4.9864e-85
1875 150 3.66467e-89
1900 150 2.07038e-93
1925 150 9.02576e-98
1950 150 3.04735e-102
1975 150 7.99625e-107
2000 150 1.63619e-111
2025 150 2.61909e-116
2050 150 3.28979e-121
2075 150 3.25199e-126
2100 150 2.53687e-131
2125 150 1.56588e-136
2150 150 7.66695e-142
2175 150 2.98485e-147
2200 150 9.26059e-153
2225 150 2.29459e-158
2250 150 4.54991e-164
2275 150 7.23387e-170
2300 150 9.23849e-176
2325 150 9.49391e-182
2350 150 7.86346e-188
2375 150 5.2575e-194
2400 150 2.84169e-200
2425 150 1.24339e-206
2450 150 4.40999e-213
2475 150 1.26941e-219
2500 150 2.96899e-226
2525 150 5.64846e-233
2550 150 8.75003e-240
2575 150 1.10459e-246
2600 150 1.13578e-253
2625 150 9.44193e-261
2650 150 6.15323e-268
2675 150 2.9137e-275
2700 150 8.87587e-283
2725 150 1.50708e-290
2750 150 1.23093e-298
2775 150 4.13726e-307
2800 150 4.74637e-316
2825 150 0
2850 150 0
2875 150 0
2900 150 0
2925 150 0
2950 150 0
2975 150 0
0 175 0
25 175 1.5586e-102
50 175 5.24817e-98
75 175 1.37252e-93
100 175 2.77786e-89
125 175 4.33475e-85
150 175 5.1951e-81
175 175 4.76267e-77
200 175 3.32602e-73
225 175 1.76181e-69
250 175 7.0477e-66
275 175 2.11961e-62
300 175 4.77124e-59
325 175 8.00257e-56
350 175 9.95718e-53
375 175 9.15171e-50
400 175 6.18849e-47
425 175 3.06758e-44
450 175 1.11112e-41
475 175 2.93345e-39
500 175 5.63512e-37
525 175 7.8706e-35
550 175 7.99586e-33
575 175 5.9185e-31
600 175 3.20184e-29
625 175 1.27181e-27
650 175 3.73178e-26
675 175 8.14943e-25
700 175 1.33608e-23
725 175 1.66052e-22
750 175 1.58079e-21
775 175 1.16522e-20
800 175 6.72251e-20
825 175 3.06772e-19
850 175 1.11834e-18
875 175 3.28659e-18
900 175 7.84894e-18
925 175 1.5336e-17
950 175 2.46485e-17
975 175 3.27152e-17
1000 175 3.59435e-17
1025 175 3.27152e-17
1050 175 2.46485e-17
1075 175 1.5336e-17
1100 175 7.84894e-18
1125 175 3.28659e-18
1150 175 1.11834e-18
1175 175 3.06772e-19
1200 175 6.72251e-20
1225 175 1.16522e-20
1250 175 1.58079e-21
1275 175 1.66052e-22
1300 175 1.33608e-23
1325 175 8.14943e-25
1350 175 3.73178e-26
1375 175 1.27181e-27
1400 175 3.20184e-29
1425 175 5.9185e-31
1450 175 7.99586e-33
1475 175 7.8706e-35
1500 175 5.63512e-37
1525 175 2.93345e-39
1550 175 1.11112e-41
1575 175 3.06758e-44
1600 175 6.18849e-47
1625 175 9.15171e-50
1650 175 9.95718e-53
1675 175 8.00257e-56
1700 175 4.77124e-59
1725 175 2.11961e-62
1750 175 7.0477e-66
1775 175 1.76181e-69
1800 175 3.32602e-73
1825 175 4.76267e-77
1850 175 5.1951e-81
1875 175 4.33475e-85
1900 175 2.77786e-89
1925 175 1.37252e-93
1950 175 5.24817e-98
1975 175 1.5586e-102
2000 175 3.60732e-107
2025 175 6.528e-112
2050 175 9.26568e-117
2075 175 1.03459e-121
2100 175 9.11344e-127
2125 175 6.35025e-132
2150 175 3.50918e-137
2175 175 1.54164e-142
2200 175 5.39666e-148
2225 175 1.50864e-153
2250 175 3.37491e-159
2275 175 6.05362e-165
2300 175 8.7227e-171
2325 175 1.01143e-176
2350 175 9.45366e-183
2375 175 7.13386e-189
2400 175 4.35272e-195
2425 175 2.15041e-201
2450 175 8.61362e-208
2475 175 2.80091e-214
2500 175 7.4025e-221
2525 175 1.59187e-227
2550 175 2.78833e-234
2575 175 3.98213e-241
2600 175 4.64037e-248
2625 175 4.40978e-255
2650 175 3.39166e-262
2675 175 2.04651e-269
2700 175 8.977e-277
2725 175 2.53463e-284
2750 175 3.99225e-292
2775 175 3.02818e-300
2800 175 9.46444e-309
2825 175 1.01108e-317
2850 175 0
2875 175 0
2900 175 0
2925 175 0
2950 175 0
2975 175 0
0 200 0
25 200 2.32487e-98
50 200 6.91344e-94
75 200 1.5955e-89
100 200 2.84716e-85
125 200 3.91366e-81
150 200 4.12747e-77
175 200 3.32602e-73
200 200 2.03919e-69
225 200 9.47062e-66
250 200 3.31699e-62
275 200 8.72132e-59
300 200 1.71358e-55
325 200 2.50461e-52
350 200 2.71113e-49
375 200 2.16411e-46
400 200 1.2688e-43
425 200 5.44414e-41
450 200 1.70439e-38
475 200 3.88417e-36
500 200 6.43422e-34
525 200 7.74477e-32
550 200 6.78e-30
575 200 4.32684e-28
600 200 2.02074e-26
625 200 6.94418e-25
650 200 1.76831e-23
675 200 3.36521e-22
700 200 4.83312e-21
725 200 5.29517e-20
750 200 4.47649e-19
775 200 2.95465e-18
800 200 1.54053e-17
825 200 6.41733e-17
850 200 2.15863e-16
875 200 5.9204e-16
900 200 1.33529e-15
925 200 2.49443e-15
950 200 3.88168e-15
975 200 5.05268e-15
1000 200 5.51528e-15
1025 200 5.05268e-15
1050 200 3.88168e-15
1075 200 2.49443e-15
1100 200 1.33529e-15
1125 200 5.9204e-16
1150 200 2.15863e-16
1175 200 6.41733e-17
1200 200 1.54053e-17
1225 200 2.95465e-18
1250 200 4.47649e-19
1275 200 5.29517e-20
1300 200 4.83312e-21
1325 200 3.36521e-22
1350 200 1.76831e-23
1375 200 6.94418e-25
1400 200 2.02074e-26
1425 200 4.32684e-28
1450 200 6.78e-30
1475 200 7.74477e-32
1500 200 6.43422e-34
1525 200 3.88417e-36
1550 200 1.70439e-38
1575 200 5.44414e-41
1600 200 1.2688e-43
1625 200 2.16411e-46
1650 200 2.71113e-49
1675 200 2.50461e-52
1700 200 1.71358e-55
1725 200 8.72132e-59
1750 200 3.31699e-62
1775 200 9.47062e-66
1800 200 2.03919e-69
1825 200 3.32602e-73
1850 200 4.12747e-77
1875 200 3.91366e-81
1900 200 2.84716e-85
1925 200 1.5955e-89
1950 200 6.91344e-94
1975 200 2.32487e-98
2000 200 6.08881e-103
2025 200 1.24609e-107
2050 200 1.99911e-112
2075 200 2.52185e-117
2100 200 2.50872e-122
2125 200 1.9735e-127
2150 200 1.23086e-132
2175 200 6.10166e-138
2200 200 2.4098e-143
2225 200 7.59939e-149
2250 200 1.91763e-154
2275 200 3.87985e-160
2300 200 6.306e-166
2325 200 8.24833e-172
2350 200 8.69748e-178
2375 200 7.40521e-184
2400 200 5.09871e-190
2425 200 2.84308e-196
2450 200 1.28563e-202
2475 200 4.72058e-209
2500 200 1.40915e-215
2525 200 3.42372e-222
2550 200 6.77773e-229
2575 200 1.09435e-235
2600 200 1.4425e-242
2625 200 1.55341e-249
2650 200 1.36582e-256
2675 200 9.72903e-264
2700 200 5.44065e-271
2725 200 2.21275e-278
2750 200 5.79543e-286
2775 200 8.47432e-294
2800 200 5.97403e-302
2825 200 1.73758e-310
2850 200 1.73126e-319
2875 200 0
2900 200 0
2925 200 0
2950 200 0
2975 200 0
0 225 0
25 225 2.64346e-94
50 225 6.93836e-90
75 225 1.41212e-85
100 225 2.22017e-81
125 225 2.68594e-77
150 225 2.49019e-73
175 225 1.76181e-69
200 225 9.47062e-66
225 225 3.85072e-62
250 225 1.17885e-58
275 225 2.70461e-55
300 225 4.62867e-52
325 225 5.88166e-49
350 225 5.52424e-46
375 225 3.81855e-43
400 225 1.93483e-40
425 225 7.16089e-38
450 225 1.93018e-35
475 225 3.78103e-33
500 225 5.3766e-31
525 225 5.55025e-29
550 225 4.16535e-27
575 225 2.27942e-25
600 225 9.13814e-24
625 225 2.70102e-22
650 225 5.93382e-21
675 225 9.7825e-20
700 225 1.22353e-18
725 225 1.17489e-17
750 225 8.77118e-17
775 225 5.15649e-16
800 225 2.41768e-15
825 225 9.15149e-15
850 225 2.82875e-14
875 225 7.2145e-14
900 225 1.53206e-13
925 225 2.72975e-13
950 225 4.10566e-13
975 225 5.23561e-13
1000 225 5.67588e-13
1025 225 5.23561e-13
1050 225 4.10566e-13
1075 225 2.72975e-13
1100 225 1.53206e-13
1125 225 7.2145e-14
1150 225 2.82875e-14
1175 225 9.15149e-15
1200 225 2.41768e-15
1225 225 5.15649e-16
1250 225 8.77118e-17
1275 225 1.17489e-17
1300 225 1.22353e-18
1325 225 9.7825e-20
1350 225 5.93382e-21
1375 225 2.70102e-22
1400 225 9.13814e-24
1425 225 2.27942e-25
1450 225 4.16535e-27
1475 225 5.55025e-29
1500 225 5.3766e-31
1525 225 3.78103e-33
1550 225 1.93018e-35
1575 225 7.16089e-38
1600 225 1.93483e-40
1625 225 3.81855e-43
1650 225 5.52424e-46
1675 225 5.88166e-49
1700 225 4.62867e-52
1725 225 2.70461e-55
1750 225 1.17885e-58
1775 225 3.85072e-62
1800 225 9.47062e-66
1825 225 1.76181e-69
1850 225 2.49019e-73
1875 225 2.68594e-77
1900 225 2.22017e-81
1925 225 1.41212e-85
1950 225 6.93836e-90
1975 225 2.64346e-94
2000 225 7.83757e-99
2025 225 1.81457e-103
2050 225 3.29135e-108
2075 225 4.69178e-113
2100 225 5.27173e-118
2125 225 4.68218e-123
2150 225 3.296e-128
2175 225 1.84364e-133
2200 225 8.21421e-139
2225 225 2.92181e-144
2250 225 8.31529e-150
2275 225 1.8973e-155
2300 225 3.47758e-161
2325 225 5.12979e-167
2350 225 6.10047e-173
2375 225 5.85847e-179
2400 225 4.55031e-185
2425 225 2.86269e-191
2450 225 1.46079e-197
2475 225 6.05417e-204
2500 225 2.04038e-210
2525 225 5.59839e-217
2550 225 1.25196e-223
2575 225 2.28425e-230
2600 225 3.40362e-237
2625 225 4.1455e-244
2650 225 4.12998e-251
2675 225 3.36319e-258
2700 225 2.22095e-265
2725 225 1.15213e-272
2750 225 4.34822e-280
2775 225 1.05723e-287
2800 225 1.43622e-295
2825 225 9.41654e-304
2850 225 2.55062e-312
2875 225 2.41104e-321
2900 225 0
2925 225 0
2950 225 0
2975 225 0
0 250 0
25 250 2.28187e-90
50 250 5.28344e-86
75 250 9.47658e-82
100 250 1.31165e-77
125 250 1.39529e-73
150 250 1.13598e-69
175 250 7.0477e-66
200 250 3.31699e-62
225 250 1.17885e-58
250 250 3.14874e-55
275 250 6.29085e-52
300 250 9.35608e-49
325 250 1.03094e-45
350 250 8.37759e-43
375 250 4.99867e-40
400 250 2.18118e-37
425 250 6.93589e-35
450 250 1.60272e-32
475 250 2.68605e-30
500 250 3.2621e-28
525 250 2.87218e-26
550 250 1.83707e-24
575 250 8.56727e-23
600 250 2.92927e-21
625 250 7.39742e-20
650 250 1.39247e-18
675 250 1.97496e-17
700 250 2.13636e-16
725 250 1.78584e-15
750 250 1.1696e-14
775 250 6.08577e-14
800 250 2.55064e-13
825 250 8.72488e-13
850 250 2.46591e-12
875 250 5.82275e-12
900 250 1.15995e-11
925 250 1.96542e-11
950 250 2.85099e-11
975 250 3.55711e-11
1000 250 3.82818e-11
1025 250 3.55711e-11
1050 250 2.85099e-11
1075 250 1.96542e-11
1100 250 1.15995e-11
1125 250 5.82275e-12
1150 250 2.46591e-12
1175 250 8.72488e-13
1200 250 2.55064e-13
1225 250 6.08577e-14
1250 250 1.1696e-14
1275 250 1.78584e-15
1300 250 2.13636e-16
1325 250 1.97496e-17
1350 250 1.39247e-18
1375 250 7.39742e-20
1400 250 2.92927e-21
1425 250 8.56727e-23
1450 250 1.83707e-24
1475 250 2.87218e-26
1500 250 3.2621e-28
1525 250 2.68605e-30
1550 250 1.60272e-32
1575 250 6.93589e-35
1600 250 2.18118e-37
1625 250 4.99867e-40
1650 250 8.37759e-43
1675 250 1.03094e-45
1700 250 9.35608e-49
1725 250 6.29085e-52
1750 250 3.14874e-55
1775 250 1.17885e-58
1800 250 3.31699e-62
1825 250 7.0477e-66
1850 250 1.13598e-69
1875 250 1.39529e-73
1900 250 1.31165e-77
1925 250 9.47658e-82
1950 250 5.28344e-86
1975 250 2.28187e-90
2000 250 7.66266e-95
2025 250 2.00777e-99
2050 250 4.11866e-104
2075 250 6.63585e-109
2100 250 8.42286e-114
2125 250 8.44702e-119
2150 250 6.71156e-124
2175 250 4.23597e-129
2200 250 2.12896e-134
2225 250 8.54062e-140
2250 250 2.74084e-145
2275 250 7.05126e-151
2300 250 1.45715e-156
2325 250 2.42338e-162
2350 250 3.2493e-168
2375 250 3.5184e-174
2400 250 3.08163e-180
2425 250 2.18652e-186
2450 250 1.25858e-192
2475 250 5.885e-199
2500 250 2.23821e-205
2525 250 6.9321e-212
2550 250 1.75035e-218
2575 250 3.60697e-225
2600 250 6.07223e-232
2625 250 8.35891e-239
2650 250 9.41718e-246
2675 250 8.68843e-253
2700 250 6.55956e-260
2725 250 4.01965e-267
2750 250 1.93605e-274
2775 250 6.78573e-282
2800 250 1.53274e-289
2825 250 1.93573e-297
2850 250 1.18118e-305
2875 250 2.98155e-314
2900 250 2.96439e-323
2925 250 0
2950 250 0
2975 250 0
0 275 0
25 275 1.48916e-86
50 275 3.03984e-82
75 275 4.80171e-78
100 275 5.84588e-74
125 275 5.46271e-70
150 275 3.90115e-66
175 275 2.11961e-62
200 275 8.72132e-59
225 275 2.70461e-55
250 275 6.29085e-52
275 275 1.09208e-48
300 275 1.40799e-45
325 275 1.3416e-42
350 275 9.4031e-40
375 275 4.82613e-37
400 275 1.8065e-34
425 275 4.91431e-32
450 275 9.68889e-30
475 275 1.38197e-27
500 275 1.42524e-25
525 275 1.06372e-23
550 275 5.76017e-22
575 275 2.27318e-20
600 275 6.5798e-19
625 275 1.40874e-17
650 275 2.25416e-16
675 275 2.72843e-15
700 275 2.53199e-14
725 275 1.82777e-13
750 275 1.04192e-12
775 275 4.76214e-12
800 275 1.77133e-11
825 275 5.43895e-11
850 275 1.39701e-10
875 275 3.03776e-10
900 275 5.65096e-10
925 275 9.07239e-10
950 275 1.26584e-09
975 275 1.54273e-09
1000 275 1.64732e-09
1025 275 1.54273e-09
1050 275 1.26584e-09
1075 275 9.07239e-10
1100 275 5.65096e-10
1125 275 3.03776e-10
1150 275 1.39701e-10
1175 275 5.43895e-11
1200 275 1.77133e-11
1225 275 4.76214e-12
1250 275 1.04192e-12
1275 275 1.82777e-13
1300 275 2.53199e-14
1325 275 2.72843e-15
1350 275 2.25416e-16
1375 275 1.40874e-17
1400 275 6.5798e-19
1425 275 2.27318e-20
1450 275 5.76017e-22
1475 275 1.06372e-23
1500 275 1.42524e-25
1525 275 1.38197e-27
1550 275 9.68889e-30
1575 275 4.91431e-32
1600 275 1.8065e-34
1625 275 4.82613e-37
1650 275 9.4031e-40
1675 275 1.3416e-42
1700 275 1.40799e-45
1725 275 1.09208e-48
1750 275 6.29085e-52
1775 275 2.70461e-55
1800 275 8.72132e-59
1825 275 2.11961e-62
1850 275 3.90115e-66
1875 275 5.46271e-70
1900 275 5.84588e-74
1925 275 4.80171e-78
1950 275 3.03984e-82
1975 275 1.48916e-86
2000 275 5.6666e-91
2025 275 1.68101e-95
2050 275 3.9011e-100
2075 275 7.10568e-105
2100 275 1.01902e-109
2125 275 1.15403e-114
2150 275 1.03498e-119
2175 275 7.37037e-125
2200 275 4.17827e-130
2225 275 1.89017e-135
2250 275 6.83897e-141
2275 275 1.98339e-146
2300 275 4.61997e-152
2325 275 8.66017e-158
2350 275 1.30878e-163
2375 275 1.59738e-169
2400 275 1.57711e-175
2425 275 1.26155e-181
2450 275 8.18773e-188
2475 275 4.31757e-194
2500 275 1.85223e-200
2525 275 6.47237e-207
2550 275 1.84435e-213
2575 275 4.29046e-220
2600 275 8.15624e-227
2625 275 1.26829e-233
2650 275 1.61464e-240
2675 275 1.68432e-247
2700 275 1.44053e-254
2725 275 1.00926e-261
2750 275 5.74429e-269
2775 275 2.57093e-276
2800 275 8.37461e-284
2825 275 1.75849e-291
2850 275 2.06592e-299
2875 275 1.17396e-307
2900 275 2.76328e-316
2925 275 0
2950 275 0
2975 275 0
0 300 0
25 300 7.31592e-83
50 300 1.31582e-78
75 300 1.82909e-74
100 300 1.95704e-70
125 300 1.60483e-66
150 300 1.0041e-62
175 300 4.77124e-59
200 300 1.71358e-55
225 300 4.62867e-52
250 300 9.35608e-49
275 300 1.40799e-45
300 300 1.56948e-42
325 300 1.28933e-39
350 300 7.76787e-37
375 300 3.41644e-34
400 300 1.09236e-31
425 300 2.53012e-29
450 300 4.23366e-27
475 300 5.10951e-25
500 300 4.44629e-23
525 300 2.79344e-21
550 300 1.27107e-19
575 300 4.2107e-18
600 300 1.02304e-16
625 300 1.84048e-15
650 300 2.48038e-14
675 300 2.53797e-13
700 300 2.00128e-12
725 300 1.23566e-11
750 300 6.07336e-11
775 300 2.41597e-10
800 300 7.90559e-10
825 300 2.16108e-09
850 300 5.00653e-09
875 300 9.95796e-09
900 300 1.71989e-08
925 300 2.60418e-08
950 300 3.48314e-08
975 300 4.13797e-08
1000 300 4.38091e-08
1025 300 4.13797e-08
1050 300 3.48314e-08
1075 300 2.60418e-08
1100 300 1.71989e-08
1125 300 9.95796e-09
1150 300 5.00653e-09
1175 300 2.16108e-09
1200 300 7.90559e-10
1225 300 2.41597e-10
1250 300 6.07336e-11
1275 300 1.23566e-11
1300 300 2.00128e-12
1325 300 2.53797e-13
1350 300 2.48038e-14
1375 300 1.84048e-15
1400 300 1.02304e-16
1425 300 4.2107e-18
1450 300 1.27107e-19
1475 300 2.79344e-21
1500 300 4.44629e-23
1525 300 5.10951e-25
1550 300 4.23366e-27
1575 300 2.53012e-29
1600 300 1.09236e-31
1625 300 3.41644e-34
1650 300 7.76787e-37
1675 300 1.28933e-39
1700 300 1.56948e-42
1725 300 1.40799e-45
1750 300 9.35608e-49
1775 300 4.62867e-52
1800 300 1.71358e-55
1825 300 4.77124e-59
1850 300 1.0041e-62
1875 300 1.60483e-66
1900 300 1.95704e-70
1925 300 1.82909e-74
1950 300 1.31582e-78
1975 300 7.31592e-83
2000 300 3.15617e-87
2025 300 1.06046e-91
2050 300 2.78499e-96
2075 300 5.73611e-101
2100 300 9.29564e-106
2125 300 1.18888e-110
2150 300 1.20352e-115
2175 300 9.67e-121
2200 300 6.18284e-126
2225 300 3.15366e-131
2250 300 1.28624e-136
2275 300 4.20414e-142
2300 300 1.10354e-147
2325 300 2.33088e-153
2350 300 3.96907e-159
2375 300 5.45837e-165
2400 300 6.07258e-171
2425 300 5.47401e-177
2450 300 4.00415e-183
2475 300 2.38013e-189
2500 300 1.1512e-195
2525 300 4.53639e-202
2550 300 1.4581e-208
2575 300 3.82707e-215
2600 300 8.21105e-222
2625 300 1.44149e-228
2650 300 2.07255e-235
2675 300 2.4426e-242
2700 300 2.36156e-249
2725 300 1.87407e-256
2750 300 1.21957e-263
2775 300 6.45269e-271
2800 300 2.68574e-278
2825 300 8.13636e-286
2850 300 1.58919e-293
2875 300 1.73777e-301
2900 300 9.20118e-310
2925 300 2.02076e-318
2950 300 0
2975 300 0
0 325 0
25 325 2.69395e-79
50 325 4.26645e-75
75 325 5.21526e-71
100 325 4.8997e-67
125 325 3.52221e-63
150 325 1.92841e-59
175 325 8.00257e-56
200 325 2.50461e-52
225 325 5.88166e-49
250 325 1.03094e-45
275 325 1.3416e-42
300 325 1.28933e-39
325 325 9.10253e-37
350 325 4.69693e-34
375 325 1.76296e-31
400 325 4.79266e-29
425 325 9.40241e-27
450 325 1.32754e-24
475 325 1.3469e-22
500 325 9.81921e-21
525 325 5.15238e-19
550 325 1.95325e-17
575 325 5.38182e-16
600 325 1.08683e-14
625 325 1.626e-13
650 325 1.82574e-12
675 325 1.56168e-11
700 325 1.0345e-10
725 325 5.40076e-10
750 325 2.26264e-09
775 325 7.74599e-09
800 325 2.2056e-08
825 325 5.31238e-08
850 325 1.09945e-07
875 325 1.98313e-07
900 325 3.15664e-07
925 325 4.48078e-07
950 325 5.71963e-07
975 325 6.60551e-07
1000 325 6.92746e-07
1025 325 6.60551e-07
1050 325 5.71963e-07
1075 325 4.48078e-07
1100 325 3.15664e-07
1125 325 1.98313e-07
1150 325 1.09945e-07
1175 325 5.31238e-08
1200 325 2.2056e-08
1225 325 7.74599e-09
1250 325 2.26264e-09
1275 325 5.40076e-10
1300 325 1.0345e-10
1325 325 1.56168e-11
1350 325 1.82574e-12
1375 325 1.626e-13
1400 325 1.08683e-14
1425 325 5.38182e-16
1450 325 1.95325e-17
1475 325 5.15238e-19
1500 325 9.81921e-21
1525 325 1.3469e-22
1550 325 1.32754e-24
1575 325 9.40241e-27
1600 325 4.79266e-29
1625 325 1.76296e-31
1650 325 4.69693e-34
1675 325 9.10253e-37
1700 325 1.28933e-39
1725 325 1.3416e-42
1750 325 1.03094e-45
1775 325 5.88166e-49
1800 325 2.50461e-52
1825 325 8.00257e-56
1850 325 1.92841e-59
1875 325 3.52221e-63
1900 325 4.8997e-67
1925 325 5.21526e-71
1950 325 4.26645e-75
1975 325 2.69395e-79
2000 325 1.31828e-83
2025 325 5.01881e-88
2050 325 1.492e-92
2075 325 3.47564e-97
2100 325 6.36558e-102
2125 325 9.19499e-107
2150 325 1.05069e-111
2175 325 9.52434e-117
2200 325 6.86758e-122
2225 325 3.94897e-127
2250 325 1.81519e-132
2275 325 6.68511e-138
2300 325 1.97687e-143
2325 325 4.70346e-149
2350 325 9.02119e-155
2375 325 1.39736e-160
2400 325 1.75104e-166
2425 325 1.77801e-172
2450 325 1.46517e-178
2475 325 9.8126e-185
2500 325 5.34832e-191
2525 325 2.37544e-197
2550 325 8.60774e-204
2575 325 2.54769e-210
2600 325 6.16571e-217
2625 325 1.22133e-223
2650 325 1.98202e-230
2675 325 2.63749e-237
2700 325 2.88032e-244
2725 325 2.58337e-251
2750 325 1.90395e-258
2775 325 1.15185e-265
2800 325 5.67001e-273
2825 325 2.19632e-280
2850 325 6.192e-288
2875 325 1.1256e-295
2900 325 1.14622e-303
2925 325 5.65789e-312
2950 325 1.15513e-320
2975 325 0
0 350 0
25 350 7.4029e-76
50 350 1.03174e-71
75 350 1.10823e-67
100 350 9.13418e-64
125 350 5.75012e-60
150 350 2.75143e-56
175 350 9.95718e-53
200 350 2.71113e-49
225 350 5.52424e-46
250 350 8.37759e-43
275 350 9.4031e-40
300 350 7.76787e-37
325 350 4.69693e-34
350 350 2.06771e-31
375 350 6.59404e-29
400 350 1.5165e-26
425 350 2.50566e-24
450 350 2.96609e-22
475 350 2.51178e-20
500 350 1.52185e-18
525 350 6.61081e-17
550 350 2.06782e-15
575 350 4.6892e-14
600 350 7.78222e-13
625 350 9.56617e-12
650 350 8.83611e-11
675 350 6.23498e-10
700 350 3.42241e-09
725 350 1.48973e-08
750 350 5.24514e-08
775 350 1.5237e-07
800 350 3.72352e-07
825 350 7.79767e-07
850 350 1.42378e-06
875 350 2.30258e-06
900 350 3.34436e-06
925 350 4.41423e-06
950 350 5.34491e-06
975 350 5.97821e-06
1000 350 6.20264e-06
1025 350 5.97821e-06
1050 350 5.34491e-06
1075 350 4.41423e-06
1100 350 3.34436e-06
1125 350 2.30258e-06
1150 350 1.42378e-06
1175 350 7.79767e-07
1200 350 3.72352e-07
1225 350 1.5237e-07
1250 350 5.24514e-08
1275 350 1.48973e-08
1300 350 3.42241e-09
1325 350 6.23498e-10
1350 350 8.83611e-11
1375 350 9.56617e-12
1400 350 7.78222e-13
1425 350 4.6892e-14
1450 350 2.06782e-15
1475 350 6.61081e-17
1500 350 1.52185e-18
1525 350 2.51178e-20
1550 350 2.96609e-22
1575 350 2.50566e-24
1600 350 1.5165e-26
1625 350 6.59404e-29
1650 350 2.06771e-31
1675 350 4.69693e-34
1700 350 7.76787e-37
1725 350 9.4031e-40
1750 350 8.37759e-43
1775 350 5.52424e-46
1800 350 2.71113e-49
1825 350 9.95718e-53
1850 350 2.75143e-56
1875 350 5.75012e-60
1900 350 9.13418e-64
1925 350 1.10823e-67
1950 350 1.03174e-71
1975 350 7.4029e-76
2000 350 4.11107e-80
2025 350 1.77406e-84
2050 350 5.9717e-89
2075 350 1.57367e-93
2100 350 3.25767e-98
2125 350 5.31486e-103
2150 350 6.85498e-108
2175 350 7.01003e-113
2200 350 5.69947e-118
2225 350 3.69391e-123
2250 350 1.91317e-128
2275 350 7.9369e-134
2300 350 2.64328e-139
2325 350 7.08171e-145
2350 350 1.52932e-150
2375 350 2.66705e-156
2400 350 3.76278e-162
2425 350 4.30182e-168
2450 350 3.99158e-174
2475 350 3.01045e-180
2500 350 1.84807e-186
2525 350 9.24651e-193
2550 350 3.77528e-199
2575 350 1.25933e-205
2600 350 3.43578e-212
2625 350 7.67455e-219
2650 350 1.40489e-225
2675 350 2.10956e-232
2700 350 2.60054e-239
2725 350 2.63395e-246
2750 350 2.19349e-253
2775 350 1.50264e-260
2800 350 8.45819e-268
2825 350 3.87663e-275
2850 350 1.39847e-282
2875 350 3.6712e-290
2900 350 6.21416e-298
2925 350 5.89564e-306
2950 350 2.71423e-314
2975 350 2.96439e-323
0 375 0
25 375 1.5115e-72
50 375 1.85277e-68
75 375 1.74756e-64
100 375 1.26253e-60
125 375 6.95284e-57
150 375 2.90408e-53
175 375 9.15171e-50
200 375 2.16411e-46
225 375 3.81855e-43
250 375 4.99867e-40
275 375 4.82613e-37
300 375 3.41644e-34
325 375 1.76296e-31
350 375 6.59404e-29
375 375 1.77825e-26
400 375 3.44103e-24
425 375 4.75888e-22
450 375 4.69001e-20
475 375 3.28881e-18
500 375 1.64139e-16
525 375 5.84432e-15
550 375 1.49185e-13
575 375 2.75101e-12
600 375 3.7032e-11
625 375 3.68772e-10
650 375 2.76024e-09
675 375 1.58135e-08
700 375 7.07372e-08
725 375 2.52324e-07
750 375 7.33464e-07
775 375 1.77564e-06
800 375 3.65721e-06
825 375 6.54136e-06
850 375 1.03582e-05
875 375 1.47812e-05
900 375 1.93123e-05
925 375 2.34204e-05
950 375 2.66573e-05
975 375 2.8713e-05
1000 375 2.94161e-05
1025 375 2.8713e-05
1050 375 2.66573e-05
1075 375 2.34204e-05
1100 375 1.93123e-05
1125 375 1.47812e-05
1150 375 1.03582e-05
1175 375 6.54136e-06
1200 375 3.65721e-06
1225 375 1.77564e-06
1250 375 7.33464e-07
1275 375 2.52324e-07
1300 375 7.07372e-08
1325 375 1.58135e-08
1350 375 2.76024e-09
1375 375 3.68772e-10
1400 375 3.7032e-11
1425 375 2.75101e-12
1450 375 1.49185e-13
1475 375 5.84432e-15
1500 375 1.64139e-16
1525 375 3.28881e-18
1550 375 4.69001e-20
1575 375 4.75888e-22
1600 375 3.44103e-24
1625 375 1.77825e-26
1650 375 6.59404e-29
1675 375 1.76296e-31
1700 375 3.41644e-34
1725 375 4.82613e-37
1750 375 4.99867e-40
1775 375 3.81855e-43
1800 375 2.16411e-46
1825 375 9.15171e-50
1850 375 2.90408e-53
1875 375 6.95284e-57
1900 375 1.26253e-60
1925 375 1.74756e-64
1950 375 1.85277e-68
1975 375 1.5115e-72
2000 375 9.52987e-77
2025 375 4.66299e-81
2050 375 1.77769e-85
2075 375 5.3001e-90
2100 375 1.24021e-94
2125 375 2.28531e-99
2150 375 3.32674e-104
2175 375 3.8373e-109
2200 375 3.51726e-114
2225 375 2.56877e-119
2250 375 1.49864e-124
2275 375 7.00114e-130
2300 375 2.62498e-135
2325 375 7.91605e-141
2350 375 1.92396e-146
2375 375 3.77595e-152
2400 375 5.99494e-158
2425 375 7.71287e-164
2450 375 8.05417e-170
2475 375 6.83692e-176
2500 375 4.72453e-182
2525 375 2.66134e-188
2550 375 1.22361e-194
2575 375 4.59728e-201
2600 375 1.41308e-207
2625 375 3.55711e-214
2650 375 7.34049e-221
2675 375 1.24295e-227
2700 375 1.72848e-234
2725 375 1.97563e-241
2750 375 1.85743e-248
2775 375 1.43742e-255
2800 375 9.16024e-263
2825 375 4.80117e-270
2850 375 2.05036e-277
2875 375 6.89275e-285
2900 375 1.68574e-292
2925 375 2.65809e-300
2950 375 2.35043e-308
2975 375 1.00963e-316
0 400 0
25 400 2.28315e-69
50 400 2.46024e-65
75 400 2.03637e-61
100 400 1.28852e-57
125 400 6.20151e-54
150 400 2.25835e-50
175 400 6.18849e-47
200 400 1.2688e-43
225 400 1.93483e-40
250 400 2.18118e-37
275 400 1.8065e-34
300 400 1.09236e-31
325 400 4.79266e-29
350 400 1.5165e-26
375 400 3.44103e-24
400 400 5.57032e-22
425 400 6.40539e-20
450 400 5.21567e-18
475 400 3.00236e-16
500 400 1.22217e-14
525 400 3.52746e-13
550 400 7.25747e-12
575 400 1.07333e-10
600 400 1.15426e-09
625 400 9.15876e-09
650 400 5.45635e-08
675 400 2.48954e-07
700 400 8.89022e-07
725 400 2.54248e-06
750 400 5.96229e-06
775 400 1.17409e-05
800 400 1.98751e-05
825 400 2.95888e-05
850 400 3.95933e-05
875 400 4.86071e-05
900 400 5.57917e-05
925 400 6.08912e-05
950 400 6.40982e-05
975 400 6.57963e-05
1000 400 6.63196e-05
1025 400 6.57963e-05
1050 400 6.40982e-05
1075 400 6.08912e-05
1100 400 5.57917e-05
1125 400 4.86071e-05
1150 400 3.95933e-05
1175 400 2.95888e-05
1200 400 1.98751e-05
1225 400 1.17409e-05
1250 400 5.96229e-06
1275 400 2.54248e-06
1300 400 8.89022e-07
1325 400 2.48954e-07
1350 400 5.45635e-08
1375 400 9.15876e-09
1400 400 1.15426e-09
1425 400 1.07333e-10
1450 400 7.25747e-12
1475 400 3.52746e-13
1500 400 1.22217e-14
1525 400 3.00236e-16
1550 400 5.21567e-18
1575 400 6.40539e-20
1600 400 5.57032e-22
1625 400 3.44103e-24
1650 400 1.5165e-26
1675 400 4.79266e-29
1700 400 1.09236e-31
1725 400 1.8065e-34
1750 400 2.18118e-37
1775 400 1.93483e-40
1800 400 1.2688e-43
1825 400 6.18849e-47
1850 400 2.25835e-50
1875 400 6.20151e-54
1900 400 1.28852e-57
1925 400 2.03637e-61
1950 400 2.46024e-65
1975 400 2.28315e-69
2000 400 1.63494e-73
2025 400 9.07313e-78
2050 400 3.91813e-82
2075 400 1.32176e-86
2100 400 3.49604e-91
2125 400 7.27545e-96
2150 400 1.19518e-100
2175 400 1.5547e-105
2200 400 1.60613e-110
2225 400 1.32142e-115
2250 400 8.68098e-121
2275 400 4.56505e-126
2300 400 1.92614e-131
2325 400 6.53523e-137
2350 400 1.78678e-142
2375 400 3.94435e-148
2400 400 7.04345e-154
2425 400 1.01921e-159
2450 400 1.1971e-165
2475 400 1.14306e-171
2500 400 8.88612e-178
2525 400 5.63205e-184
2550 400 2.91407e-190
2575 400 1.23238e-196
2600 400 4.26483e-203
2625 400 1.20905e-209
2650 400 2.81069e-216
2675 400 5.36319e-223
2700 400 8.40745e-230
2725 400 1.08367e-236
2750 400 1.14939e-243
2775 400 1.00389e-250
2800 400 7.22501e-258
2825 400 4.28643e-265
2850 400 2.0935e-272
2875 400 8.336e-280
2900 400 2.61295e-287
2925 400 5.95616e-295
2950 400 8.75193e-303
2975 400 7.21514e-311
0 425 0
25 425 2.54073e-66
50 425 2.40578e-62
75 425 1.74649e-58
100 425 9.67203e-55
125 425 4.06466e-51
150 425 1.2891e-47
175 425 3.06758e-44
200 425 5.44414e-41
225 425 7.16089e-38
250 425 6.93589e-35
275 425 4.91431e-32
