0 0 0
25 0 0
50 0 0
75 0 0
100 0 0
125 0 0
150 0 0
175 0 0
200 0 0
225 0 0
250 0 0
275 0 0
300 0 0
325 0 0
350 0 0
375 0 0
400 0 0
425 0 0
450 0 0
475 0 0
500 0 0
525 0 0
550 0 0
575 0 0
600 0 0
625 0 0
650 0 0
675 0 0
700 0 0
725 0 0
750 0 0
775 0 0
800 0 0
825 0 0
850 0 0
875 0 0
900 0 0
925 0 0
950 0 0
975 0 0
1000 0 0
1025 0 0
1050 0 0
1075 0 0
1100 0 0
1125 0 0
1150 0 0
1175 0 0
1200 0 0
1225 0 0
1250 0 0
1275 0 0
1300 0 0
1325 0 0
1350 0 0
1375 0 0
1400 0 0
1425 0 0
1450 0 0
1475 0 0
1500 0 0
1525 0 0
1550 0 0
1575 0 0
1600 0 0
1625 0 0
1650 0 0
1675 0 0
1700 0 0
1725 0 0
1750 0 0
1775 0 0
1800 0 0
1825 0 0
1850 0 0
1875 0 0
1900 0 0
1925 0 0
1950 0 0
1975 0 0
2000 0 0
2025 0 0
2050 0 0
2075 0 0
2100 0 0
2125 0 0
2150 0 0
2175 0 0
2200 0 0
2225 0 0
2250 0 0
2275 0 0
2300 0 0
2325 0 0
2350 0 0
2375 0 0
2400 0 0
2425 0 0
2450 0 0
2475 0 0
2500 0 0
2525 0 0
2550 0 0
2575 0 0
2600 0 0
2625 0 0
2650 0 0
2675 0 0
2700 0 0
2725 0 0
2750 0 0
2775 0 0
2800 0 0
2825 0 0
2850 0 0
2875 0 0
2900 0 0
2925 0 0
2950 0 0
2975 0 0
0 25 0
25 25 6.3037e-06
50 25 1.79338e-05
75 25 3.1809e-05
100 25 3.10159e-05
125 25 9.25406e-07
150 25 -4.22591e-05
175 25 -6.10004e-05
200 25 -4.2255e-05
225 25 -9.79459e-06
250 25 1.03284e-05
275 25 1.40311e-05
300 25 1.03819e-05
325 25 6.49115e-06
350 25 4.14949e-06
375 25 2.89865e-06
400 25 2.18102e-06
425 25 1.72295e-06
450 25 1.40788e-06
475 25 1.18039e-06
500 25 1.01031e-06
525 25 8.79676e-07
550 25 7.77175e-07
575 25 6.95334e-07
600 25 6.29049e-07
625 25 5.74731e-07
650 25 5.29792e-07
675 25 4.92332e-07
700 25 4.60927e-07
725 25 4.34497e-07
750 25 4.1221e-07
775 25 3.93421e-07
800 25 3.77625e-07
825 25 3.64426e-07
850 25 3.5351e-07
875 25 3.44633e-07
900 25 3.37603e-07
925 25 3.32275e-07
950 25 3.28542e-07
975 25 3.26331e-07
1000 25 3.25599e-07
1025 25 3.26331e-07
1050 25 3.28542e-07
1075 25 3.32275e-07
1100 25 3.37603e-07
1125 25 3.44633e-07
1150 25 3.5351e-07
1175 25 3.64426e-07
1200 25 3.77625e-07
1225 25 3.93421e-07
1250 25 4.1221e-07
1275 25 4.34497e-07
1300 25 4.60927e-07
1325 25 4.92332e-07
1350 25 5.29792e-07
1375 25 5.74731e-07
1400 25 6.29049e-07
1425 25 6.95334e-07
1450 25 7.77175e-07
1475 25 8.79676e-07
1500 25 1.01031e-06
1525 25 1.18039e-06
1550 25 1.40788e-06
1575 25 1.72295e-06
1600 25 2.18102e-06
1625 25 2.89865e-06
1650 25 4.14949e-06
1675 25 6.49115e-06
1700 25 1.03819e-05
1725 25 1.40311e-05
1750 25 1.03284e-05
1775 25 -9.79459e-06
1800 25 -4.2255e-05
1825 25 -6.10004e-05
1850 25 -4.22591e-05
1875 25 9.25417e-07
1900 25 3.10161e-05
1925 25 3.18125e-05
1950 25 1.7971e-05
1975 25 6.59788e-06
2000 25 1.66095e-06
2025 25 2.94174e-07
2050 25 3.72436e-08
2075 25 3.41049e-09
2100 25 2.28127e-10
2125 25 1.12454e-11
2150 25 4.11904e-13
2175 25 1.1299e-14
2200 25 2.33869e-16
2225 25 3.6789e-18
2250 25 4.42871e-20
2275 25 4.10703e-22
2300 25 2.95272e-24
2325 25 1.65574e-26
2350 25 7.28366e-29
2375 25 2.52747e-31
2400 25 6.95476e-34
2425 25 1.52513e-36
2450 25 2.6781e-39
2475 25 3.78272e-42
2500 25 4.31626e-45
2525 25 3.99497e-48
2550 25 3.01101e-51
2575 25 1.85486e-54
2600 25 9.37224e-58
2625 25 3.89729e-61
2650 25 1.33801e-64
2675 25 3.80409e-68
2700 25 8.98258e-72
2725 25 1.76648e-75
2750 25 2.90082e-79
2775 25 3.98776e-83
2800 25 4.60018e-87
2825 25 4.4633e-91
2850 25 3.65026e-95
2875 25 2.52165e-99
2900 25 1.47437e-103
2925 25 7.31011e-108
2950 25 3.07912e-112
2975 25 1.10376e-116
0 50 0
25 50 1.79338e-05
50 50 3.78474e-05
75 50 4.6584e-05
100 50 2.74373e-05
125 50 -1.34412e-05
150 50 -5.11224e-05
175 50 -6.88903e-05
200 50 -6.34375e-05
225 50 -3.87161e-05
250 50 -7.80634e-06
275 50 1.33704e-05
300 50 1.93729e-05
325 50 1.60803e-05
350 50 1.09595e-05
375 50 7.27932e-06
400 50 5.14422e-06
425 50 3.90315e-06
450 50 3.11424e-06
475 50 2.57061e-06
500 50 2.17579e-06
525 50 1.87862e-06
550 50 1.64891e-06
575 50 1.4676e-06
600 50 1.3221e-06
625 50 1.20374e-06
650 50 1.10641e-06
675 50 1.02568e-06
700 50 9.58289e-07
725 50 9.01771e-07
750 50 8.54255e-07
775 50 8.14298e-07
800 50 7.80778e-07
825 50 7.52818e-07
850 50 7.29729e-07
875 50 7.10976e-07
900 50 6.9614e-07
925 50 6.84905e-07
950 50 6.77038e-07
975 50 6.72379e-07
1000 50 6.70837e-07
1025 50 6.72379e-07
1050 50 6.77038e-07
1075 50 6.84905e-07
1100 50 6.9614e-07
1125 50 7.10976e-07
1150 50 7.29729e-07
1175 50 7.52818e-07
1200 50 7.80778e-07
1225 50 8.14298e-07
1250 50 8.54255e-07
1275 50 9.01771e-07
1300 50 9.58289e-07
1325 50 1.02568e-06
1350 50 1.10641e-06
1375 50 1.20374e-06
1400 50 1.3221e-06
1425 50 1.4676e-06
1450 50 1.64891e-06
1475 50 1.87862e-06
1500 50 2.17579e-06
1525 50 2.57061e-06
1550 50 3.11424e-06
1575 50 3.90315e-06
1600 50 5.14422e-06
1625 50 7.27932e-06
1650 50 1.09595e-05
1675 50 1.60803e-05
1700 50 1.93729e-05
1725 50 1.33704e-05
1750 50 -7.80634e-06
1775 50 -3.87161e-05
1800 50 -6.34375e-05
1825 50 -6.88903e-05
1850 50 -5.11224e-05
1875 50 -1.34411e-05
1900 50 2.74399e-05
1925 50 4.66147e-05
1950 50 3.8108e-05
1975 50 1.95092e-05
2000 50 6.68012e-06
2025 50 1.57545e-06
2050 50 2.60609e-07
2075 50 3.06536e-08
2100 50 2.59367e-09
2125 50 1.59518e-10
2150 50 7.20047e-12
2175 50 2.40724e-13
2200 50 6.01213e-15
2225 50 1.13096e-16
2250 50 1.61495e-18
2275 50 1.76353e-20
2300 50 1.48309e-22
2325 50 9.66981e-25
2350 50 4.91901e-27
2375 50 1.96406e-29
2400 50 6.19037e-32
2425 50 1.54847e-34
2450 50 3.08981e-37
2475 50 4.942e-40
2500 50 6.36512e-43
2525 50 6.63027e-46
2550 50 5.60877e-49
2575 50 3.86825e-52
2600 50 2.18316e-55
2625 50 1.01184e-58
2650 50 3.86415e-62
2675 50 1.21981e-65
2700 50 3.19262e-69
2725 50 6.94818e-73
2750 50 1.26084e-76
2775 50 1.9127e-80
2800 50 2.43178e-84
2825 50 2.59729e-88
2850 50 2.33574e-92
2875 50 1.77246e-96
2900 50 1.13731e-100
2925 50 6.18287e-105
2950 50 2.85318e-109
2975 50 1.11965e-113
0 75 0
25 75 3.1809e-05
50 75 4.6584e-05
75 75 3.14191e-05
100 75 -1.62146e-06
125 75 -2.58354e-05
150 75 -3.51484e-05
175 75 -4.23894e-05
200 75 -5.24186e-05
225 75 -5.56144e-05
250 75 -4.23165e-05
275 75 -1.62873e-05
300 75 8.09821e-06
325 75 2.0157e-05
350 75 2.04488e-05
375 75 1.56177e-05
400 75 1.08143e-05
425 75 7.61219e-06
450 75 5.7064e-06
475 75 4.52988e-06
500 75 3.73998e-06
525 75 3.17339e-06
550 75 2.7493e-06
575 75 2.42236e-06
600 75 2.16467e-06
625 75 1.95802e-06
650 75 1.79003e-06
675 75 1.65201e-06
700 75 1.53767e-06
725 75 1.44241e-06
750 75 1.36276e-06
775 75 1.29609e-06
800 75 1.24037e-06
825 75 1.19405e-06
850 75 1.1559e-06
875 75 1.12498e-06
900 75 1.10056e-06
925 75 1.0821e-06
950 75 1.06918e-06
975 75 1.06154e-06
1000 75 1.05901e-06
1025 75 1.06154e-06
1050 75 1.06918e-06
1075 75 1.0821e-06
1100 75 1.10056e-06
1125 75 1.12498e-06
1150 75 1.1559e-06
1175 75 1.19405e-06
1200 75 1.24037e-06
1225 75 1.29609e-06
1250 75 1.36276e-06
1275 75 1.44241e-06
1300 75 1.53767e-06
1325 75 1.65201e-06
1350 75 1.79003e-06
1375 75 1.95802e-06
1400 75 2.16467e-06
1425 75 2.42236e-06
1450 75 2.7493e-06
1475 75 3.17339e-06
1500 75 3.73998e-06
1525 75 4.52988e-06
1550 75 5.7064e-06
1575 75 7.61219e-06
1600 75 1.08143e-05
1625 75 1.56177e-05
1650 75 2.04488e-05
1675 75 2.0157e-05
1700 75 8.09821e-06
1725 75 -1.62873e-05
1750 75 -4.23165e-05
1775 75 -5.56144e-05
1800 75 -5.24186e-05
1825 75 -4.23894e-05
1850 75 -3.51483e-05
1875 75 -2.58337e-05
1900 75 -1.59894e-06
1925 75 3.16265e-05
1950 75 4.79314e-05
1975 75 3.78882e-05
2000 75 1.86714e-05
2025 75 6.07914e-06
2050 75 1.3474e-06
2075 75 2.07406e-07
2100 75 2.2521e-08
2125 75 1.74808e-09
2150 75 9.81501e-11
2175 75 4.02995e-12
2200 75 1.22229e-13
2225 75 2.76449e-15
2250 75 4.70407e-17
2275 75 6.0725e-19
2300 75 5.99382e-21
2325 75 4.55707e-23
2350 75 2.6874e-25
2375 75 1.23734e-27
2400 75 4.4754e-30
2425 75 1.27905e-32
2450 75 2.90431e-35
2475 75 5.26677e-38
2500 75 7.66506e-41
2525 75 8.99425e-44
2550 75 8.54655e-47
2575 75 6.60375e-50
2600 75 4.16548e-53
2625 75 2.15291e-56
2650 75 9.14968e-60
2675 75 3.20814e-63
2700 75 9.30996e-67
2725 75 2.24285e-70
2750 75 4.49835e-74
2775 75 7.53174e-78
2800 75 1.05549e-81
2825 75 1.24108e-85
2850 75 1.22734e-89
2875 75 1.0231e-93
2900 75 7.20435e-98
2925 75 4.29422e-102
2950 75 2.17087e-106
2975 75 9.32515e-111
0 100 0
25 100 3.10159e-05
50 100 2.74373e-05
75 100 -1.62146e-06
100 100 -2.23266e-05
125 100 -2.37405e-05
150 100 -1.89683e-05
175 100 -1.94647e-05
200 100 -2.80944e-05
225 100 -4.17607e-05
250 100 -5.17e-05
275 100 -4.79386e-05
300 100 -2.86248e-05
325 100 -3.2843e-06
350 100 1.55104e-05
375 100 2.23796e-05
400 100 2.04373e-05
425 100 1.54507e-05
450 100 1.10371e-05
475 100 8.09984e-06
500 100 6.29226e-06
525 100 5.13483e-06
550 100 4.33529e-06
575 100 3.7492e-06
600 100 3.30297e-06
625 100 2.95427e-06
650 100 2.67646e-06
675 100 2.45185e-06
700 100 2.2682e-06
725 100 2.11683e-06
750 100 1.99139e-06
775 100 1.88716e-06
800 100 1.8006e-06
825 100 1.729e-06
850 100 1.67029e-06
875 100 1.62287e-06
900 100 1.58553e-06
925 100 1.55736e-06
950 100 1.53768e-06
975 100 1.52604e-06
1000 100 1.52219e-06
1025 100 1.52604e-06
1050 100 1.53768e-06
1075 100 1.55736e-06
1100 100 1.58553e-06
1125 100 1.62287e-06
1150 100 1.67029e-06
1175 100 1.729e-06
1200 100 1.8006e-06
1225 100 1.88716e-06
1250 100 1.99139e-06
1275 100 2.11683e-06
1300 100 2.2682e-06
1325 100 2.45185e-06
1350 100 2.67646e-06
1375 100 2.95427e-06
1400 100 3.30297e-06
1425 100 3.7492e-06
1450 100 4.33529e-06
1475 100 5.13483e-06
1500 100 6.29226e-06
1525 100 8.09984e-06
1550 100 1.10371e-05
1575 100 1.54507e-05
1600 100 2.04373e-05
1625 100 2.23796e-05
1650 100 1.55104e-05
1675 100 -3.2843e-06
1700 100 -2.86248e-05
1725 100 -4.79386e-05
1750 100 -5.17e-05
1775 100 -4.17607e-05
1800 100 -2.80944e-05
1825 100 -1.94646e-05
1850 100 -1.89672e-05
1875 100 -2.37257e-05
1900 100 -2.21768e-05
1925 100 -5.60941e-07
1950 100 3.2608e-05
1975 100 4.80059e-05
2000 100 3.64309e-05
2025 100 1.69901e-05
2050 100 5.17074e-06
2075 100 1.06052e-06
2100 100 1.49856e-07
2125 100 1.48445e-08
2150 100 1.04622e-09
2175 100 5.31549e-11
2200 100 1.97016e-12
2225 100 5.38576e-14
2250 100 1.09693e-15
2275 100 1.68028e-17
2300 100 1.9528e-19
2325 100 1.73606e-21
2350 100 1.18965e-23
2375 100 6.3289e-26
2400 100 2.63151e-28
2425 100 8.60556e-31
2450 100 2.22647e-33
2475 100 4.58274e-36
2500 100 7.54352e-39
2525 100 9.97929e-42
2550 100 1.0659e-44
2575 100 9.23253e-48
2600 100 6.51197e-51
2625 100 3.7548e-54
2650 100 1.77644e-57
2675 100 6.92033e-61
2700 100 2.22718e-64
2725 100 5.94027e-68
2750 100 1.31698e-71
2775 100 2.43391e-75
2800 100 3.75977e-79
2825 100 4.86702e-83
2850 100 5.29264e-87
2875 100 4.84623e-91
2900 100 3.74473e-95
2925 100 2.44705e-99
2950 100 1.35503e-103
2975 100 6.37053e-108
0 125 0
25 125 9.25406e-07
50 125 -1.34412e-05
75 125 -2.58354e-05
100 125 -2.37405e-05
125 125 -1.59699e-05
150 125 -1.07711e-05
175 125 -9.33069e-06
200 125 -1.19336e-05
225 125 -1.98457e-05
250 125 -3.28008e-05
275 125 -4.59295e-05
300 125 -5.05845e-05
325 125 -4.07513e-05
350 125 -1.92836e-05
375 125 3.63791e-06
400 125 1.86514e-05
425 125 2.32509e-05
450 125 2.08378e-05
475 125 1.60987e-05
500 125 1.1884e-05
525 125 8.9684e-06
550 125 7.10919e-06
575 125 5.89657e-06
600 125 5.05194e-06
625 125 4.4282e-06
650 125 3.94983e-06
675 125 3.57395e-06
700 125 3.27347e-06
725 125 3.03019e-06
750 125 2.83148e-06
775 125 2.66833e-06
800 125 2.53415e-06
825 125 2.42406e-06
850 125 2.33438e-06
875 125 2.26233e-06
900 125 2.20585e-06
925 125 2.16336e-06
950 125 2.13376e-06
975 125 2.11629e-06
1000 125 2.11051e-06
1025 125 2.11629e-06
1050 125 2.13376e-06
1075 125 2.16336e-06
1100 125 2.20585e-06
1125 125 2.26233e-06
1150 125 2.33438e-06
1175 125 2.42406e-06
1200 125 2.53415e-06
1225 125 2.66833e-06
1250 125 2.83148e-06
1275 125 3.03019e-06
1300 125 3.27347e-06
1325 125 3.57395e-06
1350 125 3.94983e-06
1375 125 4.4282e-06
1400 125 5.05194e-06
1425 125 5.89657e-06
1450 125 7.10919e-06
1475 125 8.9684e-06
1500 125 1.1884e-05
1525 125 1.60987e-05
1550 125 2.08378e-05
1575 125 2.32509e-05
1600 125 1.86514e-05
1625 125 3.63791e-06
1650 125 -1.92836e-05
1675 125 -4.07513e-05
1700 125 -5.05845e-05
1725 125 -4.59295e-05
1750 125 -3.28008e-05
1775 125 -1.98457e-05
1800 125 -1.19335e-05
1825 125 -9.33014e-06
1850 125 -1.07624e-05
1875 125 -1.58721e-05
1900 125 -2.29762e-05
1925 125 -2.17443e-05
1950 125 1.20673e-06
1975 125 3.48486e-05
2000 125 4.78534e-05
2025 125 3.39232e-05
2050 125 1.4648e-05
2075 125 4.09112e-06
2100 125 7.64363e-07
2125 125 9.78214e-08
2150 125 8.73849e-09
2175 125 5.53704e-10
2200 125 2.52411e-11
2225 125 8.38422e-13
2250 125 2.05297e-14
2275 125 3.74537e-16
2300 125 5.14114e-18
2325 125 5.35823e-20
2350 125 4.27601e-22
2375 125 2.63337e-24
2400 125 1.26068e-26
2425 125 4.72364e-29
2450 125 1.39407e-31
2475 125 3.25997e-34
2500 125 6.07417e-37
2525 125 9.06519e-40
2550 125 1.08898e-42
2575 125 1.05786e-45
2600 125 8.3463e-49
2625 125 5.37038e-52
2650 125 2.82911e-55
2675 125 1.22468e-58
2700 125 4.37149e-62
2725 125 1.29093e-65
2750 125 3.16373e-69
2775 125 6.45361e-73
2800 125 1.09883e-76
2825 125 1.56585e-80
2850 125 1.87222e-84
2875 125 1.88279e-88
2900 125 1.5962e-92
2925 125 1.14331e-96
2950 125 6.93322e-101
2975 125 3.56674e-105
0 150 0
25 150 -4.22591e-05
50 150 -5.11224e-05
75 150 -3.51484e-05
100 150 -1.89683e-05
125 150 -1.07711e-05
150 150 -7.38136e-06
175 150 -5.92233e-06
200 150 -5.795e-06
225 150 -7.80628e-06
250 150 -1.35551e-05
275 150 -2.40777e-05
300 150 -3.75218e-05
325 150 -4.80151e-05
350 150 -4.84188e-05
375 150 -3.58748e-05
400 150 -1.48441e-05
425 150 5.87812e-06
450 150 1.92947e-05
475 150 2.37844e-05
500 150 2.20324e-05
525 150 1.77964e-05
550 150 1.36345e-05
575 150 1.05071e-05
600 150 8.40393e-06
625 150 7.01218e-06
650 150 6.05217e-06
675 150 5.35135e-06
700 150 4.81666e-06
725 150 4.39752e-06
750 150 4.06364e-06
775 150 3.79504e-06
800 150 3.57777e-06
825 150 3.40186e-06
850 150 3.26008e-06
875 150 3.14714e-06
900 150 3.05918e-06
925 150 2.99335e-06
950 150 2.94766e-06
975 150 2.92076e-06
1000 150 2.91188e-06
1025 150 2.92076e-06
1050 150 2.94766e-06
1075 150 2.99335e-06
1100 150 3.05918e-06
1125 150 3.14714e-06
1150 150 3.26008e-06
1175 150 3.40186e-06
1200 150 3.57777e-06
1225 150 3.79504e-06
1250 150 4.06364e-06
1275 150 4.39752e-06
1300 150 4.81666e-06
1325 150 5.35135e-06
1350 150 6.05217e-06
1375 150 7.01218e-06
1400 150 8.40393e-06
1425 150 1.05071e-05
1450 150 1.36345e-05
1475 150 1.77964e-05
1500 150 2.20324e-05
1525 150 2.37844e-05
1550 150 1.92947e-05
1575 150 5.87812e-06
1600 150 -1.48441e-05
1625 150 -3.58748e-05
1650 150 -4.84188e-05
1675 150 -4.80151e-05
1700 150 -3.75218e-05
1725 150 -2.40777e-05
1750 150 -1.35551e-05
1775 150 -7.80627e-06
1800 150 -5.79474e-06
1825 150 -5.91776e-06
1850 150 -7.32401e-06
1875 150 -1.027e-05
1900 150 -1.59787e-05
1925 150 -2.32742e-05
1950 150 -2.07805e-05
1975 150 4.80034e-06
2000 150 3.82409e-05
2025 150 4.70594e-05
2050 150 3.03419e-05
2075 150 1.18742e-05
2100 150 2.98961e-06
2125 150 5.01172e-07
2150 150 5.73468e-08
2175 150 4.56941e-09
2200 150 2.57888e-10
2225 150 1.04644e-11
2250 150 3.09396e-13
2275 150 6.74664e-15
2300 150 1.09704e-16
2325 150 1.34369e-18
2350 150 1.25129e-20
2375 150 8.93557e-23
2400 150 4.93217e-25
2425 150 2.11984e-27
2450 150 7.14318e-30
2475 150 1.89922e-32
2500 150 4.00814e-35
2525 150 6.7517e-38
2550 150 9.12542e-41
2575 150 9.94466e-44
2600 150 8.77855e-47
2625 150 6.30423e-50
2650 150 3.6982e-53
2675 150 1.77897e-56
2700 150 7.04283e-60
2725 150 2.30259e-63
2750 150 6.23723e-67
2775 150 1.40414e-70
2800 150 2.63476e-74
2825 150 4.13227e-78
2850 150 5.43123e-82
2875 150 5.99731e-86
2900 150 5.57696e-90
2925 150 4.3773e-94
2950 150 2.90617e-98
2975 150 1.63543e-102
0 175 0
25 175 -6.10004e-05
50 175 -6.88903e-05
75 175 -4.23894e-05
100 175 -1.94647e-05
125 175 -9.33069e-06
150 175 -5.92233e-06
175 175 -4.61401e-06
200 175 -3.97936e-06
225 175 -3.9468e-06
250 175 -5.12631e-06
275 175 -8.75187e-06
300 175 -1.62007e-05
325 175 -2.75878e-05
350 175 -4.01614e-05
375 175 -4.84151e-05
400 175 -4.69989e-05
425 175 -3.46002e-05
450 175 -1.53024e-05
475 175 3.96027e-06
500 175 1.75706e-05
525 175 2.36804e-05
550 175 2.37741e-05
575 175 2.06589e-05
600 175 1.67224e-05
625 175 1.32682e-05
650 175 1.06855e-05
675 175 8.8862e-06
700 175 7.64628e-06
725 175 6.76819e-06
750 175 6.12008e-06
775 175 5.62409e-06
800 175 5.2356e-06
825 175 4.92802e-06
850 175 4.68434e-06
875 175 4.49291e-06
900 175 4.34546e-06
925 175 4.23609e-06
950 175 4.16065e-06
975 175 4.11642e-06
1000 175 4.10184e-06
1025 175 4.11642e-06
1050 175 4.16065e-06
1075 175 4.23609e-06
1100 175 4.34546e-06
1125 175 4.49291e-06
1150 175 4.68434e-06
1175 175 4.92802e-06
1200 175 5.2356e-06
1225 175 5.62409e-06
1250 175 6.12008e-06
1275 175 6.76819e-06
1300 175 7.64628e-06
1325 175 8.8862e-06
1350 175 1.06855e-05
1375 175 1.32682e-05
1400 175 1.67224e-05
1425 175 2.06589e-05
1450 175 2.37741e-05
1475 175 2.36804e-05
1500 175 1.75706e-05
1525 175 3.96027e-06
1550 175 -1.53024e-05
1575 175 -3.46002e-05
1600 175 -4.69989e-05
1625 175 -4.84151e-05
1650 175 -4.01614e-05
1675 175 -2.75878e-05
1700 175 -1.62007e-05
1725 175 -8.75187e-06
1750 175 -5.12631e-06
1775 175 -3.94669e-06
1800 175 -3.97725e-06
1825 175 -4.58402e-06
1850 175 -5.62566e-06
1875 175 -7.33009e-06
1900 175 -1.05001e-05
1925 175 -1.65997e-05
1950 175 -2.38169e-05
1975 175 -1.88072e-05
2000 175 1.03671e-05
2025 175 4.21932e-05
2050 175 4.50734e-05
2075 175 2.57897e-05
2100 175 8.96463e-06
2125 175 2.0006e-06
2150 175 2.96668e-07
2175 175 2.99887e-08
2200 175 2.10976e-09
2225 175 1.05143e-10
2250 175 3.76985e-12
2275 175 9.85946e-14
2300 175 1.9044e-15
2325 175 2.74742e-17
2350 175 2.99097e-19
2375 175 2.48028e-21
2400 175 1.58032e-23
2425 175 7.79844e-26
2450 175 3.00259e-28
2475 175 9.08197e-31
2500 175 2.17183e-33
2525 175 4.13055e-36
2550 175 6.28251e-39
2575 175 7.68157e-42
2600 175 7.58697e-45
2625 175 6.08088e-48
2650 175 3.97196e-51
2675 175 2.12293e-54
2700 175 9.31988e-58
2725 175 3.37277e-61
2750 175 1.00958e-64
2775 175 2.5076e-68
2800 175 5.184e-72
2825 175 8.94559e-76
2850 175 1.29204e-79
2875 175 1.56602e-83
2900 175 1.59675e-87
2925 175 1.37282e-91
2950 175 9.97473e-96
2975 175 6.13786e-100
0 200 0
25 200 -4.2255e-05
50 200 -6.34375e-05
75 200 -5.24186e-05
100 200 -2.80944e-05
125 200 -1.19336e-05
150 200 -5.795e-06
175 200 -3.97936e-06
200 200 -3.29796e-06
225 200 -2.93039e-06
250 200 -2.85341e-06
275 200 -3.41218e-06
300 200 -5.3881e-06
325 200 -9.9435e-06
350 200 -1.80168e-05
375 200 -2.91616e-05
400 200 -4.06386e-05
425 200 -4.79522e-05
450 200 -4.70859e-05
475 200 -3.70133e-05
500 200 -2.05008e-05
525 200 -2.56886e-06
550 200 1.21281e-05
575 200 2.11658e-05
600 200 2.45955e-05
625 200 2.3999e-05
650 200 2.13038e-05
675 200 1.80152e-05
700 200 1.49907e-05
725 200 1.25569e-05
750 200 1.07311e-05
775 200 9.40391e-06
800 200 8.44441e-06
825 200 7.74428e-06
850 200 7.22644e-06
875 200 6.84016e-06
900 200 6.55327e-06
925 200 6.34559e-06
950 200 6.20458e-06
975 200 6.12267e-06
1000 200 6.09579e-06
1025 200 6.12267e-06
1050 200 6.20458e-06
1075 200 6.34559e-06
1100 200 6.55327e-06
1125 200 6.84016e-06
1150 200 7.22644e-06
1175 200 7.74428e-06
1200 200 8.44441e-06
1225 200 9.40391e-06
1250 200 1.07311e-05
1275 200 1.25569e-05
1300 200 1.49907e-05
1325 200 1.80152e-05
1350 200 2.13038e-05
1375 200 2.3999e-05
1400 200 2.45955e-05
1425 200 2.11658e-05
1450 200 1.21281e-05
1475 200 -2.56886e-06
1500 200 -2.05008e-05
1525 200 -3.70133e-05
1550 200 -4.70859e-05
1575 200 -4.79522e-05
1600 200 -4.06386e-05
1625 200 -2.91616e-05
1650 200 -1.80168e-05
1675 200 -9.9435e-06
1700 200 -5.3881e-06
1725 200 -3.41218e-06
1750 200 -2.85338e-06
1775 200 -2.92953e-06
1800 200 -3.28408e-06
1825 200 -3.82214e-06
1850 200 -4.58072e-06
1875 200 -5.6989e-06
1900 200 -7.52455e-06
1925 200 -1.10056e-05
1950 200 -1.76704e-05
1975 200 -2.43768e-05
2000 200 -1.52616e-05
2025 200 1.78782e-05
2050 200 4.57671e-05
2075 200 4.1413e-05
2100 200 2.05699e-05
2125 200 6.23466e-06
2150 200 1.21428e-06
2175 200 1.57219e-07
2200 200 1.38864e-08
2225 200 8.54603e-10
2250 200 3.73146e-11
2275 200 1.17433e-12
2300 200 2.70135e-14
2325 200 4.59949e-16
2350 200 5.86277e-18
2375 200 5.6525e-20
2400 200 4.16115e-22
2425 200 2.35925e-24
2450 200 1.03842e-26
2475 200 3.57441e-29
2500 200 9.68761e-32
2525 200 2.08042e-34
2550 200 3.5609e-37
2575 200 4.88453e-40
2600 200 5.39712e-43
2625 200 4.82681e-46
2650 200 3.50971e-49
2675 200 2.08366e-52
2700 200 1.01404e-55
2725 200 4.06055e-59
2750 200 1.3426e-62
2775 200 3.67782e-66
2800 200 8.37313e-70
2825 200 1.58905e-73
2850 200 2.52096e-77
2875 200 3.35229e-81
2900 200 3.74604e-85
2925 200 3.52621e-89
2950 200 2.80254e-93
2975 200 1.88474e-97
0 225 0
25 225 -9.79459e-06
50 225 -3.87161e-05
75 225 -5.56144e-05
100 225 -4.17607e-05
125 225 -1.98457e-05
150 225 -7.80628e-06
175 225 -3.9468e-06
200 225 -2.93039e-06
225 225 -2.53487e-06
250 225 -2.29108e-06
275 225 -2.18328e-06
300 225 -2.37547e-06
325 225 -3.28261e-06
350 225 -5.65325e-06
375 225 -1.04311e-05
400 225 -1.82187e-05
425 225 -2.84793e-05
450 225 -3.90479e-05
475 225 -4.65844e-05
500 225 -4.7989e-05
525 225 -4.1971e-05
550 225 -2.97279e-05
575 225 -1.43278e-05
600 225 7.09793e-07
625 225 1.27345e-05
650 225 2.05739e-05
675 225 2.43901e-05
700 225 2.51288e-05
725 225 2.39474e-05
750 225 2.18415e-05
775 225 1.94987e-05
800 225 1.73093e-05
825 225 1.54451e-05
850 225 1.39465e-05
875 225 1.27891e-05
900 225 1.19253e-05
925 225 1.13066e-05
950 225 1.0893e-05
975 225 1.06559e-05
1000 225 1.05787e-05
1025 225 1.06559e-05
1050 225 1.0893e-05
1075 225 1.13066e-05
1100 225 1.19253e-05
1125 225 1.27891e-05
1150 225 1.39465e-05
1175 225 1.54451e-05
1200 225 1.73093e-05
1225 225 1.94987e-05
1250 225 2.18415e-05
1275 225 2.39474e-05
1300 225 2.51288e-05
1325 225 2.43901e-05
1350 225 2.05739e-05
1375 225 1.27345e-05
1400 225 7.09793e-07
1425 225 -1.43278e-05
1450 225 -2.97279e-05
1475 225 -4.1971e-05
1500 225 -4.7989e-05
1525 225 -4.65844e-05
1550 225 -3.90479e-05
1575 225 -2.84793e-05
1600 225 -1.82187e-05
1625 225 -1.04311e-05
1650 225 -5.65325e-06
1675 225 -3.28261e-06
1700 225 -2.37547e-06
1725 225 -2.18326e-06
1750 225 -2.29078e-06
1775 225 -2.52922e-06
1800 225 -2.85645e-06
1825 225 -3.28512e-06
1850 225 -3.85902e-06
1875 225 -4.66139e-06
1900 225 -5.86053e-06
1925 225 -7.87254e-06
1950 225 -1.18383e-05
1975 225 -1.92114e-05
2000 225 -2.45132e-05
2025 225 -9.4168e-06
2050 225 2.68778e-05
2075 225 4.77418e-05
2100 225 3.59002e-05
2125 225 1.51843e-05
2150 225 3.94726e-06
2175 225 6.61676e-07
2200 225 7.39335e-08
2225 225 5.6502e-09
2250 225 3.01682e-10
2275 225 1.14602e-11
2300 225 3.14694e-13
2325 225 6.33488e-15
2350 225 9.46672e-17
2375 225 1.06216e-18
2400 225 9.04012e-21
2425 225 5.89132e-23
2450 225 2.96502e-25
2475 225 1.16155e-27
2500 225 3.56778e-30
2525 225 8.65013e-33
2550 225 1.66578e-35
2575 225 2.56269e-38
2600 225 3.16667e-41
2625 225 3.15884e-44
2650 225 2.55575e-47
2675 225 1.68459e-50
2700 225 9.08363e-54
2725 225 4.02263e-57
2750 225 1.4684e-60
2775 225 4.43375e-64
2800 225 1.11099e-67
2825 225 2.31744e-71
2850 225 4.03591e-75
2875 225 5.88455e-79
2900 225 7.20229e-83
2925 225 7.4182e-87
2950 225 6.4451e-91
2975 225 4.73419e-95
0 250 0
25 250 1.03284e-05
50 250 -7.80634e-06
75 250 -4.23165e-05
100 250 -5.17e-05
125 250 -3.28008e-05
150 250 -1.35551e-05
175 250 -5.12631e-06
200 250 -2.85341e-06
225 250 -2.29108e-06
250 250 -2.04436e-06
275 250 -1.87119e-06
300 250 -1.76052e-06
325 250 -1.77764e-06
350 250 -2.10677e-06
375 250 -3.13208e-06
400 250 -5.46874e-06
425 250 -9.82572e-06
450 250 -1.66334e-05
475 250 -2.55547e-05
500 250 -3.51977e-05
525 250 -4.33399e-05
550 250 -4.76755e-05
575 250 -4.6723e-05
600 250 -4.0396e-05
625 250 -2.9957e-05
650 250 -1.74536e-05
675 250 -4.98459e-06
700 250 5.8632e-06
725 250 1.42484e-05
750 250 2.00142e-05
775 250 2.34686e-05
800 250 2.51403e-05
825 250 2.55903e-05
850 250 2.53049e-05
875 250 2.4654e-05
900 250 2.3894e-05
925 250 2.31884e-05
950 250 2.26344e-05
975 250 2.22852e-05
1000 250 2.21662e-05
1025 250 2.22852e-05
1050 250 2.26344e-05
1075 250 2.31884e-05
1100 250 2.3894e-05
1125 250 2.4654e-05
1150 250 2.53049e-05
1175 250 2.55903e-05
1200 250 2.51403e-05
1225 250 2.34686e-05
1250 250 2.00142e-05
1275 250 1.42484e-05
1300 250 5.8632e-06
1325 250 -4.98459e-06
1350 250 -1.74536e-05
1375 250 -2.9957e-05
1400 250 -4.0396e-05
1425 250 -4.6723e-05
1450 250 -4.76755e-05
1475 250 -4.33399e-05
1500 250 -3.51977e-05
1525 250 -2.55547e-05
1550 250 -1.66334e-05
1575 250 -9.82572e-06
1600 250 -5.46874e-06
1625 250 -3.13208e-06
1650 250 -2.10677e-06
1675 250 -1.77764e-06
1700 250 -1.76052e-06
1725 250 -1.87109e-06
1750 250 -2.04236e-06
1775 250 -2.2605e-06
1800 250 -2.53311e-06
1825 250 -2.87917e-06
1850 250 -3.33019e-06
1875 250 -3.93909e-06
1900 250 -4.80204e-06
1925 250 -6.1195e-06
1950 250 -8.41438e-06
1975 250 -1.30971e-05
2000 250 -2.11676e-05
2025 250 -2.34255e-05
2050 250 -6.0804e-07
2075 250 3.6197e-05
2100 250 4.6898e-05
2125 250 2.88617e-05
2150 250 1.02249e-05
2175 250 2.24715e-06
2200 250 3.20299e-07
2225 250 3.05729e-08
2250 250 2.00438e-09
2275 250 9.21801e-11
2300 250 3.02795e-12
2325 250 7.21707e-14
2350 250 1.26568e-15
2375 250 1.65366e-17
2400 250 1.62776e-19
2425 250 1.21944e-21
2450 250 7.01727e-24
2475 250 3.12807e-26
2500 250 1.08856e-28
2525 250 2.97847e-31
2550 250 6.45013e-34
2575 250 1.11233e-36
2600 250 1.53624e-39
2625 250 1.70821e-42
2650 250 1.53685e-45
2675 250 1.12392e-48
2700 250 6.71022e-52
2725 250 3.28401e-55
2750 250 1.32251e-58
2775 250 4.39836e-62
2800 250 1.21214e-65
2825 250 2.77702e-69
2850 250 5.30507e-73
2875 250 8.47492e-77
2900 250 1.13526e-80
2925 250 1.27847e-84
2950 250 1.21335e-88
2975 250 9.72731e-93
0 275 0
25 275 1.40311e-05
50 275 1.33704e-05
75 275 -1.62873e-05
100 275 -4.79386e-05
125 275 -4.59295e-05
150 275 -2.40777e-05
175 275 -8.75187e-06
200 275 -3.41218e-06
225 275 -2.18328e-06
250 275 -1.87119e-06
275 275 -1.70641e-06
300 275 -1.57859e-06
325 275 -1.48083e-06
350 275 -1.43416e-06
375 275 -1.50619e-06
400 275 -1.85577e-06
425 275 -2.78153e-06
450 275 -4.72987e-06
475 275 -8.20403e-06
500 275 -1.35512e-05
525 275 -2.06921e-05
550 275 -2.89413e-05
575 275 -3.70589e-05
600 275 -4.35623e-05
625 275 -4.7173e-05
650 275 -4.71954e-05
675 275 -4.36715e-05
700 275 -3.72798e-05
725 275 -2.90667e-05
750 275 -2.01411e-05
775 275 -1.14401e-05
800 275 -3.61035e-06
825 275 3.00436e-06
850 275 8.30819e-06
875 275 1.23716e-05
900 275 1.53524e-05
925 275 1.7435e-05
950 275 1.87891e-05
975 275 1.95465e-05
1000 275 1.97897e-05
1025 275 1.95465e-05
1050 275 1.87891e-05
1075 275 1.7435e-05
1100 275 1.53524e-05
1125 275 1.23716e-05
1150 275 8.30819e-06
1175 275 3.00436e-06
1200 275 -3.61035e-06
1225 275 -1.14401e-05
1250 275 -2.01411e-05
1275 275 -2.90667e-05
1300 275 -3.72798e-05
1325 275 -4.36715e-05
1350 275 -4.71954e-05
1375 275 -4.7173e-05
1400 275 -4.35623e-05
1425 275 -3.70589e-05
1450 275 -2.89413e-05
1475 275 -2.06921e-05
1500 275 -1.35512e-05
1525 275 -8.20403e-06
1550 275 -4.72987e-06
1575 275 -2.78153e-06
1600 275 -1.85577e-06
1625 275 -1.50619e-06
1650 275 -1.43416e-06
1675 275 -1.48083e-06
1700 275 -1.57857e-06
1725 275 -1.7058e-06
1750 275 -1.86017e-06
1775 275 -2.04699e-06
1800 275 -2.27601e-06
1825 275 -2.56196e-06
1850 275 -2.92731e-06
1875 275 -3.40789e-06
1900 275 -4.06476e-06
1925 275 -5.01206e-06
1950 275 -6.49984e-06
1975 275 -9.22234e-06
2000 275 -1.49172e-05
2025 275 -2.32535e-05
2050 275 -1.98702e-05
2075 275 1.12753e-05
2100 275 4.38738e-05
2125 275 4.25216e-05
2150 275 2.11504e-05
2175 275 6.18991e-06
2200 275 1.13617e-06
2225 275 1.36289e-07
2250 275 1.10168e-08
2275 275 6.15093e-10
2300 275 2.42147e-11
2325 275 6.84177e-13
2350 275 1.40908e-14
2375 275 2.1445e-16
2400 275 2.44145e-18
2425 275 2.10218e-20
2450 275 1.38266e-22
2475 275 7.00988e-25
2500 275 2.76214e-27
2525 275 8.52348e-30
2550 275 2.07423e-32
2575 275 4.00657e-35
2600 275 6.17961e-38
2625 275 7.65309e-41
2650 275 7.64979e-44
2675 275 6.20153e-47
2700 275 4.0959e-50
2725 275 2.21331e-53
2750 275 9.82441e-57
2775 275 3.59557e-60
2800 275 1.08882e-63
2825 275 2.73728e-67
2850 275 5.73083e-71
2875 275 1.00217e-74
2900 275 1.46796e-78
2925 275 1.80587e-82
2950 275 1.87052e-86
2975 275 1.63523e-90
0 300 0
25 300 1.03819e-05
50 300 1.93729e-05
75 300 8.09821e-06
100 300 -2.86248e-05
125 300 -5.05845e-05
150 300 -3.75218e-05
175 300 -1.62007e-05
200 300 -5.3881e-06
225 300 -2.37547e-06
250 300 -1.76052e-06
275 300 -1.57859e-06
300 300 -1.4613e-06
325 300 -1.36435e-06
350 300 -1.28374e-06
375 300 -1.22432e-06
400 300 -1.20604e-06
425 300 -1.28166e-06
450 300 -1.5632e-06
475 300 -2.24736e-06
500 300 -3.61842e-06
525 300 -6.0034e-06
550 300 -9.67129e-06
575 300 -1.47024e-05
600 300 -2.08851e-05
625 300 -2.7698e-05
650 300 -3.44022e-05
675 300 -4.02126e-05
700 300 -4.44844e-05
725 300 -4.68459e-05
750 300 -4.72445e-05
775 300 -4.59057e-05
800 300 -4.32408e-05
825 300 -3.97395e-05
850 300 -3.58805e-05
875 300 -3.20737e-05
900 300 -2.86352e-05
925 300 -2.57873e-05
950 300 -2.36734e-05
975 300 -2.23772e-05
1000 300 -2.19409e-05
1025 300 -2.23772e-05
1050 300 -2.36734e-05
1075 300 -2.57873e-05
1100 300 -2.86352e-05
1125 300 -3.20737e-05
1150 300 -3.58805e-05
1175 300 -3.97395e-05
1200 300 -4.32408e-05
1225 300 -4.59057e-05
1250 300 -4.72445e-05
1275 300 -4.68459e-05
1300 300 -4.44844e-05
1325 300 -4.02126e-05
1350 300 -3.44022e-05
1375 300 -2.7698e-05
1400 300 -2.08851e-05
1425 300 -1.47024e-05
1450 300 -9.67129e-06
1475 300 -6.0034e-06
1500 300 -3.61842e-06
1525 300 -2.24736e-06
1550 300 -1.5632e-06
1575 300 -1.28166e-06
1600 300 -1.20604e-06
1625 300 -1.22432e-06
1650 300 -1.28374e-06
1675 300 -1.36435e-06
1700 300 -1.46114e-06
1725 300 -1.57516e-06
1750 300 -1.71007e-06
1775 300 -1.87143e-06
1800 300 -2.06706e-06
1825 300 -2.30818e-06
1850 300 -2.61137e-06
1875 300 -3.00216e-06
1900 300 -3.52207e-06
1925 300 -4.24358e-06
1950 300 -5.30738e-06
1975 300 -7.04278e-06
2000 300 -1.04197e-05
2025 300 -1.74247e-05
2050 300 -2.46803e-05
2075 300 -1.23418e-05
2100 300 2.51027e-05
2125 300 4.75823e-05
2150 300 3.49104e-05
2175 300 1.38925e-05
2200 300 3.32104e-06
2225 300 5.04042e-07
2250 300 5.04506e-08
2275 300 3.4288e-09
2300 300 1.62037e-10
2325 300 5.43215e-12
2350 300 1.31433e-13
2375 300 2.33002e-15
2400 300 3.06711e-17
2425 300 3.0338e-19
2450 300 2.27919e-21
2475 300 1.31317e-23
2500 300 5.85378e-26
2525 300 2.03528e-28
2550 300 5.5603e-31
2575 300 1.20175e-33
2600 300 2.06778e-36
2625 300 2.84907e-39
2650 300 3.16057e-42
2675 300 2.83715e-45
2700 300 2.07063e-48
2725 300 1.23407e-51
2750 300 6.03106e-55
2775 300 2.42633e-58
2800 300 8.06478e-62
2825 300 2.22238e-65
2850 300 5.09374e-69
2875 300 9.74044e-73
2900 300 1.55849e-76
2925 300 2.0922e-80
2950 300 2.36269e-84
2975 300 2.25002e-88
0 325 0
25 325 6.49115e-06
50 325 1.60803e-05
75 325 2.0157e-05
100 325 -3.2843e-06
125 325 -4.07513e-05
150 325 -4.80151e-05
175 325 -2.75878e-05
200 325 -9.9435e-06
225 325 -3.28261e-06
250 325 -1.77764e-06
275 325 -1.48083e-06
300 325 -1.36435e-06
325 325 -1.27644e-06
350 325 -1.20116e-06
375 325 -1.1362e-06
400 325 -1.08173e-06
425 325 -1.04209e-06
450 325 -1.031e-06
475 325 -1.08115e-06
500 325 -1.25701e-06
525 325 -1.66668e-06
550 325 -2.46374e-06
575 325 -3.83027e-06
600 325 -5.93762e-06
625 325 -8.89327e-06
650 325 -1.26922e-05
675 325 -1.71934e-05
700 325 -2.21338e-05
725 325 -2.71757e-05
750 325 -3.19737e-05
775 325 -3.6237e-05
800 325 -3.97727e-05
825 325 -4.25015e-05
850 325 -4.44483e-05
875 325 -4.57157e-05
900 325 -4.64514e-05
925 325 -4.68161e-05
950 325 -4.69578e-05
975 325 -4.69932e-05
1000 325 -4.69966e-05
1025 325 -4.69932e-05
1050 325 -4.69578e-05
1075 325 -4.68161e-05
1100 325 -4.64514e-05
1125 325 -4.57157e-05
1150 325 -4.44483e-05
1175 325 -4.25015e-05
1200 325 -3.97727e-05
1225 325 -3.6237e-05
1250 325 -3.19737e-05
1275 325 -2.71757e-05
1300 325 -2.21338e-05
1325 325 -1.71934e-05
1350 325 -1.26922e-05
1375 325 -8.89327e-06
1400 325 -5.93762e-06
1425 325 -3.83027e-06
1450 325 -2.46374e-06
1475 325 -1.66668e-06
1500 325 -1.25701e-06
1525 325 -1.08115e-06
1550 325 -1.031e-06
1575 325 -1.04209e-06
1600 325 -1.08173e-06
1625 325 -1.1362e-06
1650 325 -1.20116e-06
1675 325 -1.2764e-06
1700 325 -1.36344e-06
1725 325 -1.46475e-06
1750 325 -1.58371e-06
1775 325 -1.72488e-06
1800 325 -1.89449e-06
1825 325 -2.10129e-06
1850 325 -2.35792e-06
1875 325 -2.68332e-06
1900 325 -3.10719e-06
1925 325 -3.67889e-06
1950 325 -4.48732e-06
1975 325 -5.71369e-06
2000 325 -7.82049e-06
2025 325 -1.22048e-05
2050 325 -2.05676e-05
2075 325 -2.38359e-05
2100 325 1.77111e-07
2125 325 3.8068e-05
2150 325 4.56572e-05
2175 325 2.54865e-05
2200 325 8.04901e-06
2225 325 1.55773e-06
2250 325 1.93934e-07
2275 325 1.60864e-08
2300 325 9.13852e-10
2325 325 3.6372e-11
2350 325 1.03392e-12
2375 325 2.13431e-14
2400 325 3.24642e-16
2425 325 3.6858e-18
2450 325 3.15971e-20
2475 325 2.0666e-22
2500 325 1.04098e-24
2525 325 4.07297e-27
2550 325 1.24757e-29
2575 325 3.0131e-32
2600 325 5.7761e-35
2625 325 8.84262e-38
2650 325 1.08721e-40
2675 325 1.07925e-43
2700 325 8.69231e-47
2725 325 5.70622e-50
2750 325 3.06637e-53
2775 325 1.35429e-56
2800 325 4.93461e-60
2825 325 1.48865e-63
2850 325 3.73066e-67
2875 325 7.79123e-71
2900 325 1.36004e-74
2925 325 1.98999e-78
2950 325 2.44717e-82
2975 325 2.53568e-86
0 350 0
25 350 4.14949e-06
50 350 1.09595e-05
75 350 2.04488e-05
100 350 1.55104e-05
125 350 -1.92836e-05
150 350 -4.84188e-05
175 350 -4.01614e-05
200 350 -1.80168e-05
225 350 -5.65325e-06
250 350 -2.10677e-06
275 350 -1.43416e-06
300 350 -1.28374e-06
325 350 -1.20116e-06
350 350 -1.13275e-06
375 350 -1.07305e-06
400 350 -1.02064e-06
425 350 -9.74792e-07
450 350 -9.35794e-07
475 350 -9.0617e-07
500 350 -8.93139e-07
525 350 -9.12608e-07
550 350 -9.94236e-07
575 350 -1.18583e-06
600 350 -1.55425e-06
625 350 -2.1799e-06
650 350 -3.14398e-06
675 350 -4.51028e-06
700 350 -6.30692e-06
725 350 -8.51377e-06
750 350 -1.10602e-05
775 350 -1.38336e-05
800 350 -1.66965e-05
825 350 -1.95064e-05
850 350 -2.21332e-05
875 350 -2.44718e-05
900 350 -2.64463e-05
925 350 -2.80091e-05
950 350 -2.91345e-05
975 350 -2.98117e-05
1000 350 -3.00376e-05
1025 350 -2.98117e-05
1050 350 -2.91345e-05
1075 350 -2.80091e-05
1100 350 -2.64463e-05
1125 350 -2.44718e-05
1150 350 -2.21332e-05
1175 350 -1.95064e-05
1200 350 -1.66965e-05
1225 350 -1.38336e-05
1250 350 -1.10602e-05
1275 350 -8.51377e-06
1300 350 -6.30692e-06
1325 350 -4.51028e-06
1350 350 -3.14398e-06
1375 350 -2.1799e-06
1400 350 -1.55425e-06
1425 350 -1.18583e-06
1450 350 -9.94236e-07
1475 350 -9.12608e-07
1500 350 -8.93139e-07
1525 350 -9.0617e-07
1550 350 -9.35794e-07
1575 350 -9.74792e-07
1600 350 -1.02064e-06
1625 350 -1.07305e-06
1650 350 -1.13274e-06
1675 350 -1.20095e-06
1700 350 -1.27937e-06
1725 350 -1.37015e-06
1750 350 -1.47614e-06
1775 350 -1.60109e-06
1800 350 -1.75004e-06
1825 350 -1.93e-06
1850 350 -2.15085e-06
1875 350 -2.42713e-06
1900 350 -2.78093e-06
1925 350 -3.24764e-06
1950 350 -3.88768e-06
1975 350 -4.81419e-06
2000 350 -6.27345e-06
2025 350 -8.96368e-06
2050 350 -1.48472e-05
2075 350 -2.36965e-05
2100 350 -1.82914e-05
2125 350 1.68565e-05
2150 350 4.6268e-05
2175 350 3.82314e-05
2200 350 1.62667e-05
2225 350 4.05216e-06
2250 350 6.30624e-07
2275 350 6.40093e-08
2300 350 4.37664e-09
2325 350 2.06875e-10
2350 350 6.90717e-12
2375 350 1.65917e-13
2400 350 2.91335e-15
2425 350 3.79213e-17
2450 350 3.70467e-19
2475 350 2.74673e-21
2500 350 1.56108e-23
2525 350 6.863e-26
2550 350 2.35326e-28
2575 350 6.34122e-31
2600 350 1.35219e-33
2625 350 2.2964e-36
2650 350 3.12441e-39
2675 350 3.42443e-42
2700 350 3.03896e-45
2725 350 2.19405e-48
2750 350 1.29446e-51
2775 350 6.26697e-55
2800 350 2.4995e-58
2825 350 8.24276e-62
2850 350 2.25536e-65
2875 350 5.13687e-69
2900 350 9.76918e-73
2925 350 1.55581e-76
2950 350 2.0806e-80
2975 350 2.34254e-84
0 375 0
25 375 2.89865e-06
50 375 7.27932e-06
75 375 1.56177e-05
100 375 2.23796e-05
125 375 3.63791e-06
150 375 -3.58748e-05
175 375 -4.84151e-05
200 375 -2.91616e-05
225 375 -1.04311e-05
250 375 -3.13208e-06
275 375 -1.50619e-06
300 375 -1.22432e-06
325 375 -1.1362e-06
350 375 -1.07305e-06
375 375 -1.0184e-06
400 375 -9.70175e-07
425 375 -9.27433e-07
450 375 -8.89469e-07
475 375 -8.55855e-07
500 375 -8.26644e-07
525 375 -8.02836e-07
550 375 -7.87244e-07
575 375 -7.85767e-07
600 375 -8.0887e-07
625 375 -8.72744e-07
650 375 -9.99358e-07
675 375 -1.21471e-06
700 375 -1.54506e-06
725 375 -2.01159e-06
750 375 -2.62485e-06
775 375 -3.38031e-06
800 375 -4.25645e-06
825 375 -5.21572e-06
850 375 -6.20828e-06
875 375 -7.17727e-06
900 375 -8.0647e-06
925 375 -8.81683e-06
950 375 -9.38834e-06
975 375 -9.74523e-06
1000 375 -9.86655e-06
1025 375 -9.74523e-06
1050 375 -9.38834e-06
1075 375 -8.81683e-06
1100 375 -8.0647e-06
1125 375 -7.17727e-06
1150 375 -6.20828e-06
1175 375 -5.21572e-06
1200 375 -4.25645e-06
1225 375 -3.38031e-06
1250 375 -2.62485e-06
1275 375 -2.01159e-06
1300 375 -1.54506e-06
1325 375 -1.21471e-06
1350 375 -9.99358e-07
1375 375 -8.72744e-07
1400 375 -8.0887e-07
1425 375 -7.85767e-07
1450 375 -7.87244e-07
1475 375 -8.02836e-07
1500 375 -8.26644e-07
1525 375 -8.55855e-07
1550 375 -8.89469e-07
1575 375 -9.27433e-07
1600 375 -9.70175e-07
1625 375 -1.0184e-06
1650 375 -1.07301e-06
1675 375 -1.13519e-06
1700 375 -1.20638e-06
1725 375 -1.28844e-06
1750 375 -1.38376e-06
1775 375 -1.49547e-06
1800 375 -1.62777e-06
1825 375 -1.78633e-06
1850 375 -1.97912e-06
1875 375 -2.21755e-06
1900 375 -2.51863e-06
1925 375 -2.90874e-06
1950 375 -3.43118e-06
1975 375 -4.1624e-06
2000 375 -5.25278e-06
2025 375 -7.06105e-06
2050 375 -1.07105e-05
2075 375 -1.85264e-05
2100 375 -2.48983e-05
2125 375 -5.85546e-06
2150 375 3.38957e-05
2175 375 4.66288e-05
2200 375 2.75338e-05
2225 375 8.9356e-06
2250 375 1.74832e-06
2275 375 2.17747e-07
2300 375 1.79389e-08
2325 375 1.00709e-09
2350 375 3.94711e-11
2375 375 1.10217e-12
2400 375 2.23122e-14
2425 375 3.32462e-16
2450 375 3.6953e-18
2475 375 3.10043e-20
2500 375 1.98464e-22
2525 375 9.78586e-25
2550 375 3.74939e-27
2575 375 1.12517e-29
2600 375 2.66397e-32
2625 375 5.00962e-35
2650 375 7.52882e-38
2675 375 9.09451e-41
2700 375 8.87703e-44
2725 375 7.03619e-47
2750 375 4.5498e-50
2775 375 2.41048e-53
2800 375 1.05057e-56
2825 375 3.781e-60
2850 375 1.1277e-63
2875 375 2.79667e-67
2900 375 5.78534e-71
2925 375 1.00127e-74
2950 375 1.45391e-78
2975 375 1.77603e-82
0 400 0
25 400 2.18102e-06
50 400 5.14422e-06
75 400 1.08143e-05
100 400 2.04373e-05
125 400 1.86514e-05
150 400 -1.48441e-05
175 400 -4.69989e-05
200 400 -4.06386e-05
225 400 -1.82187e-05
250 400 -5.46874e-06
275 400 -1.85577e-06
300 400 -1.20604e-06
325 400 -1.08173e-06
350 400 -1.02064e-06
375 400 -9.70175e-07
400 400 -9.25653e-07
425 400 -8.86078e-07
450 400 -8.50775e-07
475 400 -8.19198e-07
500 400 -7.90915e-07
525 400 -7.65621e-07
550 400 -7.43199e-07
575 400 -7.23848e-07
600 400 -7.083e-07
625 400 -6.98103e-07
650 400 -6.95908e-07
675 400 -7.05617e-07
700 400 -7.32248e-07
725 400 -7.81365e-07
750 400 -8.58091e-07
775 400 -9.6583e-07
800 400 -1.10499e-06
825 400 -1.27204e-06
850 400 -1.45919e-06
875 400 -1.65479e-06
900 400 -1.8445e-06
925 400 -2.01293e-06
950 400 -2.14549e-06
975 400 -2.23025e-06
1000 400 -2.25941e-06
1025 400 -2.23025e-06
1050 400 -2.14549e-06
1075 400 -2.01293e-06
1100 400 -1.8445e-06
1125 400 -1.65479e-06
1150 400 -1.45919e-06
1175 400 -1.27204e-06
1200 400 -1.10499e-06
1225 400 -9.6583e-07
1250 400 -8.58091e-07
1275 400 -7.81365e-07
1300 400 -7.32248e-07
1325 400 -7.05617e-07
1350 400 -6.95908e-07
1375 400 -6.98103e-07
1400 400 -7.083e-07
1425 400 -7.23848e-07
1450 400 -7.43199e-07
1475 400 -7.65621e-07
1500 400 -7.90915e-07
1525 400 -8.19198e-07
1550 400 -8.50775e-07
1575 400 -8.86078e-07
1600 400 -9.25653e-07
1625 400 -9.70169e-07
1650 400 -1.02045e-06
1675 400 -1.07751e-06
1700 400 -1.14261e-06
1725 400 -1.21736e-06
1750 400 -1.3038e-06
1775 400 -1.4046e-06
1800 400 -1.52326e-06
1825 400 -1.66452e-06
1850 400 -1.83489e-06
1875 400 -2.04356e-06
1900 400 -2.30397e-06
1925 400 -2.63644e-06
1950 400 -3.07328e-06
1975 400 -3.66908e-06
2000 400 -4.5243e-06
2025 400 -5.8501e-06
2050 400 -8.2175e-06
2075 400 -1.34508e-05
2100 400 -2.27413e-05
2125 400 -2.06949e-05
2150 400 1.30092e-05
