0 0 0
25 0 0
50 0 0
75 0 0
100 0 0
125 0 0
150 0 0
175 0 0
200 0 0
225 0 0
250 0 0
275 0 0
300 0 0
325 0 0
350 0 0
375 0 0
400 0 0
425 0 0
450 0 0
475 0 0
500 0 0
525 0 0
550 0 0
575 0 0
600 0 0
625 0 0
650 0 0
675 0 0
700 0 0
725 0 0
750 0 0
775 0 0
800 0 0
825 0 0
850 0 0
875 0 0
900 0 0
925 0 0
950 0 0
975 0 0
1000 0 0
1025 0 0
1050 0 0
1075 0 0
1100 0 0
1125 0 0
1150 0 0
1175 0 0
1200 0 0
1225 0 0
1250 0 0
1275 0 0
1300 0 0
1325 0 0
1350 0 0
1375 0 0
1400 0 0
1425 0 0
1450 0 0
1475 0 0
1500 0 0
1525 0 0
1550 0 0
1575 0 0
1600 0 0
1625 0 0
1650 0 0
1675 0 0
1700 0 0
1725 0 0
1750 0 0
1775 0 0
1800 0 0
1825 0 0
1850 0 0
1875 0 0
1900 0 0
1925 0 0
1950 0 0
1975 0 0
2000 0 0
2025 0 0
2050 0 0
2075 0 0
2100 0 0
2125 0 0
2150 0 0
2175 0 0
2200 0 0
2225 0 0
2250 0 0
2275 0 0
2300 0 0
2325 0 0
2350 0 0
2375 0 0
2400 0 0
2425 0 0
2450 0 0
2475 0 0
2500 0 0
2525 0 0
2550 0 0
2575 0 0
2600 0 0
2625 0 0
2650 0 0
2675 0 0
2700 0 0
2725 0 0
2750 0 0
2775 0 0
2800 0 0
2825 0 0
2850 0 0
2875 0 0
2900 0 0
2925 0 0
2950 0 0
2975 0 0
0 25 0
25 25 2.27462e-255
50 25 6.05694e-249
75 25 1.2286e-242
100 25 1.96596e-236
125 25 2.5052e-230
150 25 2.54035e-224
175 25 2.04304e-218
200 25 1.29801e-212
225 25 6.48728e-207
250 25 2.53905e-201
275 25 7.74493e-196
300 25 1.83179e-190
325 25 3.34093e-185
350 25 4.67143e-180
375 25 4.9762e-175
400 25 4.01133e-170
425 25 2.42931e-165
450 25 1.09673e-160
475 25 3.66019e-156
500 25 8.94871e-152
525 25 1.58717e-147
550 25 2.02065e-143
575 25 1.82547e-139
600 25 1.15573e-135
625 25 5.05865e-132
650 25 1.50833e-128
675 25 3.01475e-125
700 25 3.969e-122
725 25 3.37672e-119
750 25 1.81838e-116
775 25 6.06044e-114
800 25 1.22029e-111
825 25 1.44674e-109
850 25 9.82986e-108
875 25 3.72281e-106
900 25 7.6443e-105
925 25 8.28898e-104
950 25 4.63651e-103
975 25 1.31315e-102
1000 25 1.8605e-102
1025 25 1.31315e-102
1050 25 4.63651e-103
1075 25 8.28898e-104
1100 25 7.6443e-105
1125 25 3.72281e-106
1150 25 9.82986e-108
1175 25 1.44674e-109
1200 25 1.22029e-111
1225 25 6.06044e-114
1250 25 1.81838e-116
1275 25 3.37672e-119
1300 25 3.969e-122
1325 25 3.01475e-125
1350 25 1.50833e-128
1375 25 5.05865e-132
1400 25 1.15573e-135
1425 25 1.82547e-139
1450 25 2.02065e-143
1475 25 1.58717e-147
1500 25 8.94871e-152
1525 25 3.66019e-156
1550 25 1.09673e-160
1575 25 2.42931e-165
1600 25 4.01133e-170
1625 25 4.9762e-175
1650 25 4.67143e-180
1675 25 3.34093e-185
1700 25 1.83179e-190
1725 25 7.74493e-196
1750 25 2.53905e-201
1775 25 6.48728e-207
1800 25 1.29801e-212
1825 25 2.04304e-218
1850 25 2.54035e-224
1875 25 2.5052e-230
1900 25 1.96596e-236
1925 25 1.2286e-242
1950 25 6.05694e-249
1975 25 2.27462e-255
2000 25 6.05531e-262
2025 25 1.03473e-268
2050 25 1.02166e-275
2075 25 5.2753e-283
2100 25 1.29263e-290
2125 25 1.35394e-298
2150 25 5.34491e-307
2175 25 6.72445e-316
2200 25 0
2225 25 0
2250 25 0
2275 25 0
2300 25 0
2325 25 0
2350 25 0
2375 25 0
2400 25 0
2425 25 0
2450 25 0
2475 25 0
2500 25 0
2525 25 0
2550 25 0
2575 25 0
2600 25 0
2625 25 0
2650 25 0
2675 25 0
2700 25 0
2725 25 0
2750 25 0
2775 25 0
2800 25 0
2825 25 0
2850 25 0
2875 25 0
2900 25 0
2925 25 0
2950 25 0
2975 25 0
0 50 0
25 50 6.05694e-249
50 50 1.39983e-242
75 50 2.56088e-236
100 50 3.74428e-230
125 50 4.37295e-224
150 50 4.06677e-218
175 50 3.0004e-212
200 50 1.74917e-206
225 50 8.02349e-201
250 50 2.8828e-195
275 50 8.0741e-190
300 50 1.75378e-184
325 50 2.93817e-179
350 50 3.77447e-174
375 50 3.69475e-169
400 50 2.73743e-164
425 50 1.52402e-159
450 50 6.32639e-155
475 50 1.94179e-150
500 50 4.36728e-146
525 50 7.12764e-142
550 50 8.35267e-138
575 50 6.94838e-134
600 50 4.05262e-130
625 50 1.63505e-126
650 50 4.49687e-123
675 50 8.29775e-120
700 50 1.00964e-116
725 50 7.94999e-114
750 50 3.96939e-111
775 50 1.22944e-108
800 50 2.3073e-106
825 50 2.55912e-104
850 50 1.63438e-102
875 50 5.8525e-101
900 50 1.1445e-99
925 50 1.19223e-98
950 50 6.47202e-98
975 50 1.7993e-97
1000 50 2.5333e-97
1025 50 1.7993e-97
1050 50 6.47202e-98
1075 50 1.19223e-98
1100 50 1.1445e-99
1125 50 5.8525e-101
1150 50 1.63438e-102
1175 50 2.55912e-104
1200 50 2.3073e-106
1225 50 1.22944e-108
1250 50 3.96939e-111
1275 50 7.94999e-114
1300 50 1.00964e-116
1325 50 8.29775e-120
1350 50 4.49687e-123
1375 50 1.63505e-126
1400 50 4.05262e-130
1425 50 6.94838e-134
1450 50 8.35267e-138
1475 50 7.12764e-142
1500 50 4.36728e-146
1525 50 1.94179e-150
1550 50 6.32639e-155
1575 50 1.52402e-159
1600 50 2.73743e-164
1625 50 3.69475e-169
1650 50 3.77447e-174
1675 50 2.93817e-179
1700 50 1.75378e-184
1725 50 8.0741e-190
1750 50 2.8828e-195
1775 50 8.02349e-201
1800 50 1.74917e-206
1825 50 3.0004e-212
1850 50 4.06677e-218
1875 50 4.37295e-224
1900 50 3.74428e-230
1925 50 2.56088e-236
1950 50 1.39983e-242
1975 50 6.05694e-249
2000 50 2.00281e-255
2025 50 4.70876e-262
2050 50 7.12636e-269
2075 50 6.24878e-276
2100 50 2.8729e-283
2125 50 6.28396e-291
2150 50 5.88992e-299
2175 50 2.08564e-307
2200 50 2.35912e-316
2225 50 0
2250 50 0
2275 50 0
2300 50 0
2325 50 0
2350 50 0
2375 50 0
2400 50 0
2425 50 0
2450 50 0
2475 50 0
2500 50 0
2525 50 0
2550 50 0
2575 50 0
2600 50 0
2625 50 0
2650 50 0
2675 50 0
2700 50 0
2725 50 0
2750 50 0
2775 50 0
2800 50 0
2825 50 0
2850 50 0
2875 50 0
2900 50 0
2925 50 0
2950 50 0
2975 50 0
0 75 0
25 75 1.2286e-242
50 75 2.56088e-236
75 75 4.2807e-230
100 75 5.73628e-224
125 75 6.14409e-218
150 75 5.24171e-212
175 75 3.54848e-206
200 75 1.89858e-200
225 75 7.9944e-195
250 75 2.63724e-189
275 75 6.78308e-184
300 75 1.35328e-178
325 75 2.0828e-173
350 75 2.45844e-168
375 75 2.21156e-163
400 75 1.50606e-158
425 75 7.70824e-154
450 75 2.94215e-149
475 75 8.30507e-145
500 75 1.71822e-140
525 75 2.58018e-136
550 75 2.78287e-132
575 75 2.13141e-128
600 75 1.14504e-124
625 75 4.25746e-121
650 75 1.07983e-117
675 75 1.83909e-114
700 75 2.06767e-111
725 75 1.50647e-108
750 75 6.97235e-106
775 75 2.00645e-103
800 75 3.50894e-101
825 75 3.64041e-99
850 75 2.18511e-97
875 75 7.39784e-96
900 75 1.37781e-94
925 75 1.37893e-93
950 75 7.2651e-93
975 75 1.98277e-92
1000 75 2.77418e-92
1025 75 1.98277e-92
1050 75 7.2651e-93
1075 75 1.37893e-93
1100 75 1.37781e-94
1125 75 7.39784e-96
1150 75 2.18511e-97
1175 75 3.64041e-99
1200 75 3.50894e-101
1225 75 2.00645e-103
1250 75 6.97235e-106
1275 75 1.50647e-108
1300 75 2.06767e-111
1325 75 1.83909e-114
1350 75 1.07983e-117
1375 75 4.25746e-121
1400 75 1.14504e-124
1425 75 2.13141e-128
1450 75 2.78287e-132
1475 75 2.58018e-136
1500 75 1.71822e-140
1525 75 8.30507e-145
1550 75 2.94215e-149
1575 75 7.70824e-154
1600 75 1.50606e-158
1625 75 2.21156e-163
1650 75 2.45844e-168
1675 75 2.0828e-173
1700 75 1.35328e-178
1725 75 6.78308e-184
1750 75 2.63724e-189
1775 75 7.9944e-195
1800 75 1.89858e-200
1825 75 3.54848e-206
1850 75 5.24171e-212
1875 75 6.14409e-218
1900 75 5.73628e-224
1925 75 4.2807e-230
1950 75 2.56088e-236
1975 75 1.2286e-242
2000 75 4.68083e-249
2025 75 1.36698e-255
2050 75 2.84649e-262
2075 75 3.82575e-269
2100 75 2.98682e-276
2125 75 1.22571e-283
2150 75 2.39891e-291
2175 75 2.01667e-299
2200 75 6.41968e-308
2225 75 6.54248e-317
2250 75 0
2275 75 0
2300 75 0
2325 75 0
2350 75 0
2375 75 0
2400 75 0
2425 75 0
2450 75 0
2475 75 0
2500 75 0
2525 75 0
2550 75 0
2575 75 0
2600 75 0
2625 75 0
2650 75 0
2675 75 0
2700 75 0
2725 75 0
2750 75 0
2775 75 0
2800 75 0
2825 75 0
2850 75 0
2875 75 0
2900 75 0
2925 75 0
2950 75 0
2975 75 0
0 100 0
25 100 1.96596e-236
50 100 3.74428e-230
75 100 5.73628e-224
100 100 7.04959e-218
125 100 6.92672e-212
150 100 5.42222e-206
175 100 3.36878e-200
200 100 1.65452e-194
225 100 6.39628e-189
250 100 1.93762e-183
275 100 4.5772e-178
300 100 8.38855e-173
325 100 1.18616e-167
350 100 1.28653e-162
375 100 1.06363e-157
400 100 6.65777e-153
425 100 3.13259e-148
450 100 1.09937e-143
475 100 2.85383e-139
500 100 5.43066e-135
525 100 7.50254e-131
550 100 7.44647e-127
575 100 5.25004e-123
600 100 2.59734e-119
625 100 8.89795e-116
650 100 2.0807e-112
675 100 3.26987e-109
700 100 3.39585e-106
725 100 2.28862e-103
750 100 9.81567e-101
775 100 2.62365e-98
800 100 4.27454e-96
825 100 4.1472e-94
850 100 2.33918e-92
875 100 7.48671e-91
900 100 1.32791e-89
925 100 1.27682e-88
950 100 6.52931e-88
975 100 1.74937e-87
1000 100 2.43237e-87
1025 100 1.74937e-87
1050 100 6.52931e-88
1075 100 1.27682e-88
1100 100 1.32791e-89
1125 100 7.48671e-91
1150 100 2.33918e-92
1175 100 4.1472e-94
1200 100 4.27454e-96
1225 100 2.62365e-98
1250 100 9.81567e-101
1275 100 2.28862e-103
1300 100 3.39585e-106
1325 100 3.26987e-109
1350 100 2.0807e-112
1375 100 8.89795e-116
1400 100 2.59734e-119
1425 100 5.25004e-123
1450 100 7.44647e-127
1475 100 7.50254e-131
1500 100 5.43066e-135
1525 100 2.85383e-139
1550 100 1.09937e-143
1575 100 3.13259e-148
1600 100 6.65777e-153
1625 100 1.06363e-157
1650 100 1.28653e-162
1675 100 1.18616e-167
1700 100 8.38855e-173
1725 100 4.5772e-178
1750 100 1.93762e-183
1775 100 6.39628e-189
1800 100 1.65452e-194
1825 100 3.36878e-200
1850 100 5.42222e-206
1875 100 6.92672e-212
1900 100 7.04959e-218
1925 100 5.73628e-224
1950 100 3.74428e-230
1975 100 1.96596e-236
2000 100 8.30493e-243
2025 100 2.79458e-249
2050 100 7.22872e-256
2075 100 1.33682e-262
2100 100 1.59971e-269
2125 100 1.11471e-276
2150 100 4.0927e-284
2175 100 7.18342e-292
2200 100 5.42806e-300
2225 100 1.55663e-308
2250 100 1.43226e-317
2275 100 0
2300 100 0
2325 100 0
2350 100 0
2375 100 0
2400 100 0
2425 100 0
2450 100 0
2475 100 0
2500 100 0
2525 100 0
2550 100 0
2575 100 0
2600 100 0
2625 100 0
2650 100 0
2675 100 0
2700 100 0
2725 100 0
2750 100 0
2775 100 0
2800 100 0
2825 100 0
2850 100 0
2875 100 0
2900 100 0
2925 100 0
2950 100 0
2975 100 0
0 125 0
25 125 2.5052e-230
50 125 4.37295e-224
75 125 6.14409e-218
100 125 6.92672e-212
125 125 6.24487e-206
150 125 4.48636e-200
175 125 2.55857e-194
200 125 1.15368e-188
225 125 4.09547e-183
250 125 1.13941e-177
275 125 2.47238e-172
300 125 4.16264e-167
325 125 5.4082e-162
350 125 5.39031e-157
375 125 4.09564e-152
400 125 2.35643e-147
425 125 1.01924e-142
450 125 3.28868e-138
475 125 7.85003e-134
500 125 1.37382e-129
525 125 1.74584e-125
550 125 1.59427e-121
575 125 1.03446e-117
600 125 4.71175e-114
625 125 1.48679e-110
650 125 3.20437e-107
675 125 4.64503e-104
700 125 4.4544e-101
725 125 2.77586e-98
750 125 1.10283e-95
775 125 2.73697e-93
800 125 4.1528e-91
825 125 3.76677e-89
850 125 1.99599e-87
875 125 6.03819e-86
900 125 1.01984e-84
925 125 9.42076e-84
950 125 4.67583e-83
975 125 1.22988e-82
1000 125 1.69942e-82
1025 125 1.22988e-82
1050 125 4.67583e-83
1075 125 9.42076e-84
1100 125 1.01984e-84
1125 125 6.03819e-86
1150 125 1.99599e-87
1175 125 3.76677e-89
1200 125 4.1528e-91
1225 125 2.73697e-93
1250 125 1.10283e-95
1275 125 2.77586e-98
1300 125 4.4544e-101
1325 125 4.64503e-104
1350 125 3.20437e-107
1375 125 1.48679e-110
1400 125 4.71175e-114
1425 125 1.03446e-117
1450 125 1.59427e-121
1475 125 1.74584e-125
1500 125 1.37382e-129
1525 125 7.85003e-134
1550 125 3.28868e-138
1575 125 1.01924e-142
1600 125 2.35643e-147
1625 125 4.09564e-152
1650 125 5.39031e-157
1675 125 5.4082e-162
1700 125 4.16264e-167
1725 125 2.47238e-172
1750 125 1.13941e-177
1775 125 4.09547e-183
1800 125 1.15368e-188
1825 125 2.55857e-194
1850 125 4.48636e-200
1875 125 6.24487e-206
1900 125 6.92672e-212
1925 125 6.14409e-218
1950 125 4.37295e-224
1975 125 2.5052e-230
2000 125 1.15822e-236
2025 125 4.32141e-243
2050 125 1.28807e-249
2075 125 2.95926e-256
2100 125 4.87282e-263
2125 125 5.2044e-270
2150 125 3.24434e-277
2175 125 1.06811e-284
2200 125 1.68488e-292
2225 125 1.14678e-300
2250 125 2.96865e-309
2275 125 2.47084e-318
2300 125 0
2325 125 0
2350 125 0
2375 125 0
2400 125 0
2425 125 0
2450 125 0
2475 125 0
2500 125 0
2525 125 0
2550 125 0
2575 125 0
2600 125 0
2625 125 0
2650 125 0
2675 125 0
2700 125 0
2725 125 0
2750 125 0
2775 125 0
2800 125 0
2825 125 0
2850 125 0
2875 125 0
2900 125 0
2925 125 0
2950 125 0
2975 125 0
0 150 0
25 150 2.54035e-224
50 150 4.06677e-218
75 150 5.24171e-212
100 150 5.42222e-206
125 150 4.48636e-200
150 150 2.95849e-194
175 150 1.54901e-188
200 150 6.41356e-183
225 150 2.09094e-177
250 150 5.34325e-172
275 150 1.06509e-166
300 150 1.64755e-161
325 150 1.96684e-156
350 150 1.80147e-151
375 150 1.25798e-146
400 150 6.6525e-142
425 150 2.64501e-137
450 150 7.84576e-133
475 150 1.72185e-128
500 150 2.77089e-124
525 150 3.23834e-120
550 150 2.72016e-116
575 150 1.62394e-112
600 150 6.80773e-109
625 150 1.97799e-105
650 150 3.92759e-102
675 150 5.24951e-99
700 150 4.64636e-96
725 150 2.67613e-93
750 150 9.84426e-91
775 150 2.26741e-88
800 150 3.20262e-86
825 150 2.71476e-84
850 150 1.35102e-82
875 150 3.86211e-81
900 150 6.21043e-80
925 150 5.51095e-79
950 150 2.6547e-78
975 150 6.85496e-78
1000 150 9.41305e-78
1025 150 6.85496e-78
1050 150 2.6547e-78
1075 150 5.51095e-79
1100 150 6.21043e-80
1125 150 3.86211e-81
1150 150 1.35102e-82
1175 150 2.71476e-84
1200 150 3.20262e-86
1225 150 2.26741e-88
1250 150 9.84426e-91
1275 150 2.67613e-93
1300 150 4.64636e-96
1325 150 5.24951e-99
1350 150 3.92759e-102
1375 150 1.97799e-105
1400 150 6.80773e-109
1425 150 1.62394e-112
1450 150 2.72016e-116
1475 150 3.23834e-120
1500 150 2.77089e-124
1525 150 1.72185e-128
1550 150 7.84576e-133
1575 150 2.64501e-137
1600 150 6.6525e-142
1625 150 1.25798e-146
1650 150 1.80147e-151
1675 150 1.96684e-156
1700 150 1.64755e-161
1725 150 1.06509e-166
1750 150 5.34325e-172
1775 150 2.09094e-177
1800 150 6.41356e-183
1825 150 1.54901e-188
1850 150 2.95849e-194
1875 150 4.48636e-200
1900 150 5.42222e-206
1925 150 5.24171e-212
1950 150 4.06677e-218
1975 150 2.54035e-224
2000 150 1.28143e-230
2025 150 5.23257e-237
2050 150 1.7294e-243
2075 150 4.57872e-250
2100 150 9.36753e-257
2125 150 1.37681e-263
2150 150 1.31552e-270
2175 150 7.35278e-278
2200 150 2.17524e-285
2225 150 3.09014e-293
2250 150 1.89822e-301
2275 150 4.44431e-310
2300 150 3.35283e-319
2325 150 0
2350 150 0
2375 150 0
2400 150 0
2425 150 0
2450 150 0
2475 150 0
2500 150 0
2525 150 0
2550 150 0
2575 150 0
2600 150 0
2625 150 0
2650 150 0
2675 150 0
2700 150 0
2725 150 0
2750 150 0
2775 150 0
2800 150 0
2825 150 0
2850 150 0
2875 150 0
2900 150 0
2925 150 0
2950 150 0
2975 150 0
0 175 0
25 175 2.04304e-218
50 175 3.0004e-212
75 175 3.54848e-206
100 175 3.36878e-200
125 175 2.55857e-194
150 175 1.54901e-188
175 175 7.4472e-183
200 175 2.83175e-177
225 175 8.47958e-172
250 175 1.99053e-166
275 175 3.64526e-161
300 175 5.18088e-156
325 175 5.68324e-151
350 175 4.78351e-146
375 175 3.06986e-141
400 175 1.49205e-136
425 175 5.45263e-132
450 175 1.4867e-127
475 175 2.9993e-123
500 175 4.43731e-119
525 175 4.76812e-115
550 175 3.68307e-111
575 175 2.0224e-107
600 175 7.80015e-104
625 175 2.08595e-100
650 175 3.81432e-97
675 175 4.69835e-94
700 175 3.83628e-91
725 175 2.04107e-88
750 175 6.94807e-86
775 175 1.48444e-83
800 175 1.95083e-81
825 175 1.54468e-79
850 175 7.21668e-78
875 175 1.94882e-76
900 175 2.98288e-75
925 175 2.54225e-74
950 175 1.18846e-73
975 175 3.01259e-73
1000 175 4.111e-73
1025 175 3.01259e-73
1050 175 1.18846e-73
1075 175 2.54225e-74
1100 175 2.98288e-75
1125 175 1.94882e-76
1150 175 7.21668e-78
1175 175 1.54468e-79
1200 175 1.95083e-81
1225 175 1.48444e-83
1250 175 6.94807e-86
1275 175 2.04107e-88
1300 175 3.83628e-91
1325 175 4.69835e-94
1350 175 3.81432e-97
1375 175 2.08595e-100
1400 175 7.80015e-104
1425 175 2.0224e-107
1450 175 3.68307e-111
1475 175 4.76812e-115
1500 175 4.43731e-119
1525 175 2.9993e-123
1550 175 1.4867e-127
1575 175 5.45263e-132
1600 175 1.49205e-136
1625 175 3.06986e-141
1650 175 4.78351e-146
1675 175 5.68324e-151
1700 175 5.18088e-156
1725 175 3.64526e-161
1750 175 1.99053e-166
1775 175 8.47958e-172
1800 175 2.83175e-177
1825 175 7.4472e-183
1850 175 1.54901e-188
1875 175 2.55857e-194
1900 175 3.36878e-200
1925 175 3.54848e-206
1950 175 3.0004e-212
1975 175 2.04304e-218
2000 175 1.12369e-224
2025 175 5.00624e-231
2050 175 1.81081e-237
2075 175 5.31626e-244
2100 175 1.25354e-250
2125 175 2.28947e-257
2150 175 3.01061e-264
2175 175 2.57908e-271
2200 175 1.29519e-278
2225 175 3.4501e-286
2250 175 4.42255e-294
2275 175 2.45655e-302
2300 175 5.21147e-311
2325 175 3.56962e-320
2350 175 0
2375 175 0
2400 175 0
2425 175 0
2450 175 0
2475 175 0
2500 175 0
2525 175 0
2550 175 0
2575 175 0
2600 175 0
2625 175 0
2650 175 0
2675 175 0
2700 175 0
2725 175 0
2750 175 0
2775 175 0
2800 175 0
2825 175 0
2850 175 0
2875 175 0
2900 175 0
2925 175 0
2950 175 0
2975 175 0
0 200 0
25 200 1.29801e-212
50 200 1.74917e-206
75 200 1.89858e-200
100 200 1.65452e-194
125 200 1.15368e-188
150 200 6.41356e-183
175 200 2.83175e-177
200 200 9.88986e-172
225 200 2.7204e-166
250 200 5.86672e-161
275 200 9.87097e-156
300 200 1.28906e-150
325 200 1.29936e-145
350 200 1.00499e-140
375 200 5.92701e-136
400 200 2.64737e-131
425 200 8.89123e-127
450 200 2.22799e-122
475 200 4.13105e-118
500 200 5.6173e-114
525 200 5.54821e-110
550 200 3.93965e-106
575 200 1.98897e-102
600 200 7.05474e-99
625 200 1.7356e-95
650 200 2.92112e-92
675 200 3.3141e-89
700 200 2.49483e-86
725 200 1.22538e-83
750 200 3.8577e-81
775 200 7.64015e-79
800 200 9.33626e-77
825 200 6.90144e-75
850 200 3.02542e-73
875 200 7.71451e-72
900 200 1.12357e-70
925 200 9.19523e-70
950 200 4.17101e-69
975 200 1.03783e-68
1000 200 1.40737e-68
1025 200 1.03783e-68
1050 200 4.17101e-69
1075 200 9.19523e-70
1100 200 1.12357e-70
1125 200 7.71451e-72
1150 200 3.02542e-73
1175 200 6.90144e-75
1200 200 9.33626e-77
1225 200 7.64015e-79
1250 200 3.8577e-81
1275 200 1.22538e-83
1300 200 2.49483e-86
1325 200 3.3141e-89
1350 200 2.92112e-92
1375 200 1.7356e-95
1400 200 7.05474e-99
1425 200 1.98897e-102
1450 200 3.93965e-106
1475 200 5.54821e-110
1500 200 5.6173e-114
1525 200 4.13105e-118
1550 200 2.22799e-122
1575 200 8.89123e-127
1600 200 2.64737e-131
1625 200 5.92701e-136
1650 200 1.00499e-140
1675 200 1.29936e-145
1700 200 1.28906e-150
1725 200 9.87097e-156
1750 200 5.86672e-161
1775 200 2.7204e-166
1800 200 9.88986e-172
1825 200 2.83175e-177
1850 200 6.41356e-183
1875 200 1.15368e-188
1900 200 1.65452e-194
1925 200 1.89858e-200
1950 200 1.74917e-206
1975 200 1.29801e-212
2000 200 7.78196e-219
2025 200 3.78017e-225
2050 200 1.4918e-231
2075 200 4.79314e-238
2100 200 1.2533e-244
2125 200 2.63853e-251
2150 200 4.31225e-258
2175 200 5.08463e-265
2200 200 3.91356e-272
2225 200 1.76939e-279
2250 200 4.25209e-287
2275 200 4.92746e-295
2300 200 2.4794e-303
2325 200 4.77445e-312
2350 200 2.97922e-321
2375 200 0
2400 200 0
2425 200 0
2450 200 0
2475 200 0
2500 200 0
2525 200 0
2550 200 0
2575 200 0
2600 200 0
2625 200 0
2650 200 0
2675 200 0
2700 200 0
2725 200 0
2750 200 0
2775 200 0
2800 200 0
2825 200 0
2850 200 0
2875 200 0
2900 200 0
2925 200 0
2950 200 0
2975 200 0
0 225 0
25 225 6.48728e-207
50 225 8.02349e-201
75 225 7.9944e-195
100 225 6.39628e-189
125 225 4.09547e-183
150 225 2.09094e-177
175 225 8.47958e-172
200 225 2.7204e-166
225 225 6.87449e-161
250 225 1.36207e-155
275 225 2.10565e-150
300 225 2.52663e-145
325 225 2.3402e-140
350 225 1.66322e-135
375 225 9.01334e-131
400 225 3.69935e-126
425 225 1.14163e-121
450 225 2.6286e-117
475 225 4.4783e-113
500 225 5.59527e-109
525 225 5.07801e-105
550 225 3.31336e-101
575 225 1.53729e-97
600 225 5.01197e-94
625 225 1.13371e-90
650 225 1.75519e-87
675 225 1.83293e-84
700 225 1.27124e-81
725 225 5.75999e-79
750 225 1.67574e-76
775 225 3.07418e-74
800 225 3.49059e-72
825 225 2.40722e-70
850 225 9.89562e-69
875 225 2.38137e-67
900 225 3.29886e-66
925 225 2.59163e-65
950 225 1.14045e-64
975 225 2.78512e-64
1000 225 3.75302e-64
1025 225 2.78512e-64
1050 225 1.14045e-64
1075 225 2.59163e-65
1100 225 3.29886e-66
1125 225 2.38137e-67
1150 225 9.89562e-69
1175 225 2.40722e-70
1200 225 3.49059e-72
1225 225 3.07418e-74
1250 225 1.67574e-76
1275 225 5.75999e-79
1300 225 1.27124e-81
1325 225 1.83293e-84
1350 225 1.75519e-87
1375 225 1.13371e-90
1400 225 5.01197e-94
1425 225 1.53729e-97
1450 225 3.31336e-101
1475 225 5.07801e-105
1500 225 5.59527e-109
1525 225 4.4783e-113
1550 225 2.6286e-117
1575 225 1.14163e-121
1600 225 3.69935e-126
1625 225 9.01334e-131
1650 225 1.66322e-135
1675 225 2.3402e-140
1700 225 2.52663e-145
1725 225 2.10565e-150
1750 225 1.36207e-155
1775 225 6.87449e-161
1800 225 2.7204e-166
1825 225 8.47958e-172
1850 225 2.09094e-177
1875 225 4.09547e-183
1900 225 6.39628e-189
1925 225 7.9944e-195
1950 225 8.02349e-201
1975 225 6.48728e-207
2000 225 4.23848e-213
2025 225 2.24419e-219
2050 225 9.65602e-226
2075 225 3.38479e-232
2100 225 9.68592e-239
2125 225 2.26139e-245
2150 225 4.26086e-252
2175 225 6.24546e-259
2200 225 6.61722e-266
2225 225 4.5852e-273
2250 225 1.8699e-280
2275 225 4.06138e-288
2300 225 4.26232e-296
2325 225 1.94621e-304
2350 225 3.40753e-313
2375 225 1.97626e-322
2400 225 0
2425 225 0
2450 225 0
2475 225 0
2500 225 0
2525 225 0
2550 225 0
2575 225 0
2600 225 0
2625 225 0
2650 225 0
2675 225 0
2700 225 0
2725 225 0
2750 225 0
2775 225 0
2800 225 0
2825 225 0
2850 225 0
2875 225 0
2900 225 0
2925 225 0
2950 225 0
2975 225 0
0 250 0
25 250 2.53905e-201
50 250 2.8828e-195
75 250 2.63724e-189
100 250 1.93762e-183
125 250 1.13941e-177
150 250 5.34325e-172
175 250 1.99053e-166
200 250 5.86672e-161
225 250 1.36207e-155
250 250 2.47957e-150
275 250 3.52205e-145
300 250 3.88318e-140
325 250 3.30473e-135
350 250 2.15805e-130
375 250 1.07451e-125
400 250 4.05177e-121
425 250 1.14872e-116
450 250 2.4297e-112
475 250 3.80237e-108
500 250 4.36366e-104
525 250 3.63745e-100
550 250 2.17994e-96
575 250 9.29016e-93
600 250 2.78241e-89
625 250 5.78316e-86
650 250 8.23006e-83
675 250 7.90497e-80
700 250 5.04705e-77
725 250 2.10781e-74
750 250 5.66194e-72
775 250 9.61296e-70
800 250 1.01334e-67
825 250 6.51431e-66
850 250 2.50932e-64
875 250 5.6954e-63
900 250 7.50032e-62
925 250 5.65407e-61
950 250 2.41307e-60
975 250 5.78299e-60
1000 250 7.74328e-60
1025 250 5.78299e-60
1050 250 2.41307e-60
1075 250 5.65407e-61
1100 250 7.50032e-62
1125 250 5.6954e-63
1150 250 2.50932e-64
1175 250 6.51431e-66
1200 250 1.01334e-67
1225 250 9.61296e-70
1250 250 5.66194e-72
1275 250 2.10781e-74
1300 250 5.04705e-77
1325 250 7.90497e-80
1350 250 8.23006e-83
1375 250 5.78316e-86
1400 250 2.78241e-89
1425 250 9.29016e-93
1450 250 2.17994e-96
1475 250 3.63745e-100
1500 250 4.36366e-104
1525 250 3.80237e-108
1550 250 2.4297e-112
1575 250 1.14872e-116
1600 250 4.05177e-121
1625 250 1.07451e-125
1650 250 2.15805e-130
1675 250 3.30473e-135
1700 250 3.88318e-140
1725 250 3.52205e-145
1750 250 2.47957e-150
1775 250 1.36207e-155
1800 250 5.86672e-161
1825 250 1.99053e-166
1850 250 5.34325e-172
1875 250 1.13941e-177
1900 250 1.93762e-183
1925 250 2.63724e-189
1950 250 2.8828e-195
1975 250 2.53905e-201
2000 250 1.8074e-207
2025 250 1.04285e-213
2050 250 4.89067e-220
2075 250 1.86906e-226
2100 250 5.83498e-233
2125 250 1.49088e-239
2150 250 3.11546e-246
2175 250 5.26563e-253
2200 250 6.93709e-260
2225 250 6.61787e-267
2250 250 4.13613e-274
2275 250 1.52423e-281
2300 250 2.99734e-289
2325 250 2.85361e-297
2350 250 1.18434e-305
2375 250 1.88842e-314
2400 250 0
2425 250 0
2450 250 0
2475 250 0
2500 250 0
2525 250 0
2550 250 0
2575 250 0
2600 250 0
2625 250 0
2650 250 0
2675 250 0
2700 250 0
2725 250 0
2750 250 0
2775 250 0
2800 250 0
2825 250 0
2850 250 0
2875 250 0
2900 250 0
2925 250 0
2950 250 0
2975 250 0
0 275 0
25 275 7.74493e-196
50 275 8.0741e-190
75 275 6.78308e-184
100 275 4.5772e-178
125 275 2.47238e-172
150 275 1.06509e-166
175 275 3.64526e-161
200 275 9.87097e-156
225 275 2.10565e-150
250 275 3.52205e-145
275 275 4.59671e-140
300 275 4.65655e-135
325 275 3.64099e-130
350 275 2.18438e-125
375 275 9.99143e-121
400 275 3.46075e-116
425 275 9.01166e-112
450 275 1.75049e-107
475 275 2.5155e-103
500 275 2.65055e-99
525 275 2.0284e-95
550 275 1.11595e-91
575 275 4.36573e-88
600 275 1.20037e-84
625 275 2.2908e-81
650 275 2.99429e-78
675 275 2.64296e-75
700 275 1.55197e-72
725 275 5.96831e-70
750 275 1.47876e-67
775 275 2.32122e-65
800 275 2.26936e-63
825 275 1.35863e-61
850 275 4.89965e-60
875 275 1.04805e-58
900 275 1.31123e-57
925 275 9.4802e-57
950 275 3.92267e-56
975 275 9.22336e-56
1000 275 1.22706e-55
1025 275 9.22336e-56
1050 275 3.92267e-56
1075 275 9.4802e-57
1100 275 1.31123e-57
1125 275 1.04805e-58
1150 275 4.89965e-60
1175 275 1.35863e-61
1200 275 2.26936e-63
1225 275 2.32122e-65
1250 275 1.47876e-67
1275 275 5.96831e-70
1300 275 1.55197e-72
1325 275 2.64296e-75
1350 275 2.99429e-78
1375 275 2.2908e-81
1400 275 1.20037e-84
1425 275 4.36573e-88
1450 275 1.11595e-91
1475 275 2.0284e-95
1500 275 2.65055e-99
1525 275 2.5155e-103
1550 275 1.75049e-107
1575 275 9.01166e-112
1600 275 3.46075e-116
1625 275 9.99143e-121
1650 275 2.18438e-125
1675 275 3.64099e-130
1700 275 4.65655e-135
1725 275 4.59671e-140
1750 275 3.52205e-145
1775 275 2.10565e-150
1800 275 9.87097e-156
1825 275 3.64526e-161
1850 275 1.06509e-166
1875 275 2.47238e-172
1900 275 4.5772e-178
1925 275 6.78308e-184
1950 275 8.0741e-190
1975 275 7.74493e-196
2000 275 6.00533e-202
2025 275 3.77501e-208
2050 275 1.92912e-214
2075 275 8.03527e-221
2100 275 2.73473e-227
2125 275 7.62261e-234
2150 275 1.74319e-240
2175 275 3.26788e-247
2200 275 4.96534e-254
2225 275 5.89147e-261
2250 275 5.07021e-268
2275 275 2.86336e-275
2300 275 9.55151e-283
2325 275 1.70337e-290
2350 275 1.4735e-298
2375 275 5.56738e-307
2400 275 8.09684e-316
2425 275 0
2450 275 0
2475 275 0
2500 275 0
2525 275 0
2550 275 0
2575 275 0
2600 275 0
2625 275 0
2650 275 0
2675 275 0
2700 275 0
2725 275 0
2750 275 0
2775 275 0
2800 275 0
2825 275 0
2850 275 0
2875 275 0
2900 275 0
2925 275 0
2950 275 0
2975 275 0
0 300 0
25 300 1.83179e-190
50 300 1.75378e-184
75 300 1.35328e-178
100 300 8.38855e-173
125 300 4.16264e-167
150 300 1.64755e-161
175 300 5.18088e-156
200 300 1.28906e-150
225 300 2.52663e-145
250 300 3.88318e-140
275 300 4.65655e-135
300 300 4.33393e-130
325 300 3.11319e-125
350 300 1.71568e-120
375 300 7.20791e-116
400 300 2.29279e-111
425 300 5.48202e-107
450 300 9.77607e-103
475 300 1.2895e-98
500 300 1.24695e-94
525 300 8.75607e-91
550 300 4.41958e-87
575 300 1.58612e-83
600 300 4.00058e-80
625 300 7.00429e-77
650 300 8.40121e-74
675 300 6.8078e-71
700 300 3.67276e-68
725 300 1.29912e-65
750 300 2.96555e-63
775 300 4.29871e-61
800 300 3.89322e-59
825 300 2.1682e-57
850 300 7.31289e-56
875 300 1.47283e-54
900 300 1.74925e-53
925 300 1.21222e-52
950 300 4.86087e-52
975 300 1.12107e-51
1000 300 1.48177e-51
1025 300 1.12107e-51
1050 300 4.86087e-52
1075 300 1.21222e-52
1100 300 1.74925e-53
1125 300 1.47283e-54
1150 300 7.31289e-56
1175 300 2.1682e-57
1200 300 3.89322e-59
1225 300 4.29871e-61
1250 300 2.96555e-63
1275 300 1.29912e-65
1300 300 3.67276e-68
1325 300 6.8078e-71
1350 300 8.40121e-74
1375 300 7.00429e-77
1400 300 4.00058e-80
1425 300 1.58612e-83
1450 300 4.41958e-87
1475 300 8.75607e-91
1500 300 1.24695e-94
1525 300 1.2895e-98
1550 300 9.77607e-103
1575 300 5.48202e-107
1600 300 2.29279e-111
1625 300 7.20791e-116
1650 300 1.71568e-120
1675 300 3.11319e-125
1700 300 4.33393e-130
1725 300 4.65655e-135
1750 300 3.88318e-140
1775 300 2.52663e-145
1800 300 1.28906e-150
1825 300 5.18088e-156
1850 300 1.64755e-161
1875 300 4.16264e-167
1900 300 8.38855e-173
1925 300 1.35328e-178
1950 300 1.75378e-184
1975 300 1.83179e-190
2000 300 1.5468e-196
2025 300 1.05907e-202
2050 300 5.89594e-209
2075 300 2.67585e-215
2100 300 9.92507e-222
2125 300 3.01574e-228
2150 300 7.52312e-235
2175 300 1.54338e-241
2200 300 2.60128e-248
2225 300 3.56063e-255
2250 300 3.81239e-262
2275 300 2.96517e-269
2300 300 1.51571e-276
2325 300 4.58411e-284
2350 300 7.42547e-292
2375 300 5.84538e-300
2400 300 2.01363e-308
2425 300 2.67499e-317
2450 300 0
2475 300 0
2500 300 0
2525 300 0
2550 300 0
2575 300 0
2600 300 0
2625 300 0
2650 300 0
2675 300 0
2700 300 0
2725 300 0
2750 300 0
2775 300 0
2800 300 0
2825 300 0
2850 300 0
2875 300 0
2900 300 0
2925 300 0
2950 300 0
2975 300 0
0 325 0
25 325 3.34093e-185
50 325 2.93817e-179
75 325 2.0828e-173
100 325 1.18616e-167
125 325 5.4082e-162
150 325 1.96684e-156
175 325 5.68324e-151
200 325 1.29936e-145
225 325 2.3402e-140
250 325 3.30473e-135
275 325 3.64099e-130
300 325 3.11319e-125
325 325 2.05421e-120
350 325 1.03975e-115
375 325 4.01127e-111
400 325 1.17147e-106
425 325 2.57106e-102
450 325 4.20764e-98
475 325 5.09205e-94
500 325 4.51655e-90
525 325 2.90838e-86
550 325 1.34589e-82
575 325 4.42763e-79
600 325 1.02357e-75
625 325 1.64254e-72
650 325 1.80598e-69
675 325 1.34202e-66
700 325 6.64372e-64
725 325 2.15874e-61
750 325 4.53401e-59
775 325 6.06091e-57
800 325 5.0781e-55
825 325 2.62731e-53
850 325 8.27738e-52
875 325 1.56793e-50
900 325 1.76612e-49
925 325 1.17226e-48
950 325 4.5529e-48
975 325 1.02963e-47
1000 325 1.35192e-47
1025 325 1.02963e-47
1050 325 4.5529e-48
1075 325 1.17226e-48
1100 325 1.76612e-49
1125 325 1.56793e-50
1150 325 8.27738e-52
1175 325 2.62731e-53
1200 325 5.0781e-55
1225 325 6.06091e-57
1250 325 4.53401e-59
1275 325 2.15874e-61
1300 325 6.64372e-64
1325 325 1.34202e-66
1350 325 1.80598e-69
1375 325 1.64254e-72
1400 325 1.02357e-75
1425 325 4.42763e-79
1450 325 1.34589e-82
1475 325 2.90838e-86
1500 325 4.51655e-90
1525 325 5.09205e-94
1550 325 4.20764e-98
1575 325 2.57106e-102
1600 325 1.17147e-106
1625 325 4.01127e-111
1650 325 1.03975e-115
1675 325 2.05421e-120
1700 325 3.11319e-125
1725 325 3.64099e-130
1750 325 3.30473e-135
1775 325 2.3402e-140
1800 325 1.29936e-145
1825 325 5.68324e-151
1850 325 1.96684e-156
1875 325 5.4082e-162
1900 325 1.18616e-167
1925 325 2.0828e-173
1950 325 2.93817e-179
1975 325 3.34093e-185
2000 325 3.07165e-191
2025 325 2.29018e-197
2050 325 1.38859e-203
2075 325 6.86492e-210
2100 325 2.77423e-216
2125 325 9.18604e-223
2150 325 2.49788e-229
2175 325 5.58961e-236
2200 325 1.03096e-242
2225 325 1.56552e-249
2250 325 1.93425e-256
2275 325 1.87234e-263
2300 325 1.31836e-270
2325 325 6.10965e-278
2350 325 1.67791e-285
2375 325 2.47235e-293
2400 325 1.77368e-301
2425 325 5.5786e-310
2450 325 6.77942e-319
2475 325 0
2500 325 0
2525 325 0
2550 325 0
2575 325 0
2600 325 0
2625 325 0
2650 325 0
2675 325 0
2700 325 0
2725 325 0
2750 325 0
2775 325 0
2800 325 0
2825 325 0
2850 325 0
2875 325 0
2900 325 0
2925 325 0
2950 325 0
2975 325 0
0 350 0
25 350 4.67143e-180
50 350 3.77447e-174
75 350 2.45844e-168
100 350 1.28653e-162
125 350 5.39031e-157
150 350 1.80147e-151
175 350 4.78351e-146
200 350 1.00499e-140
225 350 1.66322e-135
250 350 2.15805e-130
275 350 2.18438e-125
300 350 1.71568e-120
325 350 1.03975e-115
350 350 4.83264e-111
375 350 1.71163e-106
400 350 4.588e-102
425 350 9.23949e-98
450 350 1.38704e-93
475 350 1.53928e-89
500 350 1.2516e-85
525 350 7.38582e-82
550 350 3.1312e-78
575 350 9.43421e-75
600 350 1.99707e-71
625 350 2.93414e-68
650 350 2.95384e-65
675 350 2.01026e-62
700 350 9.11955e-60
725 350 2.71805e-57
750 350 5.24443e-55
775 350 6.45493e-53
800 350 4.9953e-51
825 350 2.39732e-49
850 350 7.04482e-48
875 350 1.25345e-46
900 350 1.33756e-45
925 350 8.49563e-45
950 350 3.19384e-44
975 350 7.07964e-44
1000 350 9.23305e-44
1025 350 7.07964e-44
1050 350 3.19384e-44
1075 350 8.49563e-45
1100 350 1.33756e-45
1125 350 1.25345e-46
1150 350 7.04482e-48
1175 350 2.39732e-49
1200 350 4.9953e-51
1225 350 6.45493e-53
1250 350 5.24443e-55
1275 350 2.71805e-57
1300 350 9.11955e-60
1325 350 2.01026e-62
1350 350 2.95384e-65
1375 350 2.93414e-68
1400 350 1.99707e-71
1425 350 9.43421e-75
1450 350 3.1312e-78
1475 350 7.38582e-82
1500 350 1.2516e-85
1525 350 1.53928e-89
1550 350 1.38704e-93
1575 350 9.23949e-98
1600 350 4.588e-102
1625 350 1.71163e-106
1650 350 4.83264e-111
1675 350 1.03975e-115
1700 350 1.71568e-120
1725 350 2.18438e-125
1750 350 2.15805e-130
1775 350 1.66322e-135
1800 350 1.00499e-140
1825 350 4.78351e-146
1850 350 1.80147e-151
1875 350 5.39031e-157
1900 350 1.28653e-162
1925 350 2.45844e-168
1950 350 3.77447e-174
1975 350 4.67143e-180
2000 350 4.67525e-186
2025 350 3.79497e-192
2050 350 2.50542e-198
2075 350 1.3489e-204
2100 350 5.93746e-211
2125 350 2.14182e-217
2150 350 6.3462e-224
2175 350 1.54784e-230
2200 350 3.11379e-237
2225 350 5.17416e-244
2250 350 7.09289e-251
2275 350 7.92532e-258
2300 350 6.94789e-265
2325 350 4.43618e-272
2350 350 1.86667e-279
2375 350 4.66183e-287
2400 350 6.25722e-295
2425 350 4.0965e-303
2450 350 1.17797e-311
2475 350 1.31076e-320
2500 350 0
2525 350 0
2550 350 0
2575 350 0
2600 350 0
2625 350 0
2650 350 0
2675 350 0
2700 350 0
2725 350 0
2750 350 0
2775 350 0
2800 350 0
2825 350 0
2850 350 0
2875 350 0
2900 350 0
2925 350 0
2950 350 0
2975 350 0
0 375 0
25 375 4.9762e-175
50 375 3.69475e-169
75 375 2.21156e-163
100 375 1.06363e-157
125 375 4.09564e-152
150 375 1.25798e-146
175 375 3.06986e-141
200 375 5.92701e-136
225 375 9.01334e-131
250 375 1.07451e-125
275 375 9.99143e-121
300 375 7.20791e-116
325 375 4.01127e-111
350 375 1.71163e-106
375 375 5.56397e-102
400 375 1.3684e-97
425 375 2.52757e-93
450 375 3.47892e-89
475 375 3.53835e-85
500 375 2.6357e-81
525 375 1.42427e-77
550 375 5.52693e-74
575 375 1.52367e-70
600 375 2.95016e-67
625 375 3.9637e-64
650 375 3.6487e-61
675 375 2.27087e-58
700 375 9.42533e-56
725 375 2.57243e-53
750 375 4.55176e-51
775 375 5.14896e-49
800 375 3.67367e-47
825 375 1.63245e-45
850 375 4.46693e-44
875 375 7.45383e-43
900 375 7.52519e-42
925 375 4.56896e-41
950 375 1.66129e-40
975 375 3.60778e-40
1000 375 4.67272e-40
1025 375 3.60778e-40
1050 375 1.66129e-40
1075 375 4.56896e-41
1100 375 7.52519e-42
1125 375 7.45383e-43
1150 375 4.46693e-44
1175 375 1.63245e-45
1200 375 3.67367e-47
1225 375 5.14896e-49
1250 375 4.55176e-51
1275 375 2.57243e-53
1300 375 9.42533e-56
1325 375 2.27087e-58
1350 375 3.6487e-61
1375 375 3.9637e-64
1400 375 2.95016e-67
1425 375 1.52367e-70
1450 375 5.52693e-74
1475 375 1.42427e-77
1500 375 2.6357e-81
1525 375 3.53835e-85
1550 375 3.47892e-89
1575 375 2.52757e-93
1600 375 1.3684e-97
1625 375 5.56397e-102
1650 375 1.71163e-106
1675 375 4.01127e-111
1700 375 7.20791e-116
1725 375 9.99143e-121
1750 375 1.07451e-125
1775 375 9.01334e-131
1800 375 5.92701e-136
1825 375 3.06986e-141
1850 375 1.25798e-146
1875 375 4.09564e-152
1900 375 1.06363e-157
1925 375 2.21156e-163
1950 375 3.69475e-169
1975 375 4.9762e-175
2000 375 5.42012e-181
2025 375 4.78869e-187
2050 375 3.44151e-193
2075 375 2.01729e-199
2100 375 9.669e-206
2125 375 3.79868e-212
2150 375 1.22607e-218
2175 375 3.25814e-225
2200 375 7.1432e-232
2225 375 1.29452e-238
2250 375 1.94186e-245
2275 375 2.40766e-252
2300 375 2.43729e-259
2325 375 1.93835e-266
2350 375 1.12399e-273
2375 375 4.3005e-281
2400 375 9.77991e-289
2425 375 1.19732e-296
2450 375 7.16257e-305
2475 375 1.88542e-313
2500 375 1.72923e-322
2525 375 0
2550 375 0
2575 375 0
2600 375 0
2625 375 0
2650 375 0
2675 375 0
2700 375 0
2725 375 0
2750 375 0
2775 375 0
2800 375 0
2825 375 0
2850 375 0
2875 375 0
2900 375 0
2925 375 0
2950 375 0
2975 375 0
0 400 0
25 400 4.01133e-170
50 400 2.73743e-164
75 400 1.50606e-158
100 400 6.65777e-153
125 400 2.35643e-147
150 400 6.6525e-142
175 400 1.49205e-136
200 400 2.64737e-131
225 400 3.69935e-126
250 400 4.05177e-121
275 400 3.46075e-116
300 400 2.29279e-111
325 400 1.17147e-106
350 400 4.588e-102
375 400 1.3684e-97
400 400 3.08668e-93
425 400 5.22691e-89
450 400 6.59253e-85
475 400 6.14132e-81
500 400 4.18778e-77
525 400 2.07051e-73
550 400 7.3474e-70
575 400 1.85132e-66
600 400 3.27474e-63
625 400 4.01799e-60
650 400 3.37693e-57
675 400 1.91888e-54
700 400 7.27375e-52
725 400 1.81441e-49
750 400 2.93822e-47
775 400 3.04832e-45
800 400 2.00091e-43
825 400 8.21549e-42
850 400 2.08912e-40
875 400 3.26344e-39
900 400 3.11215e-38
925 400 1.80392e-37
950 400 6.33792e-37
975 400 1.34768e-36
1000 400 1.73312e-36
1025 400 1.34768e-36
1050 400 6.33792e-37
1075 400 1.80392e-37
1100 400 3.11215e-38
1125 400 3.26344e-39
1150 400 2.08912e-40
1175 400 8.21549e-42
1200 400 2.00091e-43
1225 400 3.04832e-45
1250 400 2.93822e-47
1275 400 1.81441e-49
1300 400 7.27375e-52
1325 400 1.91888e-54
1350 400 3.37693e-57
1375 400 4.01799e-60
1400 400 3.27474e-63
1425 400 1.85132e-66
1450 400 7.3474e-70
1475 400 2.07051e-73
1500 400 4.18778e-77
1525 400 6.14132e-81
1550 400 6.59253e-85
1575 400 5.22691e-89
1600 400 3.08668e-93
1625 400 1.3684e-97
1650 400 4.588e-102
1675 400 1.17147e-106
1700 400 2.29279e-111
1725 400 3.46075e-116
1750 400 4.05177e-121
1775 400 3.69935e-126
1800 400 2.64737e-131
1825 400 1.49205e-136
1850 400 6.6525e-142
1875 400 2.35643e-147
1900 400 6.65777e-153
1925 400 1.50606e-158
1950 400 2.73743e-164
1975 400 4.01133e-170
2000 400 4.75403e-176
2025 400 4.57057e-182
2050 400 3.57479e-188
2075 400 2.28073e-194
2100 400 1.19002e-200
2125 400 5.09029e-207
2150 400 1.78912e-213
2175 400 5.1784e-220
2200 400 1.23683e-226
2225 400 2.44252e-233
2250 400 3.99548e-240
2275 400 5.42072e-247
2300 400 6.08999e-254
2325 400 5.59487e-261
2350 400 4.04292e-268
2375 400 2.1322e-275
2400 400 7.42776e-283
2425 400 1.5401e-290
2450 400 1.7219e-298
2475 400 9.4236e-307
2500 400 2.2735e-315
2525 400 0
2550 400 0
2575 400 0
2600 400 0
2625 400 0
2650 400 0
2675 400 0
2700 400 0
2725 400 0
2750 400 0
2775 400 0
2800 400 0
2825 400 0
2850 400 0
2875 400 0
2900 400 0
2925 400 0
2950 400 0
2975 400 0
0 425 0
25 425 2.42931e-165
50 425 1.52402e-159
75 425 7.70824e-154
100 425 3.13259e-148
125 425 1.01924e-142
150 425 2.64501e-137
175 425 5.45263e-132
200 425 8.89123e-127
225 425 1.14163e-121
250 425 1.14872e-116
275 425 9.01166e-112
300 425 5.48202e-107
325 425 2.57106e-102
350 425 9.23949e-98
375 425 2.52757e-93
400 425 5.22691e-89
425 425 8.11044e-85
450 425 9.36823e-81
475 425 7.98759e-77
500 425 4.98212e-73
525 425 2.25164e-69
550 425 7.29892e-66
575 425 1.6789e-62
600 425 2.70936e-59
625 425 3.03118e-56
650 425 2.32202e-53
675 425 1.20241e-50
700 425 4.15417e-48
725 425 9.45014e-46
750 425 1.3973e-43
775 425 1.32631e-41
800 425 7.98968e-40
825 425 3.02369e-38
850 425 7.12871e-37
875 425 1.04023e-35
900 425 9.35287e-35
925 425 5.16764e-34
950 425 1.75239e-33
975 425 3.64597e-33
1000 425 4.65441e-33
1025 425 3.64597e-33
1050 425 1.75239e-33
1075 425 5.16764e-34
1100 425 9.35287e-35
1125 425 1.04023e-35
1150 425 7.12871e-37
1175 425 3.02369e-38
1200 425 7.98968e-40
1225 425 1.32631e-41
1250 425 1.3973e-43
1275 425 9.45014e-46
1300 425 4.15417e-48
1325 425 1.20241e-50
1350 425 2.32202e-53
1375 425 3.03118e-56
1400 425 2.70936e-59
1425 425 1.6789e-62
1450 425 7.29892e-66
1475 425 2.25164e-69
1500 425 4.98212e-73
1525 425 7.98759e-77
1550 425 9.36823e-81
1575 425 8.11044e-85
1600 425 5.22691e-89
1625 425 2.52757e-93
1650 425 9.23949e-98
1675 425 2.57106e-102
1700 425 5.48202e-107
1725 425 9.01166e-112
1750 425 1.14872e-116
1775 425 1.14163e-121
1800 425 8.89123e-127
1825 425 5.45263e-132
1850 425 2.64501e-137
1875 425 1.01924e-142
1900 425 3.13259e-148
1925 425 7.70824e-154
1950 425 1.52402e-159
1975 425 2.42931e-165
2000 425 3.13199e-171
2025 425 3.27585e-177
2050 425 2.78765e-183
2075 425 1.93529e-189
2100 425 1.09891e-195
2125 425 5.1163e-202
2150 425 1.95762e-208
2175 425 6.16935e-215
2200 425 1.6047e-221
2225 425 3.45187e-228
2250 425 6.15233e-235
2275 425 9.10129e-242
2300 425 1.11881e-248
2325 425 1.14091e-255
2350 425 9.52776e-263
2375 425 6.26499e-270
2400 425 3.00913e-277
2425 425 9.55625e-285
2450 425 1.80869e-292
2475 425 1.84883e-300
2500 425 9.26708e-309
2525 425 2.05138e-317
2550 425 0
2575 425 0
2600 425 0
2625 425 0
2650 425 0
2675 425 0
2700 425 0
2725 425 0
2750 425 0
2775 425 0
2800 425 0
2825 425 0
2850 425 0
2875 425 0
2900 425 0
2925 425 0
2950 425 0
2975 425 0
0 450 0
25 450 1.09673e-160
50 450 6.32639e-155
75 450 2.94215e-149
100 450 1.09937e-143
125 450 3.28868e-138
150 450 7.84576e-133
175 450 1.4867e-127
200 450 2.22799e-122
225 450 2.6286e-117
250 450 2.4297e-112
275 450 1.75049e-107
300 450 9.77607e-103
325 450 4.20764e-98
350 450 1.38704e-93
375 450 3.47892e-89
400 450 6.59253e-85
425 450 9.36823e-81
450 450 9.9036e-77
475 450 7.72269e-73
500 450 4.40207e-69
525 450 1.81672e-65
550 450 5.37327e-62
575 450 1.12678e-58
600 450 1.65642e-55
625 450 1.68689e-52
650 450 1.17558e-49
675 450 5.53586e-47
700 450 1.73912e-44
725 450 3.59891e-42
750 450 4.84573e-40
775 450 4.19643e-38
800 450 2.31329e-36
825 450 8.04637e-35
850 450 1.75396e-33
875 450 2.38474e-32
900 450 2.01703e-31
