0 0 0
25 0 0
50 0 0
75 0 0
100 0 0
125 0 0
150 0 0
175 0 0
200 0 0
225 0 0
250 0 0
275 0 0
300 0 0
325 0 0
350 0 0
375 0 0
400 0 0
425 0 0
450 0 0
475 0 0
500 0 0
525 0 0
550 0 0
575 0 0
600 0 0
625 0 0
650 0 0
675 0 0
700 0 0
725 0 0
750 0 0
775 0 0
800 0 0
825 0 0
850 0 0
875 0 0
900 0 0
925 0 0
950 0 0
975 0 0
1000 0 0
1025 0 0
1050 0 0
1075 0 0
1100 0 0
1125 0 0
1150 0 0
1175 0 0
1200 0 0
1225 0 0
1250 0 0
1275 0 0
1300 0 0
1325 0 0
1350 0 0
1375 0 0
1400 0 0
1425 0 0
1450 0 0
1475 0 0
1500 0 0
1525 0 0
1550 0 0
1575 0 0
1600 0 0
1625 0 0
1650 0 0
1675 0 0
1700 0 0
1725 0 0
1750 0 0
1775 0 0
1800 0 0
1825 0 0
1850 0 0
1875 0 0
1900 0 0
1925 0 0
1950 0 0
1975 0 0
2000 0 0
2025 0 0
2050 0 0
2075 0 0
2100 0 0
2125 0 0
2150 0 0
2175 0 0
2200 0 0
2225 0 0
2250 0 0
2275 0 0
2300 0 0
2325 0 0
2350 0 0
2375 0 0
2400 0 0
2425 0 0
2450 0 0
2475 0 0
2500 0 0
2525 0 0
2550 0 0
2575 0 0
2600 0 0
2625 0 0
2650 0 0
2675 0 0
2700 0 0
2725 0 0
2750 0 0
2775 0 0
2800 0 0
2825 0 0
2850 0 0
2875 0 0
2900 0 0
2925 0 0
2950 0 0
2975 0 0
0 25 0
25 25 -6.6477e-09
50 25 -1.34283e-08
75 25 -2.04812e-08
100 25 -2.79595e-08
125 25 -3.60384e-08
150 25 -4.49259e-08
175 25 -5.48767e-08
200 25 -6.62114e-08
225 25 -7.93441e-08
250 25 -9.48223e-08
275 25 -1.13387e-07
300 25 -1.36065e-07
325 25 -1.64317e-07
350 25 -2.00284e-07
375 25 -2.47207e-07
400 25 -3.10186e-07
425 25 -3.97649e-07
450 25 -5.24371e-07
475 25 -7.18389e-07
500 25 -1.03927e-06
525 25 -1.64077e-06
550 25 -3.07699e-06
575 25 -6.72066e-06
600 25 -8.50409e-06
625 25 9.18372e-06
650 25 3.56977e-05
675 25 2.46352e-05
700 25 -9.24542e-06
725 25 -1.96877e-05
750 25 -1.08262e-05
775 25 -3.15532e-06
800 25 -5.54659e-07
825 25 -5.15381e-08
850 25 1.0483e-08
875 25 1.55656e-08
900 25 1.57881e-08
925 25 1.5739e-08
950 25 1.56954e-08
975 25 1.56691e-08
1000 25 1.56604e-08
1025 25 1.56691e-08
1050 25 1.56954e-08
1075 25 1.57394e-08
1100 25 1.58012e-08
1125 25 1.58812e-08
1150 25 1.59797e-08
1175 25 1.60973e-08
1200 25 1.62344e-08
1225 25 1.63919e-08
1250 25 1.65704e-08
1275 25 1.67708e-08
1300 25 1.69943e-08
1325 25 1.7242e-08
1350 25 1.75153e-08
1375 25 1.78155e-08
1400 25 1.81446e-08
1425 25 1.85043e-08
1450 25 1.88968e-08
1475 25 1.93246e-08
1500 25 1.97904e-08
1525 25 2.02972e-08
1550 25 2.08485e-08
1575 25 2.14483e-08
1600 25 2.21008e-08
1625 25 2.28111e-08
1650 25 2.3585e-08
1675 25 2.44288e-08
1700 25 2.53499e-08
1725 25 2.63568e-08
1750 25 2.74591e-08
1775 25 2.86681e-08
1800 25 2.99966e-08
1825 25 3.14597e-08
1850 25 3.30749e-08
1875 25 3.48626e-08
1900 25 3.68472e-08
1925 25 3.90572e-08
1950 25 4.15266e-08
1975 25 4.42963e-08
2000 25 4.74155e-08
2025 25 5.0944e-08
2050 25 5.49549e-08
2075 25 5.95383e-08
2100 25 6.48067e-08
2125 25 7.09011e-08
2150 25 7.80008e-08
2175 25 8.63364e-08
2200 25 9.62079e-08
2225 25 1.08012e-07
2250 25 1.22281e-07
2275 25 1.39744e-07
2300 25 1.61415e-07
2325 25 1.88746e-07
2350 25 2.23869e-07
2375 25 2.70018e-07
2400 25 3.32287e-07
2425 25 4.19098e-07
2450 25 5.45219e-07
2475 25 7.38686e-07
2500 25 1.05906e-06
2525 25 1.6601e-06
2550 25 3.09588e-06
2575 25 6.73916e-06
2600 25 8.52223e-06
2625 25 -9.1659e-06
2650 25 -3.56802e-05
2675 25 -2.4618e-05
2700 25 9.26242e-06
2725 25 1.97045e-05
2750 25 1.08428e-05
2775 25 3.17171e-06
2800 25 5.70893e-07
2825 25 6.76354e-08
2850 25 5.49674e-09
2875 25 3.15557e-10
2900 25 1.30883e-11
2925 25 3.99423e-13
2950 25 9.10637e-15
2975 25 1.56999e-16
0 50 0
25 50 -1.34283e-08
50 50 -2.71272e-08
75 50 -4.1381e-08
100 50 -5.65018e-08
125 50 -7.28477e-08
150 50 -9.0844e-08
175 50 -1.11013e-07
200 50 -1.34013e-07
225 50 -1.60699e-07
250 50 -1.92201e-07
275 50 -2.30056e-07
300 50 -2.76403e-07
325 50 -3.34303e-07
350 50 -4.08265e-07
375 50 -5.05171e-07
400 50 -6.35977e-07
425 50 -8.19034e-07
450 50 -1.0872e-06
475 50 -1.50492e-06
500 50 -2.21818e-06
525 50 -3.66227e-06
550 50 -7.23077e-06
575 50 -1.31765e-05
600 50 -8.56941e-06
625 50 2.36114e-05
650 50 5.63977e-05
675 50 3.96444e-05
700 50 -1.00491e-05
725 50 -3.27466e-05
750 50 -2.20787e-05
775 50 -7.80481e-06
800 50 -1.66521e-06
825 50 -2.07948e-07
850 50 8.92188e-09
875 50 3.0299e-08
900 50 3.16246e-08
925 50 3.15733e-08
950 50 3.14876e-08
975 50 3.14348e-08
1000 50 3.14173e-08
1025 50 3.14348e-08
1050 50 3.14877e-08
1075 50 3.1576e-08
1100 50 3.17003e-08
1125 50 3.1861e-08
1150 50 3.20591e-08
1175 50 3.22953e-08
1200 50 3.2571e-08
1225 50 3.28875e-08
1250 50 3.32463e-08
1275 50 3.36493e-08
1300 50 3.40986e-08
1325 50 3.45965e-08
1350 50 3.51458e-08
1375 50 3.57496e-08
1400 50 3.64112e-08
1425 50 3.71345e-08
1450 50 3.79238e-08
1475 50 3.87842e-08
1500 50 3.97209e-08
1525 50 4.07403e-08
1550 50 4.18494e-08
1575 50 4.30559e-08
1600 50 4.43688e-08
1625 50 4.57982e-08
1650 50 4.73556e-08
1675 50 4.90539e-08
1700 50 5.09082e-08
1725 50 5.29354e-08
1750 50 5.51553e-08
1775 50 5.75903e-08
1800 50 6.02666e-08
1825 50 6.32147e-08
1850 50 6.647e-08
1875 50 7.00742e-08
1900 50 7.40761e-08
1925 50 7.8534e-08
1950 50 8.35171e-08
1975 50 8.91081e-08
2000 50 9.54074e-08
2025 50 1.02536e-07
2050 50 1.10644e-07
2075 50 1.19915e-07
2100 50 1.30578e-07
2125 50 1.42922e-07
2150 50 1.57314e-07
2175 50 1.74228e-07
2200 50 1.9428e-07
2225 50 2.18289e-07
2250 50 2.47356e-07
2275 50 2.82991e-07
2300 50 3.27312e-07
2325 50 3.83357e-07
2350 50 4.5562e-07
2375 50 5.50969e-07
2400 50 6.80345e-07
2425 50 8.6209e-07
2450 50 1.12905e-06
2475 50 1.54566e-06
2500 50 2.2579e-06
2525 50 3.70106e-06
2550 50 7.26869e-06
2575 50 1.32137e-05
2600 50 8.60582e-06
2625 50 -2.35756e-05
2650 50 -5.63625e-05
2675 50 -3.96098e-05
2700 50 1.00832e-05
2725 50 3.27803e-05
2750 50 2.2112e-05
2775 50 7.83769e-06
2800 50 1.69778e-06
2825 50 2.40243e-07
2850 50 2.31372e-08
2875 50 1.562e-09
2900 50 7.56429e-11
2925 50 2.67766e-12
2950 50 7.03931e-14
2975 50 1.39169e-15
0 75 0
25 75 -2.04812e-08
50 75 -4.1381e-08
75 75 -6.31392e-08
100 75 -8.62401e-08
125 75 -1.1124e-07
150 75 -1.38802e-07
175 75 -1.69742e-07
200 75 -2.05096e-07
225 75 -2.46209e-07
250 75 -2.94875e-07
275 75 -3.53546e-07
300 75 -4.25658e-07
325 75 -5.16173e-07
350 75 -6.32479e-07
375 75 -7.86017e-07
400 75 -9.95331e-07
425 75 -1.2923e-06
450 75 -1.73621e-06
475 75 -2.45118e-06
500 75 -3.76145e-06
525 75 -6.7208e-06
550 75 -1.28181e-05
575 75 -1.52961e-05
600 75 4.0674e-06
625 75 3.92774e-05
650 75 5.72527e-05
675 75 4.16578e-05
700 75 -1.22566e-06
725 75 -3.46112e-05
750 75 -3.23403e-05
775 75 -1.48504e-05
800 75 -4.00633e-06
825 75 -6.56096e-07
850 75 -3.35799e-08
875 75 4.14573e-08
900 75 4.74216e-08
925 75 4.75934e-08
950 75 4.74749e-08
975 75 4.73954e-08
1000 75 4.73688e-08
1025 75 4.73954e-08
1050 75 4.74753e-08
1075 75 4.76089e-08
1100 75 4.77968e-08
1125 75 4.804e-08
1150 75 4.83395e-08
1175 75 4.86969e-08
1200 75 4.91138e-08
1225 75 4.95925e-08
1250 75 5.01352e-08
1275 75 5.07449e-08
1300 75 5.14246e-08
1325 75 5.2178e-08
1350 75 5.30092e-08
1375 75 5.39228e-08
1400 75 5.4924e-08
1425 75 5.60188e-08
1450 75 5.72137e-08
1475 75 5.85161e-08
1500 75 5.99345e-08
1525 75 6.14782e-08
1550 75 6.31579e-08
1575 75 6.49855e-08
1600 75 6.69747e-08
1625 75 6.91408e-08
1650 75 7.15014e-08
1675 75 7.40762e-08
1700 75 7.68881e-08
1725 75 7.99632e-08
1750 75 8.33313e-08
1775 75 8.70271e-08
1800 75 9.10905e-08
1825 75 9.55682e-08
1850 75 1.00515e-07
1875 75 1.05993e-07
1900 75 1.1208e-07
1925 75 1.18863e-07
1950 75 1.2645e-07
1975 75 1.34968e-07
2000 75 1.44572e-07
2025 75 1.55449e-07
2050 75 1.67831e-07
2075 75 1.82002e-07
2100 75 1.9832e-07
2125 75 2.17233e-07
2150 75 2.39316e-07
2175 75 2.6531e-07
2200 75 2.96186e-07
2225 75 3.33236e-07
2250 75 3.78206e-07
2275 75 4.33509e-07
2300 75 5.02547e-07
2325 75 5.90249e-07
2350 75 7.0398e-07
2375 75 8.55158e-07
2400 75 1.06231e-06
2425 75 1.35728e-06
2450 75 1.79937e-06
2475 75 2.51266e-06
2500 75 3.82139e-06
2525 75 6.77931e-06
2550 75 1.28753e-05
2575 75 1.53521e-05
2600 75 -4.01248e-06
2625 75 -3.92235e-05
2650 75 -5.71997e-05
2675 75 -4.16056e-05
2700 75 1.27708e-06
2725 75 3.4662e-05
2750 75 3.23904e-05
2775 75 1.49e-05
2800 75 4.05545e-06
2825 75 7.04793e-07
2850 75 8.19194e-08
2875 75 6.5827e-09
2900 75 3.75191e-10
2925 75 1.54867e-11
2950 75 4.71042e-13
2975 75 1.07004e-14
0 100 0
25 100 -2.79595e-08
50 100 -5.65018e-08
75 100 -8.62401e-08
100 100 -1.17851e-07
125 100 -1.52114e-07
150 100 -1.89963e-07
175 100 -2.32554e-07
200 100 -2.81358e-07
225 100 -3.38303e-07
250 100 -4.05977e-07
275 100 -4.87948e-07
300 100 -5.89273e-07
325 100 -7.17342e-07
350 100 -8.83347e-07
375 100 -1.10498e-06
400 100 -1.41172e-06
425 100 -1.85633e-06
450 100 -2.54336e-06
475 100 -3.72132e-06
500 100 -6.15791e-06
525 100 -1.15272e-05
550 100 -1.70907e-05
575 100 -6.746e-06
600 100 2.44776e-05
625 100 4.66715e-05
650 100 4.46278e-05
675 100 3.43696e-05
700 100 1.10852e-05
725 100 -2.49537e-05
750 100 -3.81868e-05
775 100 -2.38947e-05
800 100 -8.29718e-06
825 100 -1.73734e-06
850 100 -1.89243e-07
875 100 4.01495e-08
900 100 6.25571e-08
925 100 6.38617e-08
950 100 6.37575e-08
975 100 6.36525e-08
1000 100 6.36167e-08
1025 100 6.36525e-08
1050 100 6.37603e-08
1075 100 6.39405e-08
1100 100 6.41939e-08
1125 100 6.45219e-08
1150 100 6.49259e-08
1175 100 6.54079e-08
1200 100 6.59705e-08
1225 100 6.66162e-08
1250 100 6.73485e-08
1275 100 6.81711e-08
1300 100 6.90883e-08
1325 100 7.01051e-08
1350 100 7.1227e-08
1375 100 7.24603e-08
1400 100 7.38121e-08
1425 100 7.52903e-08
1450 100 7.69041e-08
1475 100 7.86633e-08
1500 100 8.05796e-08
1525 100 8.26656e-08
1550 100 8.49359e-08
1575 100 8.74067e-08
1600 100 9.00966e-08
1625 100 9.30266e-08
1650 100 9.62205e-08
1675 100 9.97056e-08
1700 100 1.03513e-07
1725 100 1.07678e-07
1750 100 1.12242e-07
1775 100 1.17252e-07
1800 100 1.22763e-07
1825 100 1.2884e-07
1850 100 1.35556e-07
1875 100 1.42999e-07
1900 100 1.51274e-07
1925 100 1.60504e-07
1950 100 1.70835e-07
1975 100 1.82445e-07
2000 100 1.95547e-07
2025 100 2.10404e-07
2050 100 2.27337e-07
2075 100 2.46744e-07
2100 100 2.69125e-07
2125 100 2.95113e-07
2150 100 3.25519e-07
2175 100 3.61393e-07
2200 100 4.04121e-07
2225 100 4.55555e-07
2250 100 5.18218e-07
2275 100 5.95626e-07
2300 100 6.92785e-07
2325 100 8.17047e-07
2350 100 9.79567e-07
2375 100 1.198e-06
2400 100 1.50181e-06
2425 100 1.94373e-06
2450 100 2.6283e-06
2475 100 3.80399e-06
2500 100 6.23849e-06
2525 100 1.16059e-05
2550 100 1.71676e-05
2575 100 6.82129e-06
2600 100 -2.44038e-05
2625 100 -4.6599e-05
2650 100 -4.45566e-05
2675 100 -3.42995e-05
2700 100 -1.10161e-05
2725 100 2.50218e-05
2750 100 3.82542e-05
2775 100 2.39613e-05
2800 100 8.36315e-06
2825 100 1.80275e-06
2850 100 2.54169e-07
2875 100 2.43724e-08
2900 100 1.63682e-09
2925 100 7.88031e-11
2950 100 2.7723e-12
2975 100 7.23091e-14
0 125 0
25 125 -3.60384e-08
50 125 -7.28477e-08
75 125 -1.1124e-07
100 125 -1.52114e-07
125 125 -1.96511e-07
150 125 -2.45685e-07
175 125 -3.01195e-07
200 125 -3.65045e-07
225 125 -4.39883e-07
250 125 -5.29296e-07
275 125 -6.38294e-07
300 125 -7.74073e-07
325 125 -9.47341e-07
350 125 -1.17468e-06
375 125 -1.48307e-06
400 125 -1.91936e-06
425 125 -2.57268e-06
450 125 -3.64075e-06
475 125 -5.69233e-06
500 125 -1.02223e-05
525 125 -1.68298e-05
550 125 -1.32199e-05
575 125 1.29631e-05
600 125 4.02706e-05
625 125 4.16988e-05
650 125 2.882e-05
675 125 2.42494e-05
700 125 1.96104e-05
725 125 -8.37072e-06
750 125 -3.61684e-05
775 125 -3.27799e-05
800 125 -1.49221e-05
825 125 -3.96512e-06
850 125 -6.13367e-07
875 125 1.68119e-09
900 125 7.46846e-08
925 125 8.03236e-08
950 125 8.04353e-08
975 125 8.03125e-08
1000 125 8.02675e-08
1025 125 8.0313e-08
1050 125 8.04497e-08
1075 125 8.06783e-08
1100 125 8.09998e-08
1125 125 8.14159e-08
1150 125 8.19286e-08
1175 125 8.25403e-08
1200 125 8.32542e-08
1225 125 8.40738e-08
1250 125 8.50033e-08
1275 125 8.60475e-08
1300 125 8.7212e-08
1325 125 8.8503e-08
1350 125 8.99278e-08
1375 125 9.14942e-08
1400 125 9.32115e-08
1425 125 9.50899e-08
1450 125 9.71407e-08
1475 125 9.93771e-08
1500 125 1.01814e-07
1525 125 1.04467e-07
1550 125 1.07355e-07
1575 125 1.10499e-07
1600 125 1.13924e-07
1625 125 1.17655e-07
1650 125 1.21724e-07
1675 125 1.26166e-07
1700 125 1.31021e-07
1725 125 1.36334e-07
1750 125 1.4216e-07
1775 125 1.48559e-07
1800 125 1.55603e-07
1825 125 1.63373e-07
1850 125 1.71969e-07
1875 125 1.81504e-07
1900 125 1.92112e-07
1925 125 2.03957e-07
1950 125 2.17229e-07
1975 125 2.32162e-07
2000 125 2.49037e-07
2025 125 2.682e-07
2050 125 2.90077e-07
2075 125 3.15197e-07
2100 125 3.44227e-07
2125 125 3.78015e-07
2150 125 4.17654e-07
2175 125 4.64568e-07
2200 125 5.20648e-07
2225 125 5.88442e-07
2250 125 6.71457e-07
2275 125 7.74628e-07
2300 125 9.05094e-07
2325 125 1.07351e-06
2350 125 1.2964e-06
2375 125 1.60073e-06
2400 125 2.03329e-06
2425 125 2.68318e-06
2450 125 3.7481e-06
2475 125 5.7968e-06
2500 125 1.03241e-05
2525 125 1.69292e-05
2550 125 1.33171e-05
2575 125 -1.2868e-05
2600 125 -4.01774e-05
2625 125 -4.16073e-05
2650 125 -2.87301e-05
2675 125 -2.41609e-05
2700 125 -1.95232e-05
2725 125 8.45677e-06
2750 125 3.62534e-05
2775 125 3.28639e-05
2800 125 1.50054e-05
2825 125 4.04766e-06
2850 125 6.95296e-07
2875 125 7.97348e-08
2900 125 6.31523e-09
2925 125 3.5465e-10
2950 125 1.44243e-11
2975 125 4.31588e-13
0 150 0
25 150 -4.49259e-08
50 150 -9.0844e-08
75 150 -1.38802e-07
100 150 -1.89963e-07
125 150 -2.45685e-07
150 150 -3.07609e-07
175 150 -3.778e-07
200 150 -4.58935e-07
225 150 -5.54585e-07
250 150 -6.69661e-07
275 150 -8.11117e-07
300 150 -9.8914e-07
325 150 -1.21924e-06
350 150 -1.52617e-06
375 150 -1.95189e-06
400 150 -2.5737e-06
425 150 -3.55453e-06
450 150 -5.33108e-06
475 150 -9.14327e-06
500 150 -1.57567e-05
525 150 -1.67148e-05
550 150 3.42069e-06
575 150 3.35248e-05
600 150 4.23211e-05
625 150 2.92462e-05
650 150 1.66616e-05
675 150 1.59259e-05
700 150 2.1464e-05
725 150 7.94899e-06
750 150 -2.5563e-05
775 150 -3.80542e-05
800 150 -2.33536e-05
825 150 -7.90697e-06
850 150 -1.58524e-06
875 150 -1.32794e-07
900 150 7.66724e-08
925 150 9.65185e-08
950 150 9.75912e-08
975 150 9.74885e-08
1000 150 9.74352e-08
1025 150 9.74908e-08
1050 150 9.76579e-08
1075 150 9.79373e-08
1100 150 9.83303e-08
1125 150 9.88389e-08
1150 150 9.94656e-08
1175 150 1.00213e-07
1200 150 1.01086e-07
1225 150 1.02088e-07
1250 150 1.03225e-07
1275 150 1.04502e-07
1300 150 1.05926e-07
1325 150 1.07506e-07
1350 150 1.09249e-07
1375 150 1.11166e-07
1400 150 1.13269e-07
1425 150 1.15569e-07
1450 150 1.1808e-07
1475 150 1.2082e-07
1500 150 1.23806e-07
1525 150 1.27059e-07
1550 150 1.30601e-07
1575 150 1.34458e-07
1600 150 1.38661e-07
1625 150 1.43243e-07
1650 150 1.48242e-07
1675 150 1.53702e-07
1700 150 1.59672e-07
1725 150 1.66211e-07
1750 150 1.73385e-07
1775 150 1.81271e-07
1800 150 1.89958e-07
1825 150 1.9955e-07
1850 150 2.10171e-07
1875 150 2.21963e-07
1900 150 2.35099e-07
1925 150 2.49783e-07
1950 150 2.6626e-07
1975 150 2.84826e-07
2000 150 3.05842e-07
2025 150 3.29752e-07
2050 150 3.57104e-07
2075 150 3.88585e-07
2100 150 4.25062e-07
2125 150 4.67648e-07
2150 150 5.1778e-07
2175 150 5.77351e-07
2200 150 6.48893e-07
2225 150 7.35856e-07
2250 150 8.43046e-07
2275 150 9.77328e-07
2300 150 1.14881e-06
2325 150 1.37294e-06
2350 150 1.67441e-06
2375 150 2.09513e-06
2400 150 2.71236e-06
2425 150 3.68899e-06
2450 150 5.46169e-06
2475 150 9.27033e-06
2500 150 1.58806e-05
2525 150 1.68356e-05
2550 150 -3.30261e-06
2575 150 -3.34092e-05
2600 150 -4.22079e-05
2625 150 -2.9135e-05
2650 150 -1.65523e-05
2675 150 -1.58184e-05
2700 150 -2.13581e-05
2725 150 -7.84449e-06
2750 150 2.56663e-05
2775 150 3.81563e-05
2800 150 2.34547e-05
2825 150 8.00719e-06
2850 150 1.68471e-06
2875 150 2.31633e-07
2900 150 2.16579e-08
2925 150 1.41883e-09
2950 150 6.66808e-11
2975 150 2.28647e-12
0 175 0
25 175 -5.48767e-08
50 175 -1.11013e-07
75 175 -1.69742e-07
100 175 -2.32554e-07
125 175 -3.01195e-07
150 175 -3.778e-07
175 175 -4.65082e-07
200 175 -5.66596e-07
225 175 -6.87157e-07
250 175 -8.33491e-07
275 175 -1.01532e-06
300 175 -1.24721e-06
325 175 -1.55206e-06
350 175 -1.96793e-06
375 175 -2.56316e-06
400 175 -3.47625e-06
425 175 -5.05639e-06
450 175 -8.31542e-06
475 175 -1.45013e-05
500 175 -1.82402e-05
525 175 -3.98702e-06
550 175 2.61962e-05
575 175 4.20471e-05
600 175 3.25039e-05
625 175 1.70072e-05
650 175 9.65273e-06
675 175 1.07248e-05
700 175 1.84959e-05
725 175 1.83444e-05
750 175 -9.57028e-06
775 175 -3.65905e-05
800 175 -3.17747e-05
825 175 -1.38783e-05
850 175 -3.5136e-06
875 175 -4.835e-07
900 175 4.99579e-08
925 175 1.10771e-07
950 175 1.15234e-07
975 175 1.15299e-07
1000 175 1.15243e-07
1025 175 1.1531e-07
1050 175 1.15509e-07
1075 175 1.15842e-07
1100 175 1.16311e-07
1125 175 1.16917e-07
1150 175 1.17665e-07
1175 175 1.18557e-07
1200 175 1.19598e-07
1225 175 1.20793e-07
1250 175 1.22149e-07
1275 175 1.23674e-07
1300 175 1.25374e-07
1325 175 1.2726e-07
1350 175 1.29341e-07
1375 175 1.31631e-07
1400 175 1.34143e-07
1425 175 1.36892e-07
1450 175 1.39895e-07
1475 175 1.43171e-07
1500 175 1.46743e-07
1525 175 1.50636e-07
1550 175 1.54877e-07
1575 175 1.59498e-07
1600 175 1.64535e-07
1625 175 1.7003e-07
1650 175 1.76028e-07
1675 175 1.82583e-07
1700 175 1.89757e-07
1725 175 1.97619e-07
1750 175 2.06252e-07
1775 175 2.1575e-07
1800 175 2.26223e-07
1825 175 2.37799e-07
1850 175 2.50631e-07
1875 175 2.64897e-07
1900 175 2.8081e-07
1925 175 2.98625e-07
1950 175 3.18649e-07
1975 175 3.41253e-07
2000 175 3.66893e-07
2025 175 3.9613e-07
2050 175 4.29662e-07
2075 175 4.68367e-07
2100 175 5.13364e-07
2125 175 5.66092e-07
2150 175 6.28432e-07
2175 175 7.02882e-07
2200 175 7.92819e-07
2225 175 9.02907e-07
2250 175 1.03974e-06
2275 175 1.21293e-06
2300 175 1.43697e-06
2325 175 1.73464e-06
2350 175 2.14395e-06
2375 175 2.73319e-06
2400 175 3.64079e-06
2425 175 5.21588e-06
2450 175 8.4703e-06
2475 175 1.46519e-05
2500 175 1.83869e-05
2525 175 4.13019e-06
2550 175 -2.60563e-05
2575 175 -4.19102e-05
2600 175 -3.23698e-05
2625 175 -1.68755e-05
2650 175 -9.52339e-06
2675 175 -1.05976e-05
2700 175 -1.83705e-05
2725 175 -1.82207e-05
2750 175 9.69243e-06
2775 175 3.67113e-05
2800 175 3.18943e-05
2825 175 1.39968e-05
2850 175 3.63126e-06
2875 175 6.00418e-07
2900 175 6.63528e-08
2925 175 5.07141e-09
2950 175 2.75254e-10
2975 175 1.08048e-11
0 200 0
25 200 -6.62114e-08
50 200 -1.34013e-07
75 200 -2.05096e-07
100 200 -2.81358e-07
125 200 -3.65045e-07
150 200 -4.58935e-07
175 200 -5.66596e-07
200 200 -6.92781e-07
225 200 -8.44035e-07
250 200 -1.02969e-06
275 200 -1.26358e-06
300 200 -1.56709e-06
325 200 -1.97525e-06
350 200 -2.54965e-06
375 200 -3.4114e-06
400 200 -4.85094e-06
425 200 -7.7032e-06
450 200 -1.33503e-05
475 200 -1.86031e-05
500 200 -9.34128e-06
525 200 1.89944e-05
550 200 4.03804e-05
575 200 3.57487e-05
600 200 1.95112e-05
625 200 9.05439e-06
650 200 6.32215e-06
675 200 7.91482e-06
700 200 1.40967e-05
725 200 2.13559e-05
750 200 6.25607e-06
775 200 -2.75336e-05
800 200 -3.73846e-05
825 200 -2.15241e-05
850 200 -6.85371e-06
875 200 -1.25944e-06
900 200 -4.74226e-08
925 200 1.18253e-07
950 200 1.33119e-07
975 200 1.33859e-07
1000 200 1.33826e-07
1025 200 1.33905e-07
1050 200 1.34139e-07
1075 200 1.34529e-07
1100 200 1.35079e-07
1125 200 1.3579e-07
1150 200 1.36666e-07
1175 200 1.37712e-07
1200 200 1.38933e-07
1225 200 1.40336e-07
1250 200 1.41927e-07
1275 200 1.43716e-07
1300 200 1.45711e-07
1325 200 1.47925e-07
1350 200 1.5037e-07
1375 200 1.5306e-07
1400 200 1.56011e-07
1425 200 1.59242e-07
1450 200 1.62773e-07
1475 200 1.66628e-07
1500 200 1.70832e-07
1525 200 1.75415e-07
1550 200 1.80411e-07
1575 200 1.85858e-07
1600 200 1.91799e-07
1625 200 1.98284e-07
1650 200 2.05367e-07
1675 200 2.13115e-07
1700 200 2.21601e-07
1725 200 2.3091e-07
1750 200 2.41141e-07
1775 200 2.52409e-07
1800 200 2.64847e-07
1825 200 2.78614e-07
1850 200 2.93894e-07
1875 200 3.10908e-07
1900 200 3.29917e-07
1925 200 3.51237e-07
1950 200 3.75248e-07
1975 200 4.02414e-07
2000 200 4.33304e-07
2025 200 4.68625e-07
2050 200 5.09261e-07
2075 200 5.56333e-07
2100 200 6.11275e-07
2125 200 6.75953e-07
2150 200 7.52829e-07
2175 200 8.4521e-07
2200 200 9.57628e-07
2225 200 1.09644e-06
2250 200 1.27083e-06
2275 200 1.49449e-06
2300 200 1.7887e-06
2325 200 2.18836e-06
2350 200 2.75502e-06
2375 200 3.60968e-06
2400 200 5.04274e-06
2425 200 7.88906e-06
2450 200 1.35307e-05
2475 200 1.87785e-05
2500 200 9.51211e-06
2525 200 -1.88278e-05
2550 200 -4.02176e-05
2575 200 -3.55894e-05
2600 200 -1.93552e-05
2625 200 -8.90133e-06
2650 200 -6.17178e-06
2675 200 -7.7669e-06
2700 200 -1.3951e-05
2725 200 -2.12122e-05
2750 200 -6.11415e-06
2775 200 2.76739e-05
2800 200 3.75235e-05
2825 200 2.16618e-05
2850 200 6.99038e-06
2875 200 1.39523e-06
2900 200 1.82501e-07
2925 200 1.62768e-08
2950 200 1.01967e-09
2975 200 4.57665e-11
0 225 0
25 225 -7.93441e-08
50 225 -1.60699e-07
75 225 -2.46209e-07
100 225 -3.38303e-07
125 225 -4.39883e-07
150 225 -5.54585e-07
175 225 -6.87157e-07
200 225 -8.44035e-07
225 225 -1.03428e-06
250 225 -1.27114e-06
275 225 -1.57488e-06
300 225 -1.97821e-06
325 225 -2.53773e-06
350 225 -3.36211e-06
375 225 -4.70198e-06
400 225 -7.2635e-06
425 225 -1.24092e-05
450 225 -1.83777e-05
475 225 -1.29693e-05
500 225 1.25382e-05
525 225 3.76312e-05
550 225 3.82542e-05
575 225 2.2629e-05
600 225 9.94736e-06
625 225 5.19918e-06
650 225 4.85487e-06
675 225 6.38844e-06
700 225 1.04647e-05
725 225 1.91717e-05
750 225 1.71543e-05
775 225 -1.31554e-05
800 225 -3.75117e-05
825 225 -2.95359e-05
850 225 -1.19046e-05
875 225 -2.7641e-06
900 225 -2.98053e-07
925 225 1.0701e-07
950 225 1.50292e-07
975 225 1.53253e-07
1000 225 1.53332e-07
1025 225 1.53428e-07
1050 225 1.53699e-07
1075 225 1.54151e-07
1100 225 1.54788e-07
1125 225 1.55612e-07
1150 225 1.56627e-07
1175 225 1.57839e-07
1200 225 1.59255e-07
1225 225 1.6088e-07
1250 225 1.62725e-07
1275 225 1.64799e-07
1300 225 1.67114e-07
1325 225 1.69683e-07
1350 225 1.7252e-07
1375 225 1.75644e-07
1400 225 1.79072e-07
1425 225 1.82826e-07
1450 225 1.8693e-07
1475 225 1.91413e-07
1500 225 1.96305e-07
1525 225 2.01641e-07
1550 225 2.07461e-07
1575 225 2.13811e-07
1600 225 2.20741e-07
1625 225 2.28311e-07
1650 225 2.36588e-07
1675 225 2.45648e-07
1700 225 2.55581e-07
1725 225 2.66489e-07
1750 225 2.78491e-07
1775 225 2.91726e-07
1800 225 3.06356e-07
1825 225 3.22571e-07
1850 225 3.40599e-07
1875 225 3.60707e-07
1900 225 3.83218e-07
1925 225 4.08518e-07
1950 225 4.3708e-07
1975 225 4.69481e-07
2000 225 5.06433e-07
2025 225 5.48825e-07
2050 225 5.97779e-07
2075 225 6.54727e-07
2100 225 7.2152e-07
2125 225 8.0059e-07
2150 225 8.95184e-07
2175 225 1.00973e-06
2200 225 1.15039e-06
2225 225 1.326e-06
2250 225 1.54963e-06
2275 225 1.84137e-06
2300 225 2.23379e-06
2325 225 2.78338e-06
2350 225 3.59869e-06
2375 225 4.93029e-06
2400 225 7.48424e-06
2425 225 1.26231e-05
2450 225 1.85851e-05
2475 225 1.31709e-05
2500 225 -1.23419e-05
2525 225 -3.74398e-05
2550 225 -3.80673e-05
2575 225 -2.24462e-05
2600 225 -9.76829e-06
2625 225 -5.02353e-06
2650 225 -4.68235e-06
2675 225 -6.21875e-06
2700 225 -1.02976e-05
2725 225 -1.90069e-05
2750 225 -1.69916e-05
2775 225 1.33163e-05
2800 225 3.7671e-05
2825 225 2.96937e-05
2850 225 1.20613e-05
2875 225 2.91971e-06
2900 225 4.52841e-07
2925 225 4.7141e-08
2950 225 3.40657e-09
2975 225 1.74609e-10
0 250 0
25 250 -9.48223e-08
50 250 -1.92201e-07
75 250 -2.94875e-07
100 250 -4.05977e-07
125 250 -5.29296e-07
150 250 -6.69661e-07
175 250 -8.33491e-07
200 250 -1.02969e-06
225 250 -1.27114e-06
250 250 -1.57729e-06
275 250 -1.97918e-06
300 250 -2.52981e-06
325 250 -3.32911e-06
350 250 -4.6009e-06
375 250 -6.96131e-06
400 250 -1.16996e-05
425 250 -1.79304e-05
450 250 -1.52886e-05
475 250 7.17873e-06
500 250 3.43336e-05
525 250 3.98345e-05
550 250 2.57572e-05
575 250 1.14944e-05
600 250 5.04887e-06
625 250 3.67337e-06
650 250 4.1419e-06
675 250 5.44234e-06
700 250 8.10702e-06
725 250 1.5085e-05
750 250 2.14294e-05
775 250 2.16059e-06
800 250 -3.10153e-05
825 250 -3.57977e-05
850 250 -1.85293e-05
875 250 -5.34932e-06
900 250 -8.4288e-07
925 250 5.10751e-08
950 250 1.64046e-07
975 250 1.73443e-07
1000 250 1.7392e-07
1025 250 1.74048e-07
1050 250 1.7436e-07
1075 250 1.74879e-07
1100 250 1.75611e-07
1125 250 1.76557e-07
1150 250 1.77724e-07
1175 250 1.79116e-07
1200 250 1.80743e-07
1225 250 1.82612e-07
1250 250 1.84733e-07
1275 250 1.87118e-07
1300 250 1.89781e-07
1325 250 1.92737e-07
1350 250 1.96004e-07
1375 250 1.996e-07
1400 250 2.03549e-07
1425 250 2.07877e-07
1450 250 2.1261e-07
1475 250 2.17782e-07
1500 250 2.2343e-07
1525 250 2.29595e-07
1550 250 2.36324e-07
1575 250 2.4367e-07
1600 250 2.51694e-07
1625 250 2.60467e-07
1650 250 2.70068e-07
1675 250 2.80589e-07
1700 250 2.92136e-07
1725 250 3.04832e-07
1750 250 3.18821e-07
1775 250 3.34268e-07
1800 250 3.5137e-07
1825 250 3.70359e-07
1850 250 3.9151e-07
1875 250 4.1515e-07
1900 250 4.41676e-07
1925 250 4.71565e-07
1950 250 5.05401e-07
1975 250 5.43905e-07
2000 250 5.87973e-07
2025 250 6.38728e-07
2050 250 6.97602e-07
2075 250 7.6644e-07
2100 250 8.47652e-07
2125 250 9.44447e-07
2150 250 1.06117e-06
2175 250 1.20385e-06
2200 250 1.38106e-06
2225 250 1.6054e-06
2250 250 1.89611e-06
2275 250 2.28401e-06
2300 250 2.82194e-06
2325 250 3.6097e-06
2350 250 4.87097e-06
2375 250 7.22177e-06
2400 250 1.19513e-05
2425 250 1.81741e-05
2450 250 1.55249e-05
2475 250 -6.94913e-06
2500 250 -3.41102e-05
2525 250 -3.96167e-05
2550 250 -2.55446e-05
2575 250 -1.12865e-05
2600 250 -4.84532e-06
2625 250 -3.47377e-06
2650 250 -3.94589e-06
2675 250 -5.2496e-06
2700 250 -7.91724e-06
2725 250 -1.48979e-05
2750 250 -2.12446e-05
2775 250 -1.97798e-06
2800 250 3.1196e-05
2825 250 3.59768e-05
2850 250 1.87071e-05
2875 250 5.52587e-06
2900 250 1.01849e-06
2925 250 1.23804e-07
2950 250 1.0314e-08
2975 250 6.02913e-10
0 275 0
25 275 -1.13387e-07
50 275 -2.30056e-07
75 275 -3.53546e-07
100 275 -4.87948e-07
125 275 -6.38294e-07
150 275 -8.11117e-07
175 275 -1.01532e-06
200 275 -1.26358e-06
225 275 -1.57488e-06
250 275 -1.97918e-06
275 275 -2.52705e-06
300 275 -3.3126e-06
325 275 -4.54225e-06
350 275 -6.7722e-06
375 275 -1.12111e-05
400 275 -1.7475e-05
425 275 -1.66901e-05
450 275 3.02813e-06
475 275 3.10128e-05
500 275 4.05814e-05
525 275 2.85609e-05
550 275 1.33145e-05
575 275 5.37115e-06
600 275 3.14544e-06
625 275 3.09524e-06
650 275 3.70895e-06
675 275 4.77517e-06
700 275 6.67329e-06
725 275 1.13811e-05
750 275 2.04366e-05
775 275 1.41495e-05
800 275 -1.9075e-05
825 275 -3.80657e-05
850 275 -2.59347e-05
875 275 -9.29793e-06
900 275 -1.8882e-06
925 275 -9.93409e-08
950 275 1.67879e-07
975 275 1.94055e-07
1000 275 1.95751e-07
1025 275 1.95958e-07
1050 275 1.96316e-07
1075 275 1.96909e-07
1100 275 1.97744e-07
1125 275 1.98824e-07
1150 275 2.00157e-07
1175 275 2.01748e-07
1200 275 2.03606e-07
1225 275 2.05741e-07
1250 275 2.08166e-07
1275 275 2.10893e-07
1300 275 2.13939e-07
1325 275 2.17322e-07
1350 275 2.21061e-07
1375 275 2.25179e-07
1400 275 2.29704e-07
1425 275 2.34665e-07
1450 275 2.40094e-07
1475 275 2.4603e-07
1500 275 2.52517e-07
1525 275 2.59602e-07
1550 275 2.67342e-07
1575 275 2.75799e-07
1600 275 2.85046e-07
1625 275 2.95166e-07
1650 275 3.06253e-07
1675 275 3.18417e-07
1700 275 3.31785e-07
1725 275 3.46504e-07
1750 275 3.62745e-07
1775 275 3.80711e-07
1800 275 4.00638e-07
1825 275 4.22808e-07
1850 275 4.47555e-07
1875 275 4.75283e-07
1900 275 5.06479e-07
1925 275 5.41734e-07
1950 275 5.81778e-07
1975 275 6.27515e-07
2000 275 6.80077e-07
2025 275 7.40902e-07
2050 275 8.11834e-07
2075 275 8.9528e-07
2100 275 9.94427e-07
2125 275 1.11358e-06
2150 275 1.25867e-06
2175 275 1.43812e-06
2200 275 1.66422e-06
2225 275 1.95559e-06
2250 275 2.34192e-06
2275 275 2.87355e-06
2300 275 3.64438e-06
2325 275 4.86067e-06
2350 275 7.07845e-06
2375 275 1.15063e-05
2400 275 1.776e-05
2425 275 1.69659e-05
2450 275 -2.76079e-06
2475 275 -3.07532e-05
2500 275 -4.03289e-05
2525 275 -2.83149e-05
2550 275 -1.30744e-05
2575 275 -5.13649e-06
2600 275 -2.91573e-06
2625 275 -2.87006e-06
2650 275 -3.48789e-06
2675 275 -4.55785e-06
2700 275 -6.45935e-06
2725 275 -1.11702e-05
2750 275 -2.02284e-05
2775 275 -1.39437e-05
2800 275 1.92786e-05
2825 275 3.82674e-05
2850 275 2.61349e-05
2875 275 9.49675e-06
2900 275 2.08595e-06
2925 275 2.9625e-07
2950 275 2.84365e-08
2975 275 1.89306e-09
0 300 0
25 300 -1.36065e-07
50 300 -2.76403e-07
75 300 -4.25658e-07
100 300 -5.89273e-07
125 300 -7.74073e-07
150 300 -9.8914e-07
175 300 -1.24721e-06
200 300 -1.56709e-06
225 300 -1.97821e-06
250 300 -2.52981e-06
275 300 -3.3126e-06
300 300 -4.52302e-06
325 300 -6.68118e-06
350 300 -1.09267e-05
375 300 -1.71262e-05
400 300 -1.74821e-05
425 300 4.99238e-08
450 300 2.8084e-05
475 300 4.07264e-05
500 300 3.08661e-05
525 300 1.51515e-05
550 300 5.94036e-06
575 300 2.94048e-06
600 300 2.5229e-06
625 300 2.82426e-06
650 300 3.39543e-06
675 300 4.275e-06
700 300 5.74002e-06
725 300 8.82239e-06
750 300 1.68851e-05
775 300 2.05733e-05
800 300 -4.78461e-06
825 300 -3.49217e-05
850 300 -3.26855e-05
875 300 -1.46521e-05
900 300 -3.68628e-06
925 300 -4.2847e-07
950 300 1.48057e-07
975 300 2.13912e-07
1000 300 2.18955e-07
1025 300 2.19374e-07
1050 300 2.19789e-07
1075 300 2.20464e-07
1100 300 2.21413e-07
1125 300 2.22642e-07
1150 300 2.24158e-07
1175 300 2.25968e-07
1200 300 2.28083e-07
1225 300 2.30514e-07
1250 300 2.33275e-07
1275 300 2.36381e-07
1300 300 2.39852e-07
1325 300 2.43708e-07
1350 300 2.47972e-07
1375 300 2.52672e-07
1400 300 2.57838e-07
1425 300 2.63504e-07
1450 300 2.69711e-07
1475 300 2.76502e-07
1500 300 2.83928e-07
1525 300 2.92046e-07
1550 300 3.00923e-07
1575 300 3.10632e-07
1600 300 3.21259e-07
1625 300 3.32902e-07
1650 300 3.45674e-07
1675 300 3.59707e-07
1700 300 3.75151e-07
1725 300 3.92184e-07
1750 300 4.11012e-07
1775 300 4.31879e-07
1800 300 4.55073e-07
1825 300 4.80938e-07
1850 300 5.09884e-07
1875 300 5.42409e-07
1900 300 5.79115e-07
1925 300 6.20742e-07
1950 300 6.68209e-07
1975 300 7.22659e-07
2000 300 7.85545e-07
2025 300 8.58724e-07
2050 300 9.44612e-07
2075 300 1.0464e-06
2100 300 1.16839e-06
2125 300 1.31648e-06
2150 300 1.49902e-06
2175 300 1.72815e-06
2200 300 2.02217e-06
2225 300 2.41009e-06
2250 300 2.94082e-06
2275 300 3.70478e-06
2300 300 4.89817e-06
2325 300 7.04089e-06
2350 300 1.12723e-05
2375 300 1.74591e-05
2400 300 1.78033e-05
2425 300 2.60708e-07
2450 300 -2.7783e-05
2475 300 -4.04344e-05
2500 300 -3.05822e-05
2525 300 -1.4875e-05
2550 300 -5.67065e-06
2575 300 -2.67697e-06
2600 300 -2.26506e-06
2625 300 -2.57159e-06
2650 300 -3.14745e-06
2675 300 -4.03129e-06
2700 300 -5.50017e-06
2725 300 -8.58601e-06
2750 300 -1.66518e-05
2775 300 -2.03428e-05
2800 300 5.01269e-06
2825 300 3.51476e-05
2850 300 3.29096e-05
2875 300 1.48748e-05
2900 300 3.90769e-06
2925 300 6.48934e-07
2950 300 7.17314e-08
2975 300 5.43013e-09
0 325 0
25 325 -1.64317e-07
50 325 -3.34303e-07
75 325 -5.16173e-07
100 325 -7.17342e-07
125 325 -9.47341e-07
150 325 -1.21924e-06
175 325 -1.55206e-06
200 325 -1.97525e-06
225 325 -2.53773e-06
250 325 -3.32911e-06
275 325 -4.54225e-06
300 325 -6.68118e-06
325 325 -1.08334e-05
350 325 -1.69406e-05
375 325 -1.78765e-05
400 325 -1.8534e-06
425 325 2.58305e-05
450 325 4.05409e-05
475 325 3.26126e-05
500 325 1.68144e-05
525 325 6.6072e-06
550 325 2.91451e-06
575 325 2.19076e-06
600 325 2.30669e-06
625 325 2.64976e-06
650 325 3.15092e-06
675 325 3.88985e-06
700 325 5.06956e-06
725 325 7.2366e-06
750 325 1.30751e-05
775 325 2.16954e-05
800 325 8.22996e-06
825 325 -2.64891e-05
850 325 -3.70419e-05
875 325 -2.1053e-05
900 325 -6.47775e-06
925 325 -1.06142e-06
950 325 7.8718e-08
975 325 2.30149e-07
1000 325 2.4355e-07
1025 325 2.44545e-07
1050 325 2.4504e-07
1075 325 2.45806e-07
1100 325 2.46883e-07
1125 325 2.48278e-07
1150 325 2.49998e-07
1175 325 2.52052e-07
1200 325 2.54453e-07
1225 325 2.57214e-07
1250 325 2.6035e-07
1275 325 2.63881e-07
1300 325 2.67827e-07
1325 325 2.72213e-07
1350 325 2.77066e-07
1375 325 2.82418e-07
1400 325 2.88305e-07
1425 325 2.94766e-07
1450 325 3.01849e-07
1475 325 3.09605e-07
1500 325 3.18093e-07
1525 325 3.27382e-07
1550 325 3.37549e-07
1575 325 3.48682e-07
1600 325 3.60882e-07
1625 325 3.74267e-07
1650 325 3.88972e-07
1675 325 4.05153e-07
1700 325 4.22992e-07
1725 325 4.42702e-07
1750 325 4.64535e-07
1775 325 4.88786e-07
1800 325 5.15809e-07
1825 325 5.46023e-07
1850 325 5.79938e-07
1875 325 6.18172e-07
1900 325 6.61479e-07
1925 325 7.10794e-07
1950 325 7.67283e-07
1975 325 8.32421e-07
2000 325 9.0809e-07
2025 325 9.96738e-07
2050 325 1.10159e-06
2075 325 1.22697e-06
2100 325 1.37882e-06
2125 325 1.56551e-06
2150 325 1.79918e-06
2175 325 2.09809e-06
2200 325 2.49106e-06
2225 325 3.02652e-06
2250 325 3.79364e-06
2275 325 4.98495e-06
2300 325 7.10417e-06
2325 325 1.12385e-05
2350 325 1.73295e-05
2375 325 1.82508e-05
2400 325 2.21429e-06
2425 325 -2.54818e-05
2450 325 -4.02033e-05
2475 325 -3.22852e-05
2500 325 -1.64963e-05
2525 325 -6.2976e-06
2550 325 -2.61266e-06
2575 325 -1.896e-06
2600 325 -2.01839e-06
2625 325 -2.36734e-06
2650 325 -2.87386e-06
2675 325 -3.61764e-06
2700 325 -4.80173e-06
2725 325 -6.97272e-06
2750 325 -1.28147e-05
2775 325 -2.14382e-05
2800 325 -7.97551e-06
2825 325 2.67412e-05
2850 325 3.72919e-05
2875 325 2.13012e-05
2900 325 6.72464e-06
2925 325 1.30723e-06
2950 325 1.66318e-07
2975 325 1.42945e-08
0 350 0
25 350 -2.00284e-07
50 350 -4.08265e-07
75 350 -6.32479e-07
100 350 -8.83347e-07
125 350 -1.17468e-06
150 350 -1.52617e-06
175 350 -1.96793e-06
200 350 -2.54965e-06
225 350 -3.36211e-06
250 350 -4.6009e-06
275 350 -6.7722e-06
300 350 -1.09267e-05
325 350 -1.69406e-05
350 350 -1.7995e-05
375 350 -2.77713e-06
400 350 2.44219e-05
425 350 4.02685e-05
450 350 3.38114e-05
475 350 1.81647e-05
500 350 7.25411e-06
525 350 2.98331e-06
550 350 1.99669e-06
575 350 1.98292e-06
600 350 2.19926e-06
625 350 2.51706e-06
650 350 2.95609e-06
675 350 3.58791e-06
700 350 4.56199e-06
725 350 6.22811e-06
750 350 1.01317e-05
775 350 1.93919e-05
800 350 1.7315e-05
825 350 -1.44831e-05
850 350 -3.75332e-05
875 350 -2.76838e-05
900 350 -1.03994e-05
925 350 -2.15925e-06
950 350 -8.37083e-08
975 350 2.36758e-07
1000 350 2.69274e-07
1025 350 2.71738e-07
1050 350 2.72371e-07
1075 350 2.73242e-07
1100 350 2.74462e-07
1125 350 2.76043e-07
1150 350 2.77992e-07
1175 350 2.80322e-07
1200 350 2.83045e-07
1225 350 2.86177e-07
1250 350 2.89737e-07
1275 350 2.93746e-07
1300 350 2.98229e-07
1325 350 3.03214e-07
1350 350 3.08734e-07
1375 350 3.14825e-07
1400 350 3.21529e-07
1425 350 3.28893e-07
1450 350 3.36972e-07
1475 350 3.45828e-07
1500 350 3.55529e-07
1525 350 3.66157e-07
1550 350 3.77804e-07
1575 350 3.90573e-07
1600 350 4.04587e-07
1625 350 4.19985e-07
1650 350 4.36929e-07
1675 350 4.55607e-07
1700 350 4.76241e-07
1725 350 4.99088e-07
1750 350 5.24454e-07
1775 350 5.52704e-07
1800 350 5.8427e-07
1825 350 6.19677e-07
1850 350 6.59559e-07
1875 350 7.04691e-07
1900 350 7.56032e-07
1925 350 8.14778e-07
1950 350 8.82436e-07
1975 350 9.60933e-07
2000 350 1.05276e-06
2025 350 1.16122e-06
2050 350 1.2907e-06
2075 350 1.44726e-06
2100 350 1.63938e-06
2125 350 1.87937e-06
2150 350 2.18573e-06
2175 350 2.5876e-06
2200 350 3.13392e-06
2225 350 3.91481e-06
2250 350 5.12536e-06
2275 350 7.27129e-06
2300 350 1.14029e-05
2325 350 1.73962e-05
2350 350 1.84319e-05
2375 350 3.19712e-06
2400 350 -2.40173e-05
2425 350 -3.98779e-05
2450 350 -3.34336e-05
2475 350 -1.77986e-05
2500 350 -6.89858e-06
2525 350 -2.63748e-06
2550 350 -1.65972e-06
2575 350 -1.65403e-06
2600 350 -1.87773e-06
2625 350 -2.20224e-06
2650 350 -2.64736e-06
2675 350 -3.28469e-06
2700 350 -4.26376e-06
2725 350 -5.93436e-06
2750 350 -9.84193e-06
2775 350 -1.91058e-05
2800 350 -1.7032e-05
2825 350 1.47634e-05
2850 350 3.78112e-05
2875 350 2.79598e-05
2900 350 1.06738e-05
2925 350 2.43249e-06
2950 350 3.56067e-07
2975 350 3.46875e-08
0 375 0
25 375 -2.47207e-07
50 375 -5.05171e-07
75 375 -7.86017e-07
100 375 -1.10498e-06
125 375 -1.48307e-06
150 375 -1.95189e-06
175 375 -2.56316e-06
200 375 -3.4114e-06
225 375 -4.70198e-06
250 375 -6.96131e-06
275 375 -1.12111e-05
300 375 -1.71262e-05
325 375 -1.78765e-05
350 375 -2.77713e-06
375 375 2.39438e-05
400 375 4.00863e-05
425 375 3.45042e-05
450 375 1.91098e-05
475 375 7.78677e-06
500 375 3.08743e-06
525 375 1.88669e-06
550 375 1.77501e-06
575 375 1.91173e-06
600 375 2.12635e-06
625 375 2.4124e-06
650 375 2.80039e-06
675 375 3.34863e-06
700 375 4.17049e-06
725 375 5.52085e-06
750 375 8.19918e-06
775 375 1.58113e-05
800 375 2.15888e-05
825 375 -1.55369e-06
850 375 -3.35171e-05
875 375 -3.33848e-05
900 375 -1.53825e-05
925 375 -3.89623e-06
950 375 -4.04881e-07
975 375 2.22526e-07
1000 375 2.95277e-07
1025 375 3.01232e-07
1050 375 3.0214e-07
1075 375 3.03135e-07
1100 375 3.04518e-07
1125 375 3.06309e-07
1150 375 3.08519e-07
1175 375 3.11161e-07
1200 375 3.14249e-07
1225 375 3.17803e-07
1250 375 3.21845e-07
1275 375 3.26398e-07
1300 375 3.31492e-07
1325 375 3.37161e-07
1350 375 3.43441e-07
1375 375 3.50377e-07
1400 375 3.58017e-07
1425 375 3.66417e-07
1450 375 3.75641e-07
1475 375 3.85762e-07
1500 375 3.96862e-07
1525 375 4.09038e-07
1550 375 4.22399e-07
1575 375 4.3707e-07
1600 375 4.53196e-07
1625 375 4.70945e-07
1650 375 4.90514e-07
1675 375 5.12131e-07
1700 375 5.36065e-07
1725 375 5.62632e-07
1750 375 5.92209e-07
1775 375 6.25246e-07
1800 375 6.62285e-07
1825 375 7.03981e-07
1850 375 7.51137e-07
1875 375 8.04744e-07
1900 375 8.66035e-07
1925 375 9.36567e-07
1950 375 1.01832e-06
1975 375 1.11388e-06
2000 375 1.22662e-06
2025 375 1.36109e-06
2050 375 1.5235e-06
2075 375 1.72258e-06
2100 375 1.97101e-06
2125 375 2.28781e-06
2150 375 2.70302e-06
2175 375 3.26714e-06
2200 375 4.07368e-06
2225 375 5.32723e-06
2250 375 7.55352e-06
2275 375 1.17738e-05
2300 375 1.76623e-05
2325 375 1.83887e-05
2350 375 3.26765e-06
2375 375 -2.34729e-05
2400 375 -3.96331e-05
2425 375 -3.40671e-05
2450 375 -1.86874e-05
2475 375 -7.37773e-06
2500 375 -2.69056e-06
2525 375 -1.50093e-06
2550 375 -1.39937e-06
2575 375 -1.54531e-06
2600 375 -1.76833e-06
2625 375 -2.06203e-06
2650 375 -2.45695e-06
2675 375 -3.01146e-06
2700 375 -3.839e-06
2725 375 -5.19445e-06
2750 375 -7.87733e-06
2775 375 -1.54935e-05
2800 375 -2.12745e-05
2825 375 1.86485e-06
2850 375 3.38256e-05
2875 375 3.36912e-05
2900 375 1.5687e-05
2925 375 4.19937e-06
2950 375 7.06984e-07
2975 375 7.79308e-08
0 400 0
25 400 -3.10186e-07
50 400 -6.35977e-07
75 400 -9.95331e-07
100 400 -1.41172e-06
125 400 -1.91936e-06
150 400 -2.5737e-06
175 400 -3.47625e-06
200 400 -4.85094e-06
225 400 -7.2635e-06
250 400 -1.16996e-05
275 400 -1.7475e-05
300 400 -1.74821e-05
325 400 -1.8534e-06
350 400 2.44219e-05
375 400 4.00863e-05
400 400 3.473e-05
425 400 1.95947e-05
450 400 8.13517e-06
475 400 3.1825e-06
500 400 1.82828e-06
525 400 1.64297e-06
550 400 1.72541e-06
575 400 1.87568e-06
600 400 2.07291e-06
625 400 2.33081e-06
650 400 2.67682e-06
675 400 3.15852e-06
700 400 3.86493e-06
725 400 4.98683e-06
750 400 6.98857e-06
775 400 1.24503e-05
800 400 2.17831e-05
825 400 9.71021e-06
850 400 -2.54535e-05
875 400 -3.69323e-05
900 400 -2.10849e-05
925 400 -6.41837e-06
950 400 -9.72863e-07
975 400 1.6858e-07
1000 400 3.1962e-07
1025 400 3.33272e-07
1050 400 3.34769e-07
1075 400 3.3592e-07
1100 400 3.3749e-07
1125 400 3.39522e-07
1150 400 3.4203e-07
1175 400 3.45028e-07
1200 400 3.48536e-07
1225 400 3.52574e-07
1250 400 3.57167e-07
1275 400 3.62345e-07
1300 400 3.68143e-07
1325 400 3.74598e-07
1350 400 3.81755e-07
1375 400 3.89665e-07
1400 400 3.98387e-07
1425 400 4.07986e-07
1450 400 4.18538e-07
1475 400 4.3013e-07
1500 400 4.42862e-07
1525 400 4.56846e-07
1550 400 4.72214e-07
1575 400 4.89118e-07
1600 400 5.07732e-07
1625 400 5.28262e-07
1650 400 5.50945e-07
1675 400 5.76063e-07
1700 400 6.03944e-07
1725 400 6.34983e-07
1750 400 6.69647e-07
1775 400 7.08501e-07
1800 400 7.52229e-07
1825 400 8.01667e-07
1850 400 8.57846e-07
1875 400 9.2205e-07
1900 400 9.95901e-07
1925 400 1.08147e-06
1950 400 1.18142e-06
1975 400 1.2993e-06
2000 400 1.43983e-06
2025 400 1.60949e-06
2050 400 1.8174e-06
2075 400 2.0768e-06
2100 400 2.40762e-06
2125 400 2.84142e-06
2150 400 3.43154e-06
2175 400 4.27792e-06
2200 400 5.60317e-06
2225 400 7.972e-06
2250 400 1.23693e-05
2275 400 1.811e-05
2300 400 1.8086e-05
2325 400 2.42947e-06
2350 400 -2.3871e-05
2375 400 -3.95581e-05
2400 400 -3.42223e-05
2425 400 -1.91056e-05
