0 0 0
25 0 0
50 0 0
75 0 0
100 0 0
125 0 0
150 0 0
175 0 0
200 0 0
225 0 0
250 0 0
275 0 0
300 0 0
325 0 0
350 0 0
375 0 0
400 0 0
425 0 0
450 0 0
475 0 0
500 0 0
525 0 0
550 0 0
575 0 0
600 0 0
625 0 0
650 0 0
675 0 0
700 0 0
725 0 0
750 0 0
775 0 0
800 0 0
825 0 0
850 0 0
875 0 0
900 0 0
925 0 0
950 0 0
975 0 0
1000 0 0
1025 0 0
1050 0 0
1075 0 0
1100 0 0
1125 0 0
1150 0 0
1175 0 0
1200 0 0
1225 0 0
1250 0 0
1275 0 0
1300 0 0
1325 0 0
1350 0 0
1375 0 0
1400 0 0
1425 0 0
1450 0 0
1475 0 0
1500 0 0
1525 0 0
1550 0 0
1575 0 0
1600 0 0
1625 0 0
1650 0 0
1675 0 0
1700 0 0
1725 0 0
1750 0 0
1775 0 0
1800 0 0
1825 0 0
1850 0 0
1875 0 0
1900 0 0
1925 0 0
1950 0 0
1975 0 0
2000 0 0
2025 0 0
2050 0 0
2075 0 0
2100 0 0
2125 0 0
2150 0 0
2175 0 0
2200 0 0
2225 0 0
2250 0 0
2275 0 0
2300 0 0
2325 0 0
2350 0 0
2375 0 0
2400 0 0
2425 0 0
2450 0 0
2475 0 0
2500 0 0
2525 0 0
2550 0 0
2575 0 0
2600 0 0
2625 0 0
2650 0 0
2675 0 0
2700 0 0
2725 0 0
2750 0 0
2775 0 0
2800 0 0
2825 0 0
2850 0 0
2875 0 0
2900 0 0
2925 0 0
2950 0 0
2975 0 0
0 25 0
25 25 -1.6921e-07
50 25 -3.59055e-07
75 25 -5.97083e-07
100 25 -9.29873e-07
125 25 -1.45466e-06
150 25 -2.43601e-06
175 25 -4.67284e-06
200 25 -8.99949e-06
225 25 -9.65179e-06
250 25 9.37945e-06
275 25 4.09511e-05
300 25 3.99097e-05
325 25 1.4249e-06
350 25 -2.43645e-05
375 25 -2.01544e-05
400 25 -8.18391e-06
425 25 -1.96501e-06
450 25 -2.55046e-07
475 25 3.5321e-08
500 25 6.57531e-08
525 25 6.55966e-08
550 25 6.3223e-08
575 25 6.09654e-08
600 25 5.89341e-08
625 25 5.71114e-08
650 25 5.54772e-08
675 25 5.40142e-08
700 25 5.27074e-08
725 25 5.15441e-08
750 25 5.05132e-08
775 25 4.96052e-08
800 25 4.88122e-08
825 25 4.81271e-08
850 25 4.75443e-08
875 25 4.70589e-08
900 25 4.66668e-08
925 25 4.63651e-08
950 25 4.61512e-08
975 25 4.60236e-08
1000 25 4.59812e-08
1025 25 4.60236e-08
1050 25 4.61512e-08
1075 25 4.63651e-08
1100 25 4.66668e-08
1125 25 4.70589e-08
1150 25 4.75443e-08
1175 25 4.81271e-08
1200 25 4.88122e-08
1225 25 4.96052e-08
1250 25 5.05132e-08
1275 25 5.15441e-08
1300 25 5.27074e-08
1325 25 5.40142e-08
1350 25 5.54772e-08
1375 25 5.71114e-08
1400 25 5.89341e-08
1425 25 6.09656e-08
1450 25 6.32293e-08
1475 25 6.57531e-08
1500 25 6.85693e-08
1525 25 7.17164e-08
1550 25 7.52397e-08
1575 25 7.91932e-08
1600 25 8.36419e-08
1625 25 8.86636e-08
1650 25 9.4353e-08
1675 25 1.00826e-07
1700 25 1.08224e-07
1725 25 1.16725e-07
1750 25 1.26551e-07
1775 25 1.37981e-07
1800 25 1.51378e-07
1825 25 1.67209e-07
1850 25 1.8609e-07
1875 25 2.08848e-07
1900 25 2.36608e-07
1925 25 2.70936e-07
1950 25 3.14064e-07
1975 25 3.6926e-07
2000 25 4.41468e-07
2025 25 5.3847e-07
2050 25 6.73119e-07
2075 25 8.68019e-07
2100 25 1.16648e-06
2125 25 1.6635e-06
2150 25 2.6221e-06
2175 25 4.84005e-06
2200 25 9.15087e-06
2225 25 9.78977e-06
2250 25 -9.2529e-06
2275 25 -4.08344e-05
2300 25 -3.98015e-05
2325 25 -1.32407e-06
2350 25 2.44589e-05
2375 25 2.0243e-05
2400 25 8.26755e-06
2425 25 2.0442e-06
2450 25 3.30286e-07
2475 25 3.63954e-08
2500 25 2.8162e-09
2525 25 1.56451e-10
2550 25 6.35338e-12
2575 25 1.91481e-13
2600 25 4.3395e-15
2625 25 7.48094e-17
2650 25 9.91154e-19
2675 25 1.01862e-20
2700 25 8.18861e-23
2725 25 5.18868e-25
2750 25 2.60973e-27
2775 25 1.04864e-29
2800 25 3.38641e-32
2825 25 8.83756e-35
2850 25 1.87343e-37
2875 25 3.2414e-40
2900 25 4.59792e-43
2925 25 5.36961e-46
2950 25 5.18302e-49
2975 25 4.15033e-52
0 50 0
25 50 -3.59055e-07
50 50 -7.65348e-07
75 50 -1.28413e-06
100 50 -2.03406e-06
125 50 -3.30053e-06
150 50 -5.89613e-06
175 50 -1.10901e-05
200 50 -1.57084e-05
225 50 -5.28671e-06
250 50 2.86851e-05
275 50 6.14348e-05
300 50 5.56897e-05
325 50 9.72818e-06
350 50 -3.20112e-05
375 50 -3.62434e-05
400 50 -1.91899e-05
425 50 -5.96227e-06
450 50 -1.09424e-06
475 50 -2.57869e-08
500 50 1.22156e-07
525 50 1.31519e-07
550 50 1.27436e-07
575 50 1.22899e-07
600 50 1.18785e-07
625 50 1.15093e-07
650 50 1.11784e-07
675 50 1.08822e-07
700 50 1.06177e-07
725 50 1.03823e-07
750 50 1.01737e-07
775 50 9.99003e-08
800 50 9.82961e-08
825 50 9.69106e-08
850 50 9.57319e-08
875 50 9.47502e-08
900 50 9.39575e-08
925 50 9.33474e-08
950 50 9.29151e-08
975 50 9.2657e-08
1000 50 9.25712e-08
1025 50 9.2657e-08
1050 50 9.29151e-08
1075 50 9.33474e-08
1100 50 9.39575e-08
1125 50 9.47502e-08
1150 50 9.57319e-08
1175 50 9.69106e-08
1200 50 9.82961e-08
1225 50 9.99003e-08
1250 50 1.01737e-07
1275 50 1.03823e-07
1300 50 1.06177e-07
1325 50 1.08822e-07
1350 50 1.11784e-07
1375 50 1.15093e-07
1400 50 1.18785e-07
1425 50 1.22901e-07
1450 50 1.27489e-07
1475 50 1.32606e-07
1500 50 1.38318e-07
1525 50 1.44703e-07
1550 50 1.51856e-07
1575 50 1.59886e-07
1600 50 1.68926e-07
1625 50 1.79138e-07
1650 50 1.90717e-07
1675 50 2.039e-07
1700 50 2.18982e-07
1725 50 2.36329e-07
1750 50 2.56403e-07
1775 50 2.79788e-07
1800 50 3.07236e-07
1825 50 3.3973e-07
1850 50 3.78566e-07
1875 50 4.2549e-07
1900 50 4.82895e-07
1925 50 5.54135e-07
1950 50 6.44027e-07
1975 50 7.59704e-07
2000 50 9.12105e-07
2025 50 1.11876e-06
2050 50 1.40938e-06
2075 50 1.83826e-06
2100 50 2.51696e-06
2125 50 3.72602e-06
2150 50 6.2747e-06
2175 50 1.14298e-05
2200 50 1.60157e-05
2225 50 5.5665e-06
2250 50 -2.84287e-05
2275 50 -6.11985e-05
2300 50 -5.54707e-05
2325 50 -9.52428e-06
2350 50 3.22019e-05
2375 50 3.64225e-05
2400 50 1.93588e-05
2425 50 6.12216e-06
2450 50 1.24609e-06
2475 50 1.7049e-07
2500 50 1.61616e-08
2525 50 1.08666e-09
2550 50 5.28328e-11
2575 50 1.88807e-12
2600 50 5.03036e-14
2625 50 1.01175e-15
2650 50 1.55331e-17
2675 50 1.83862e-19
2700 50 1.6931e-21
2725 50 1.22289e-23
2750 50 6.98003e-26
2775 50 3.1701e-28
2800 50 1.15287e-30
2825 50 3.37695e-33
2850 50 8.01044e-36
2875 50 1.54656e-38
2900 50 2.44175e-41
2925 50 3.16638e-44
2950 50 3.38643e-47
2975 50 2.99854e-50
0 75 0
25 75 -5.97083e-07
50 75 -1.28413e-06
75 75 -2.19498e-06
100 75 -3.61646e-06
125 75 -6.3192e-06
150 75 -1.16016e-05
175 75 -1.72946e-05
200 75 -1.0994e-05
225 75 1.67079e-05
250 75 4.73193e-05
275 75 5.67237e-05
300 75 4.69112e-05
325 75 2.05214e-05
350 75 -1.92518e-05
375 75 -4.15986e-05
400 75 -3.21668e-05
425 75 -1.36952e-05
450 75 -3.47531e-06
475 75 -4.24052e-07
500 75 1.3451e-07
525 75 1.95464e-07
550 75 1.93492e-07
575 75 1.86805e-07
600 75 1.80511e-07
625 75 1.74854e-07
650 75 1.69786e-07
675 75 1.65251e-07
700 75 1.61203e-07
725 75 1.57602e-07
750 75 1.54411e-07
775 75 1.51602e-07
800 75 1.4915e-07
825 75 1.47032e-07
850 75 1.45231e-07
875 75 1.43731e-07
900 75 1.4252e-07
925 75 1.41588e-07
950 75 1.40927e-07
975 75 1.40533e-07
1000 75 1.40402e-07
1025 75 1.40533e-07
1050 75 1.40927e-07
1075 75 1.41588e-07
1100 75 1.4252e-07
1125 75 1.43731e-07
1150 75 1.45231e-07
1175 75 1.47032e-07
1200 75 1.4915e-07
1225 75 1.51602e-07
1250 75 1.54411e-07
1275 75 1.57602e-07
1300 75 1.61203e-07
1325 75 1.65251e-07
1350 75 1.69786e-07
1375 75 1.74854e-07
1400 75 1.80511e-07
1425 75 1.86821e-07
1450 75 1.93858e-07
1475 75 2.01711e-07
1500 75 2.10483e-07
1525 75 2.20296e-07
1550 75 2.31297e-07
1575 75 2.43659e-07
1600 75 2.5759e-07
1625 75 2.73344e-07
1650 75 2.91227e-07
1675 75 3.11617e-07
1700 75 3.34981e-07
1725 75 3.61901e-07
1750 75 3.93114e-07
1775 75 4.29559e-07
1800 75 4.7245e-07
1825 75 5.2338e-07
1850 75 5.8447e-07
1875 75 6.58597e-07
1900 75 7.49745e-07
1925 75 8.63563e-07
1950 75 1.00829e-06
1975 75 1.19635e-06
2000 75 1.44727e-06
2025 75 1.79343e-06
2050 75 2.29241e-06
2075 75 3.05855e-06
2100 75 4.36621e-06
2125 75 6.9778e-06
2150 75 1.2186e-05
2175 75 1.78179e-05
2200 75 1.14665e-05
2225 75 -1.62783e-05
2250 75 -4.69262e-05
2275 75 -5.63618e-05
2300 75 -4.65762e-05
2325 75 -2.02098e-05
2350 75 1.9543e-05
2375 75 4.1872e-05
2400 75 3.24244e-05
2425 75 1.39388e-05
2450 75 3.7066e-06
2475 75 6.44348e-07
2500 75 7.59722e-08
2525 75 6.24639e-09
2550 75 3.66209e-10
2575 75 1.55968e-11
2600 75 4.90304e-13
2625 75 1.15355e-14
2650 75 2.05612e-16
2675 75 2.80694e-18
2700 75 2.96366e-20
2725 75 2.44157e-22
2750 75 1.58213e-24
2775 75 8.12336e-27
2800 75 3.32713e-29
2825 75 1.0938e-31
2850 75 2.90292e-34
2875 75 6.25266e-37
2900 75 1.09844e-39
2925 75 1.58115e-42
2950 75 1.87295e-45
2975 75 1.83309e-48
0 100 0
25 100 -9.29873e-07
50 100 -2.03406e-06
75 100 -3.61646e-06
100 100 -6.42747e-06
125 100 -1.17291e-05
150 100 -1.78056e-05
175 100 -1.35083e-05
200 100 1.12516e-05
225 100 4.08682e-05
250 100 4.92461e-05
275 100 3.85242e-05
300 100 2.9901e-05
325 100 2.51359e-05
350 100 2.62925e-06
375 100 -3.15358e-05
400 100 -4.12405e-05
425 100 -2.51221e-05
450 100 -8.72396e-06
475 100 -1.72172e-06
500 100 -1.24334e-08
525 100 2.44123e-07
550 100 2.61373e-07
575 100 2.53724e-07
600 100 2.45153e-07
625 100 2.37383e-07
650 100 2.30423e-07
675 100 2.242e-07
700 100 2.18646e-07
725 100 2.13708e-07
750 100 2.09335e-07
775 100 2.05487e-07
800 100 2.02128e-07
825 100 1.99228e-07
850 100 1.96762e-07
875 100 1.94709e-07
900 100 1.93051e-07
925 100 1.91776e-07
950 100 1.90872e-07
975 100 1.90333e-07
1000 100 1.90154e-07
1025 100 1.90333e-07
1050 100 1.90872e-07
1075 100 1.91776e-07
1100 100 1.93051e-07
1125 100 1.94709e-07
1150 100 1.96762e-07
1175 100 1.99228e-07
1200 100 2.02128e-07
1225 100 2.05487e-07
1250 100 2.09335e-07
1275 100 2.13708e-07
1300 100 2.18646e-07
1325 100 2.242e-07
1350 100 2.30423e-07
1375 100 2.37383e-07
1400 100 2.45157e-07
1425 100 2.53833e-07
1450 100 2.63517e-07
1475 100 2.74333e-07
1500 100 2.86426e-07
1525 100 2.99969e-07
1550 100 3.15167e-07
1575 100 3.32269e-07
1600 100 3.51569e-07
1625 100 3.73428e-07
1650 100 3.98287e-07
1675 100 4.26687e-07
1700 100 4.59302e-07
1725 100 4.96978e-07
1750 100 5.4079e-07
1775 100 5.92116e-07
1800 100 6.52756e-07
1825 100 7.25086e-07
1850 100 8.12307e-07
1875 100 9.18812e-07
1900 100 1.05078e-06
1925 100 1.21711e-06
1950 100 1.43111e-06
1975 100 1.71343e-06
2000 100 2.09779e-06
2025 100 2.6433e-06
2050 100 3.46518e-06
2075 100 4.83357e-06
2100 100 7.47824e-06
2125 100 1.26479e-05
2150 100 1.86179e-05
2175 100 1.42333e-05
2200 100 -1.05989e-05
2225 100 -4.02761e-05
2250 100 -4.87053e-05
2275 100 -3.80273e-05
2300 100 -2.94417e-05
2325 100 -2.47092e-05
2350 100 -2.23097e-06
2375 100 3.19092e-05
2400 100 4.15921e-05
2425 100 2.54544e-05
2450 100 9.03912e-06
2475 100 2.02169e-06
2500 100 2.98859e-07
2525 100 3.021e-08
2550 100 2.14379e-09
2575 100 1.09105e-10
2600 100 4.05462e-12
2625 100 1.11736e-13
2650 100 2.31434e-15
2675 100 3.64598e-17
2700 100 4.41525e-19
2725 100 4.14943e-21
2750 100 3.05249e-23
2775 100 1.77156e-25
2800 100 8.16966e-28
2825 100 3.01338e-30
2850 100 8.94412e-33
2875 100 2.14827e-35
2900 100 4.19724e-38
2925 100 6.70291e-41
2950 100 8.78914e-44
2975 100 9.50247e-47
0 125 0
25 125 -1.45466e-06
50 125 -3.30053e-06
75 125 -6.3192e-06
100 125 -1.17291e-05
125 125 -1.79266e-05
150 125 -1.45491e-05
175 125 8.45129e-06
200 125 3.77059e-05
225 125 4.73738e-05
250 125 3.5617e-05
275 125 2.13494e-05
300 125 1.71622e-05
325 125 2.21209e-05
350 125 1.87245e-05
375 125 -1.02353e-05
400 125 -3.90686e-05
425 125 -3.66808e-05
450 125 -1.76947e-05
475 125 -4.90001e-06
500 125 -6.20625e-07
525 125 2.28378e-07
550 125 3.27159e-07
575 125 3.24546e-07
600 125 3.13876e-07
625 125 3.03797e-07
650 125 2.94756e-07
675 125 2.86677e-07
700 125 2.79473e-07
725 125 2.7307e-07
750 125 2.67404e-07
775 125 2.62419e-07
800 125 2.58071e-07
825 125 2.54318e-07
850 125 2.51128e-07
875 125 2.48472e-07
900 125 2.46329e-07
925 125 2.4468e-07
950 125 2.43512e-07
975 125 2.42815e-07
1000 125 2.42583e-07
1025 125 2.42815e-07
1050 125 2.43512e-07
1075 125 2.4468e-07
1100 125 2.46329e-07
1125 125 2.48472e-07
1150 125 2.51128e-07
1175 125 2.54318e-07
1200 125 2.58071e-07
1225 125 2.62419e-07
1250 125 2.67404e-07
1275 125 2.7307e-07
1300 125 2.79473e-07
1325 125 2.86677e-07
1350 125 2.94756e-07
1375 125 3.03798e-07
1400 125 3.13905e-07
1425 125 3.25196e-07
1450 125 3.37812e-07
1475 125 3.51917e-07
1500 125 3.67709e-07
1525 125 3.85418e-07
1550 125 4.05323e-07
1575 125 4.27758e-07
1600 125 4.53127e-07
1625 125 4.8192e-07
1650 125 5.14743e-07
1675 125 5.52342e-07
1700 125 5.95654e-07
1725 125 6.45861e-07
1750 125 7.04475e-07
1775 125 7.73458e-07
1800 125 8.5539e-07
1825 125 9.53726e-07
1850 125 1.07318e-06
1875 125 1.22035e-06
1900 125 1.40467e-06
1925 125 1.64013e-06
1950 125 1.9483e-06
1975 125 2.36415e-06
2000 125 2.94845e-06
2025 125 3.81881e-06
2050 125 5.24883e-06
2075 125 7.95933e-06
2100 125 1.31338e-05
2125 125 1.9147e-05
2150 125 1.56223e-05
2175 125 -7.49757e-06
2200 125 -3.68505e-05
2225 125 -4.66004e-05
2250 125 -3.49125e-05
2275 125 -2.07035e-05
2300 125 -1.65666e-05
2325 125 -2.15686e-05
2350 125 -1.82097e-05
2375 125 1.07173e-05
2400 125 3.95217e-05
2425 125 3.71086e-05
2450 125 1.81e-05
2475 125 5.28542e-06
2500 125 9.88333e-07
2525 125 1.2354e-07
2550 125 1.06527e-08
2575 125 6.49585e-10
2600 125 2.85887e-11
2625 125 9.2391e-13
2650 125 2.22536e-14
2675 125 4.04723e-16
2700 125 5.62214e-18
2725 125 6.02693e-20
2750 125 5.03217e-22
2775 125 3.3e-24
2800 125 1.7127e-26
2825 125 7.08412e-29
2850 125 2.3502e-31
2875 125 6.29076e-34
2900 125 1.36601e-36
2925 125 2.41854e-39
2950 125 3.50795e-42
2975 125 4.18656e-45
0 150 0
25 150 -2.43601e-06
50 150 -5.89613e-06
75 150 -1.16016e-05
100 150 -1.78056e-05
125 150 -1.45491e-05
150 150 7.56952e-06
175 150 3.62409e-05
200 150 4.66876e-05
225 150 3.54643e-05
250 150 1.97267e-05
275 150 1.13383e-05
300 150 1.07194e-05
325 150 1.6318e-05
350 150 2.30626e-05
375 150 1.07057e-05
400 150 -2.37623e-05
425 150 -4.1807e-05
450 150 -2.9176e-05
475 150 -1.10612e-05
500 150 -2.30284e-06
525 150 6.92022e-09
550 150 3.73166e-07
575 150 3.99084e-07
600 150 3.87972e-07
625 150 3.75399e-07
650 150 3.64021e-07
675 150 3.53859e-07
700 150 3.44805e-07
725 150 3.36764e-07
750 150 3.29653e-07
775 150 3.23402e-07
800 150 3.17951e-07
825 150 3.13248e-07
850 150 3.09253e-07
875 150 3.05928e-07
900 150 3.03245e-07
925 150 3.01182e-07
950 150 2.9972e-07
975 150 2.98848e-07
1000 150 2.98558e-07
1025 150 2.98848e-07
1050 150 2.9972e-07
1075 150 3.01182e-07
1100 150 3.03245e-07
1125 150 3.05928e-07
1150 150 3.09253e-07
1175 150 3.13248e-07
1200 150 3.17951e-07
1225 150 3.23402e-07
1250 150 3.29653e-07
1275 150 3.36764e-07
1300 150 3.44805e-07
1325 150 3.53859e-07
1350 150 3.64021e-07
1375 150 3.75406e-07
1400 150 3.88145e-07
1425 150 4.02393e-07
1450 150 4.18333e-07
1475 150 4.36182e-07
1500 150 4.56195e-07
1525 150 4.7868e-07
1550 150 5.04002e-07
1575 150 5.32605e-07
1600 150 5.65028e-07
1625 150 6.0193e-07
1650 150 6.44126e-07
1675 150 6.92632e-07
1700 150 7.48729e-07
1725 150 8.14052e-07
1750 150 8.90712e-07
1775 150 9.81478e-07
1800 150 1.09004e-06
1825 150 1.22143e-06
1850 150 1.38264e-06
1875 150 1.58365e-06
1900 150 1.83921e-06
1925 150 2.17194e-06
1950 150 2.61844e-06
1975 150 3.24218e-06
2000 150 4.16626e-06
2025 150 5.67819e-06
2050 150 8.51458e-06
2075 150 1.37735e-05
2100 150 1.96448e-05
2125 150 1.61327e-05
2150 150 -6.18688e-06
2175 150 -3.50195e-05
2200 150 -4.55976e-05
2225 150 -3.44828e-05
2250 150 -1.8836e-05
2275 150 -1.05242e-05
2300 150 -9.97071e-06
2325 150 -1.56254e-05
2350 150 -2.24184e-05
2375 150 -1.01038e-05
2400 150 2.43274e-05
2425 150 4.23396e-05
2450 150 2.968e-05
2475 150 1.15398e-05
2500 150 2.75904e-06
2525 150 4.29261e-07
2550 150 4.51665e-08
2575 150 3.30891e-09
2600 150 1.72765e-10
2625 150 6.55447e-12
2650 150 1.83692e-13
2675 150 3.8575e-15
2700 150 6.14644e-17
2725 150 7.51381e-19
2750 150 7.11749e-21
2775 150 5.27116e-23
2800 150 3.07692e-25
2825 150 1.42615e-27
2850 150 5.2843e-30
2875 150 1.57501e-32
2900 150 3.79788e-35
2925 150 7.44848e-38
2950 150 1.194e-40
2975 150 1.57157e-43
0 175 0
25 175 -4.67284e-06
50 175 -1.10901e-05
75 175 -1.72946e-05
100 175 -1.35083e-05
125 175 8.45129e-06
150 175 3.62409e-05
175 175 4.64914e-05
200 175 3.56004e-05
225 175 1.95286e-05
250 175 9.94925e-06
275 175 7.12652e-06
300 175 7.9565e-06
325 175 1.17073e-05
350 175 1.96006e-05
375 175 2.19195e-05
400 175 -2.08602e-06
425 175 -3.52275e-05
450 175 -3.89096e-05
475 175 -2.04756e-05
500 175 -5.97192e-06
525 175 -7.44319e-07
550 175 3.42753e-07
575 175 4.72728e-07
600 175 4.6866e-07
625 175 4.53747e-07
650 175 4.39708e-07
675 175 4.27157e-07
700 175 4.15987e-07
725 175 4.06075e-07
750 175 3.97318e-07
775 175 3.89624e-07
800 175 3.8292e-07
825 175 3.7714e-07
850 175 3.72232e-07
875 175 3.68149e-07
900 175 3.64856e-07
925 175 3.62323e-07
950 175 3.6053e-07
975 175 3.5946e-07
1000 175 3.59104e-07
1025 175 3.5946e-07
1050 175 3.6053e-07
1075 175 3.62323e-07
1100 175 3.64856e-07
1125 175 3.68149e-07
1150 175 3.72232e-07
1175 175 3.7714e-07
1200 175 3.8292e-07
1225 175 3.89624e-07
1250 175 3.97318e-07
1275 175 4.06075e-07
1300 175 4.15987e-07
1325 175 4.27157e-07
1350 175 4.39709e-07
1375 175 4.53787e-07
1400 175 4.6956e-07
1425 175 4.87228e-07
1450 175 5.07026e-07
1475 175 5.29234e-07
1500 175 5.54186e-07
1525 175 5.8228e-07
1550 175 6.14e-07
1575 175 6.49928e-07
1600 175 6.9078e-07
1625 175 7.37437e-07
1650 175 7.90998e-07
1675 175 8.52844e-07
1700 175 9.24732e-07
1725 175 1.00893e-06
1750 175 1.10841e-06
1775 175 1.22712e-06
1800 175 1.37044e-06
1825 175 1.54581e-06
1850 175 1.76387e-06
1875 175 2.04031e-06
1900 175 2.3992e-06
1925 175 2.8795e-06
1950 175 3.54908e-06
1975 175 4.5411e-06
2000 175 6.17077e-06
2025 175 9.21394e-06
2050 175 1.46392e-05
2075 175 2.01741e-05
2100 175 1.59075e-05
2125 175 -6.41099e-06
2150 175 -3.44771e-05
2175 175 -4.49456e-05
2200 175 -3.42299e-05
2225 175 -1.83014e-05
2250 175 -8.84083e-06
2275 175 -6.11759e-06
2300 175 -7.03176e-06
2325 175 -1.08545e-05
2350 175 -1.88096e-05
2375 175 -2.11821e-05
2400 175 2.7768e-06
2425 175 3.58775e-05
2450 175 3.95236e-05
2475 175 2.10579e-05
2500 175 6.52611e-06
2525 175 1.27355e-06
2550 175 1.64272e-07
2575 175 1.44997e-08
2600 175 8.99665e-10
2625 175 4.01069e-11
2650 175 1.30836e-12
2675 175 3.17256e-14
2700 175 5.79675e-16
2725 175 8.07715e-18
2750 175 8.67478e-20
2775 175 7.24991e-22
2800 175 4.75578e-24
2825 175 2.46788e-26
2850 175 1.02032e-28
2875 175 3.38298e-31
2900 175 9.04954e-34
2925 175 1.96395e-36
2950 175 3.47575e-39
2975 175 5.04023e-42
0 200 0
25 200 -8.99949e-06
50 200 -1.57084e-05
75 200 -1.0994e-05
100 200 1.12516e-05
125 200 3.77059e-05
150 200 4.66876e-05
175 200 3.56004e-05
200 200 1.95348e-05
225 200 9.55346e-06
250 200 6.01182e-06
275 200 5.68274e-06
300 200 6.70027e-06
325 200 9.02315e-06
350 200 1.45328e-05
375 200 2.274e-05
400 200 1.55671e-05
425 200 -1.79257e-05
450 200 -4.11145e-05
475 200 -3.13557e-05
500 200 -1.24544e-05
525 200 -2.60774e-06
550 200 9.10659e-08
575 200 5.26997e-07
600 200 5.56191e-07
625 200 5.40691e-07
650 200 5.23655e-07
675 200 5.08313e-07
700 200 4.94671e-07
725 200 4.8258e-07
750 200 4.71907e-07
775 200 4.62541e-07
800 200 4.54385e-07
825 200 4.47358e-07
850 200 4.41394e-07
875 200 4.36436e-07
900 200 4.32439e-07
925 200 4.29366e-07
950 200 4.2719e-07
975 200 4.25892e-07
1000 200 4.25461e-07
1025 200 4.25892e-07
1050 200 4.2719e-07
1075 200 4.29366e-07
1100 200 4.32439e-07
1125 200 4.36436e-07
1150 200 4.41394e-07
1175 200 4.47358e-07
1200 200 4.54385e-07
1225 200 4.62541e-07
1250 200 4.71907e-07
1275 200 4.8258e-07
1300 200 4.94671e-07
1325 200 5.08313e-07
1350 200 5.23663e-07
1375 200 5.40904e-07
1400 200 5.60251e-07
1425 200 5.81962e-07
1450 200 6.06339e-07
1475 200 6.33744e-07
1500 200 6.64611e-07
1525 200 6.99461e-07
1550 200 7.38928e-07
1575 200 7.83786e-07
1600 200 8.3499e-07
1625 200 8.93725e-07
1650 200 9.61485e-07
1675 200 1.04017e-06
1700 200 1.13222e-06
1725 200 1.24084e-06
1750 200 1.37029e-06
1775 200 1.52636e-06
1800 200 1.71707e-06
1825 200 1.95392e-06
1850 200 2.25384e-06
1875 200 2.64295e-06
1900 200 3.16371e-06
1925 200 3.89086e-06
1950 200 4.97452e-06
1975 200 6.77639e-06
2000 200 1.01291e-05
2025 200 1.57759e-05
2050 200 2.06829e-05
2075 200 1.48849e-05
2100 200 -8.08791e-06
2125 200 -3.50629e-05
2150 200 -4.44338e-05
2175 200 -3.36464e-05
2200 200 -1.78178e-05
2225 200 -8.02711e-06
2250 200 -4.64153e-06
2275 200 -4.4419e-06
2300 200 -5.56805e-06
2325 200 -7.98298e-06
2350 200 -1.35713e-05
2375 200 -2.18463e-05
2400 200 -1.47321e-05
2425 200 1.87095e-05
2450 200 4.18534e-05
2475 200 3.20552e-05
2500 200 1.3119e-05
2525 200 3.24148e-06
2550 200 5.15273e-07
2575 200 5.4965e-08
2600 200 4.05976e-09
2625 200 2.12843e-10
2650 200 8.08407e-12
2675 200 2.26312e-13
2700 200 4.73958e-15
2725 200 7.5224e-17
2750 200 9.15227e-19
2775 200 8.62354e-21
2800 200 6.35047e-23
2825 200 3.68541e-25
2850 200 1.69822e-27
2875 200 6.25628e-30
2900 200 1.85436e-32
2925 200 4.4479e-35
2950 200 8.6802e-38
2975 200 1.38508e-40
0 225 0
25 225 -9.65179e-06
50 225 -5.28671e-06
75 225 1.67079e-05
100 225 4.08682e-05
125 225 4.73738e-05
150 225 3.54643e-05
175 225 1.95286e-05
200 225 9.55346e-06
225 225 5.72592e-06
250 225 4.93308e-06
275 225 5.22385e-06
300 225 6.04741e-06
325 225 7.57816e-06
350 225 1.08946e-05
375 225 1.84101e-05
400 225 2.3301e-05
425 225 2.6227e-06
450 225 -3.24229e-05
475 225 -3.95793e-05
500 225 -2.16606e-05
525 225 -6.35581e-06
550 225 -6.81927e-07
575 225 5.08237e-07
600 225 6.46943e-07
625 225 6.38273e-07
650 225 6.18181e-07
675 225 5.99529e-07
700 225 5.82941e-07
725 225 5.68259e-07
750 225 5.55316e-07
775 225 5.43969e-07
800 225 5.34098e-07
825 225 5.25602e-07
850 225 5.18395e-07
875 225 5.12407e-07
900 225 5.07583e-07
925 225 5.03875e-07
950 225 5.01251e-07
975 225 4.99686e-07
1000 225 4.99165e-07
1025 225 4.99686e-07
1050 225 5.01251e-07
1075 225 5.03875e-07
1100 225 5.07583e-07
1125 225 5.12407e-07
1150 225 5.18395e-07
1175 225 5.25602e-07
1200 225 5.34098e-07
1225 225 5.43969e-07
1250 225 5.55316e-07
1275 225 5.68259e-07
1300 225 5.82941e-07
1325 225 5.9953e-07
1350 225 6.18224e-07
1375 225 6.39258e-07
1400 225 6.62909e-07
1425 225 6.89507e-07
1450 225 7.19443e-07
1475 225 7.5319e-07
1500 225 7.91315e-07
1525 225 8.34505e-07
1550 225 8.83604e-07
1575 225 9.39647e-07
1600 225 1.00392e-06
1625 225 1.07806e-06
1650 225 1.16412e-06
1675 225 1.26477e-06
1700 225 1.38348e-06
1725 225 1.52492e-06
1750 225 1.69539e-06
1775 225 1.90369e-06
1800 225 2.16244e-06
1825 225 2.49031e-06
1850 225 2.91631e-06
1875 225 3.48808e-06
1900 225 4.29108e-06
1925 225 5.50324e-06
1950 225 7.55872e-06
1975 225 1.13446e-05
2000 225 1.71938e-05
2025 225 2.09963e-05
2050 225 1.28454e-05
2075 225 -1.12046e-05
2100 225 -3.65771e-05
2125 225 -4.38858e-05
2150 225 -3.2548e-05
2175 225 -1.70383e-05
2200 225 -7.39103e-06
2225 225 -3.82222e-06
2250 225 -3.23769e-06
2275 225 -3.69893e-06
2300 225 -4.66392e-06
2325 225 -6.31339e-06
2350 225 -9.73049e-06
2375 225 -1.7332e-05
2400 225 -2.22971e-05
2425 225 -1.68306e-06
2450 225 3.33065e-05
2475 225 4.04138e-05
2500 225 2.24519e-05
2525 225 7.109e-06
2550 225 1.40137e-06
2575 225 1.81269e-07
2600 225 1.59661e-08
2625 225 9.85165e-10
2650 225 4.35703e-11
2675 225 1.40771e-12
2700 225 3.37691e-14
2725 225 6.09957e-16
2750 225 8.39836e-18
2775 225 8.9112e-20
2800 225 7.3579e-22
2825 225 4.76928e-24
2850 225 2.44614e-26
2875 225 9.99947e-29
2900 225 3.27955e-31
2925 225 8.68226e-34
2950 225 1.86581e-36
2975 225 3.27159e-39
0 250 0
25 250 9.37945e-06
50 250 2.86851e-05
75 250 4.73193e-05
100 250 4.92461e-05
125 250 3.5617e-05
150 250 1.97267e-05
175 250 9.94925e-06
200 250 6.01182e-06
225 250 4.93308e-06
250 250 4.84359e-06
275 250 5.12797e-06
300 250 5.71986e-06
325 250 6.78347e-06
350 250 8.84825e-06
375 250 1.38159e-05
400 250 2.25026e-05
425 250 1.78764e-05
450 250 -1.50389e-05
475 250 -4.04189e-05
500 250 -3.17548e-05
525 250 -1.25931e-05
550 250 -2.47122e-06
575 250 2.90668e-07
600 250 7.26034e-07
625 250 7.48128e-07
650 250 7.26239e-07
675 250 7.03659e-07
700 250 6.83492e-07
725 250 6.65667e-07
750 250 6.49976e-07
775 250 6.36239e-07
800 250 6.24303e-07
825 250 6.14039e-07
850 250 6.0534e-07
875 250 5.98119e-07
900 250 5.92303e-07
925 250 5.87837e-07
950 250 5.84676e-07
975 250 5.82791e-07
1000 250 5.82165e-07
1025 250 5.82791e-07
1050 250 5.84676e-07
1075 250 5.87837e-07
1100 250 5.92303e-07
1125 250 5.98119e-07
1150 250 6.0534e-07
1175 250 6.14039e-07
1200 250 6.24303e-07
1225 250 6.36239e-07
1250 250 6.49976e-07
1275 250 6.65667e-07
1300 250 6.83492e-07
1325 250 7.03667e-07
1350 250 7.26445e-07
1375 250 7.52128e-07
1400 250 7.81076e-07
1425 250 8.13716e-07
1450 250 8.50564e-07
1475 250 8.92239e-07
1500 250 9.39496e-07
1525 250 9.93255e-07
1550 250 1.05465e-06
1575 250 1.12511e-06
1600 250 1.20641e-06
1625 250 1.30081e-06
1650 250 1.41127e-06
1675 250 1.54162e-06
1700 250 1.69702e-06
1725 250 1.88448e-06
1750 250 2.11382e-06
1775 250 2.3992e-06
1800 250 2.76176e-06
1825 250 3.23466e-06
1850 250 3.87328e-06
1875 250 4.7801e-06
1900 250 6.17933e-06
1925 250 8.60957e-06
1950 250 1.29562e-05
1975 250 1.88256e-05
2000 250 2.0773e-05
2025 250 9.44612e-06
2050 250 -1.57289e-05
2075 250 -3.87098e-05
2100 250 -4.30668e-05
2125 250 -3.08369e-05
2150 250 -1.58534e-05
2175 250 -6.71459e-06
2200 250 -3.25006e-06
2225 250 -2.53388e-06
2250 250 -2.72977e-06
2275 250 -3.24349e-06
2300 250 -4.02284e-06
2325 250 -5.24185e-06
2350 250 -7.43699e-06
2375 250 -1.25151e-05
2400 250 -2.12962e-05
2425 250 -1.67513e-05
2450 250 1.60936e-05
2475 250 4.14121e-05
2500 250 3.26943e-05
2525 250 1.34853e-05
2550 250 3.32178e-06
2575 250 5.23048e-07
2600 250 5.50421e-08
2625 250 4.00007e-09
2650 250 2.05992e-10
2675 250 7.67713e-12
2700 250 2.10772e-13
2725 250 4.32804e-15
2750 250 6.73557e-17
2775 250 8.03744e-19
2800 250 7.43045e-21
2825 250 5.37147e-23
2850 250 3.06187e-25
2875 250 1.38673e-27
2900 250 5.02481e-30
2925 250 1.46598e-32
2950 250 3.46379e-35
2975 250 6.66386e-38
0 275 0
25 275 4.09511e-05
50 275 6.14348e-05
75 275 5.67237e-05
100 275 3.85242e-05
125 275 2.13494e-05
150 275 1.13383e-05
175 275 7.12652e-06
200 275 5.68274e-06
225 275 5.22385e-06
250 275 5.12797e-06
275 275 5.26018e-06
300 275 5.64058e-06
325 275 6.38006e-06
350 275 7.76639e-06
375 275 1.07861e-05
400 275 1.8108e-05
425 275 2.40144e-05
450 275 4.21017e-06
475 275 -3.16045e-05
500 275 -3.91987e-05
525 275 -2.11307e-05
550 275 -5.89116e-06
575 275 -3.68137e-07
600 275 7.52228e-07
625 275 8.69586e-07
650 275 8.51544e-07
675 275 8.2449e-07
700 275 7.99892e-07
725 275 7.78172e-07
750 275 7.59088e-07
775 275 7.42406e-07
800 275 7.27931e-07
825 275 7.15499e-07
850 275 7.04975e-07
875 275 6.96245e-07
900 275 6.8922e-07
925 275 6.83827e-07
950 275 6.80013e-07
975 275 6.77739e-07
1000 275 6.76983e-07
1025 275 6.77739e-07
1050 275 6.80013e-07
1075 275 6.83827e-07
1100 275 6.8922e-07
1125 275 6.96245e-07
1150 275 7.04975e-07
1175 275 7.15499e-07
1200 275 7.27931e-07
1225 275 7.42406e-07
1250 275 7.59088e-07
1275 275 7.78172e-07
1300 275 7.99893e-07
1325 275 8.24527e-07
1350 275 8.52403e-07
1375 275 8.83917e-07
1400 275 9.19538e-07
1425 275 9.59834e-07
1450 275 1.00549e-06
1475 275 1.05734e-06
1500 275 1.1164e-06
1525 275 1.18393e-06
1550 275 1.26151e-06
1575 275 1.35113e-06
1600 275 1.45533e-06
1625 275 1.57738e-06
1650 275 1.72163e-06
1675 275 1.89387e-06
1700 275 2.1021e-06
1725 275 2.35752e-06
1750 275 2.67645e-06
1775 275 3.08357e-06
1800 275 3.61817e-06
1825 275 4.34762e-06
1850 275 5.40287e-06
1875 275 7.08592e-06
1900 275 1.00634e-05
1925 275 1.50406e-05
1950 275 2.04366e-05
1975 275 1.94547e-05
2000 275 4.29217e-06
2025 275 -2.14964e-05
2050 275 -4.09982e-05
2075 275 -4.16831e-05
2100 275 -2.84609e-05
2125 275 -1.42634e-05
2150 275 -5.93539e-06
2175 275 -2.7789e-06
2200 275 -2.06457e-06
2225 275 -2.14028e-06
2250 275 -2.45152e-06
2275 275 -2.90266e-06
2300 275 -3.53849e-06
2325 275 -4.48619e-06
2350 275 -6.04476e-06
2375 275 -9.20877e-06
2400 275 -1.66527e-05
2425 275 -2.26632e-05
2450 275 -2.94866e-06
2475 275 3.27884e-05
2500 275 4.03151e-05
2525 275 2.2188e-05
2550 275 6.89665e-06
2575 275 1.32797e-06
2600 275 1.6731e-07
2625 275 1.43305e-08
2650 275 8.59184e-10
2675 275 3.69123e-11
2700 275 1.15864e-12
2725 275 2.70134e-14
2750 275 4.74496e-16
2775 275 6.35787e-18
2800 275 6.57037e-20
2825 275 5.28845e-22
2850 275 3.34467e-24
2875 275 1.67544e-26
2900 275 6.69583e-29
2925 275 2.14911e-31
2950 275 5.57362e-34
2975 275 1.17452e-36
0 300 0
25 300 3.99097e-05
50 300 5.56897e-05
75 300 4.69112e-05
100 300 2.9901e-05
125 300 1.71622e-05
150 300 1.07194e-05
175 300 7.9565e-06
200 300 6.70027e-06
225 300 6.04741e-06
250 300 5.71986e-06
275 300 5.64058e-06
300 300 5.80776e-06
325 300 6.28211e-06
350 300 7.23401e-06
375 300 9.15606e-06
400 300 1.39523e-05
425 300 2.29104e-05
450 300 1.8396e-05
475 300 -1.53084e-05
500 300 -4.01883e-05
525 300 -3.0444e-05
550 300 -1.14059e-05
575 300 -1.84789e-06
600 300 6.33919e-07
625 300 9.95144e-07
650 300 9.98523e-07
675 300 9.67149e-07
700 300 9.36991e-07
725 300 9.10337e-07
750 300 8.86965e-07
775 300 8.66574e-07
800 300 8.48911e-07
825 300 8.33764e-07
850 300 8.20956e-07
875 300 8.10344e-07
900 300 8.01811e-07
925 300 7.95266e-07
950 300 7.90638e-07
975 300 7.87881e-07
1000 300 7.86965e-07
1025 300 7.87881e-07
1050 300 7.90638e-07
1075 300 7.95266e-07
1100 300 8.01811e-07
1125 300 8.10344e-07
1150 300 8.20956e-07
1175 300 8.33764e-07
1200 300 8.48911e-07
1225 300 8.66574e-07
1250 300 8.86965e-07
1275 300 9.10337e-07
1300 300 9.36996e-07
1325 300 9.67306e-07
1350 300 1.0017e-06
1375 300 1.04071e-06
1400 300 1.08496e-06
1425 300 1.13521e-06
1450 300 1.1924e-06
1475 300 1.25768e-06
1500 300 1.33246e-06
1525 300 1.41853e-06
1550 300 1.51813e-06
1575 300 1.63416e-06
1600 300 1.77037e-06
1625 300 1.93174e-06
1650 300 2.12498e-06
1675 300 2.3594e-06
1700 300 2.64819e-06
1725 300 3.01079e-06
1750 300 3.4771e-06
1775 300 4.09586e-06
1800 300 4.95416e-06
1825 300 6.2344e-06
1850 300 8.36365e-06
1875 300 1.20967e-05
1900 300 1.756e-05
1925 300 2.14856e-05
1950 300 1.62584e-05
1975 300 -2.9101e-06
2000 300 -2.80761e-05
2025 300 -4.28198e-05
2050 300 -3.94312e-05
2075 300 -2.54256e-05
2100 300 -1.2341e-05
2125 300 -5.06554e-06
2150 300 -2.35578e-06
2175 300 -1.7221e-06
2200 300 -1.74612e-06
2225 300 -1.95155e-06
2250 300 -2.24276e-06
2275 300 -2.62979e-06
2300 300 -3.15957e-06
2325 300 -3.92272e-06
2350 300 -5.10903e-06
2375 300 -7.22432e-06
2400 300 -1.2182e-05
2425 300 -2.12763e-05
2450 300 -1.68779e-05
2475 300 1.6727e-05
2500 300 4.15208e-05
2525 300 3.17017e-05
2550 300 1.25984e-05
2575 300 2.9831e-06
2600 300 4.51037e-07
2625 300 4.55651e-08
2650 300 3.1798e-09
2675 300 1.57349e-10
2700 300 5.64014e-12
2725 300 1.49088e-13
2750 300 2.95098e-15
2775 300 4.43234e-17
2800 300 5.1111e-19
2825 300 4.57209e-21
2850 300 3.20232e-23
2875 300 1.77091e-25
2900 300 7.79123e-28
2925 300 2.74598e-30
2950 300 7.80229e-33
2975 300 1.7976e-35
0 325 0
25 325 1.4249e-06
50 325 9.72818e-06
75 325 2.05214e-05
100 325 2.51359e-05
125 325 2.21209e-05
150 325 1.6318e-05
175 325 1.17073e-05
200 325 9.02315e-06
225 325 7.57816e-06
250 325 6.78347e-06
275 325 6.38006e-06
300 325 6.28211e-06
325 325 6.49189e-06
350 325 7.10125e-06
375 325 8.38388e-06
400 325 1.13262e-05
425 325 1.88339e-05
450 325 2.4553e-05
475 325 2.86061e-06
500 325 -3.28423e-05
525 325 -3.77556e-05
550 325 -1.89037e-05
575 325 -4.61026e-06
600 325 2.0228e-07
625 325 1.10184e-06
650 325 1.17177e-06
675 325 1.13871e-06
700 325 1.10156e-06
725 325 1.06851e-06
750 325 1.03958e-06
775 325 1.01441e-06
800 325 9.92645e-07
825 325 9.74016e-07
850 325 9.58288e-07
875 325 9.45273e-07
900 325 9.34819e-07
925 325 9.26806e-07
950 325 9.21145e-07
975 325 9.17773e-07
1000 325 9.16653e-07
1025 325 9.17773e-07
1050 325 9.21145e-07
1075 325 9.26806e-07
1100 325 9.34819e-07
1125 325 9.45273e-07
1150 325 9.58288e-07
1175 325 9.74016e-07
1200 325 9.92645e-07
1225 325 1.01441e-06
1250 325 1.03958e-06
1275 325 1.06851e-06
1300 325 1.10159e-06
1325 325 1.13931e-06
1350 325 1.18227e-06
1375 325 1.23117e-06
1400 325 1.28689e-06
1425 325 1.35049e-06
1450 325 1.42327e-06
1475 325 1.50687e-06
1500 325 1.60334e-06
1525 325 1.71528e-06
1550 325 1.84605e-06
1575 325 2.00006e-06
1600 325 2.18318e-06
1625 325 2.40341e-06
1650 325 2.67192e-06
1675 325 3.00484e-06
1700 325 3.42628e-06
1725 325 3.97425e-06
1750 325 4.71298e-06
1775 325 5.76581e-06
1800 325 7.41278e-06
1825 325 1.02422e-05
1850 325 1.48606e-05
1875 325 2.01523e-05
1900 325 2.09791e-05
1925 325 1.03073e-05
1950 325 -1.20957e-05
1975 325 -3.46589e-05
2000 325 -4.34509e-05
2025 325 -3.60838e-05
2050 325 -2.18239e-05
2075 325 -1.02141e-05
2100 325 -4.15678e-06
2125 325 -1.96862e-06
2150 325 -1.45742e-06
2175 325 -1.46518e-06
2200 325 -1.61037e-06
2225 325 -1.81234e-06
2250 325 -2.07049e-06
2275 325 -2.40582e-06
2300 325 -2.85584e-06
2325 325 -3.48705e-06
2350 325 -4.42932e-06
2375 325 -5.98048e-06
2400 325 -9.14298e-06
2425 325 -1.68339e-05
2450 325 -2.27069e-05
2475 325 -1.14534e-06
2500 325 3.44457e-05
2525 325 3.92625e-05
2550 325 2.03269e-05
2575 325 5.96075e-06
2600 325 1.08461e-06
2625 325 1.29336e-07
2650 325 1.05026e-08
2675 325 5.98032e-10
2700 325 2.44457e-11
2725 325 7.31429e-13
2750 325 1.6285e-14
2775 325 2.73664e-16
2800 325 3.51437e-18
2825 325 3.48688e-20
2850 325 2.69916e-22
2875 325 1.6445e-24
2900 325 7.94868e-27
2925 325 3.07005e-29
2950 325 9.53774e-32
2975 325 2.39774e-34
0 350 0
25 350 -2.43645e-05
50 350 -3.20112e-05
75 350 -1.92518e-05
100 350 2.62925e-06
125 350 1.87245e-05
150 350 2.30626e-05
175 350 1.96006e-05
200 350 1.45328e-05
225 350 1.08946e-05
250 350 8.84825e-06
275 350 7.76639e-06
300 350 7.23401e-06
325 350 7.10125e-06
350 350 7.36888e-06
375 350 8.18233e-06
400 350 1.00374e-05
425 350 1.50305e-05
450 350 2.41782e-05
475 350 1.71737e-05
500 350 -1.85791e-05
525 350 -4.00126e-05
550 350 -2.73329e-05
575 350 -9.02687e-06
600 350 -8.00218e-07
625 350 1.13847e-06
650 350 1.37457e-06
675 350 1.34912e-06
700 350 1.30336e-06
725 350 1.26178e-06
750 350 1.22547e-06
775 350 1.19395e-06
800 350 1.16678e-06
825 350 1.14356e-06
850 350 1.124e-06
875 350 1.10784e-06
900 350 1.09488e-06
925 350 1.08495e-06
950 350 1.07794e-06
975 350 1.07377e-06
1000 350 1.07239e-06
1025 350 1.07377e-06
1050 350 1.07794e-06
1075 350 1.08495e-06
1100 350 1.09488e-06
1125 350 1.10784e-06
1150 350 1.124e-06
1175 350 1.14356e-06
1200 350 1.16678e-06
1225 350 1.19395e-06
1250 350 1.22547e-06
1275 350 1.26178e-06
1300 350 1.30345e-06
1325 350 1.35115e-06
1350 350 1.40571e-06
1375 350 1.46811e-06
1400 350 1.53961e-06
1425 350 1.62172e-06
1450 350 1.71636e-06
1475 350 1.82596e-06
1500 350 1.9536e-06
1525 350 2.10331e-06
1550 350 2.28041e-06
1575 350 2.49206e-06
1600 350 2.74814e-06
1625 350 3.06263e-06
1650 350 3.45612e-06
1675 350 3.96019e-06
1700 350 4.62631e-06
1725 350 5.54726e-06
1750 350 6.92337e-06
1775 350 9.19925e-06
1800 350 1.30206e-05
1825 350 1.8236e-05
1850 350 2.18068e-05
1875 350 1.74776e-05
1900 350 1.00644e-06
1925 350 -2.25287e-05
1950 350 -4.00582e-05
1975 350 -4.2219e-05
2000 350 -3.15923e-05
2025 350 -1.78544e-05
2050 350 -8.04705e-06
2075 350 -3.27693e-06
2100 350 -1.62282e-06
2125 350 -1.24684e-06
2150 350 -1.25582e-06
2175 350 -1.36459e-06
2200 350 -1.51215e-06
2225 350 -1.69535e-06
2250 350 -1.92489e-06
2275 350 -2.21913e-06
2300 350 -2.6077e-06
2325 350 -3.14106e-06
2350 350 -3.91276e-06
2375 350 -5.1197e-06
2400 350 -7.28923e-06
2425 350 -1.25384e-05
2450 350 -2.18977e-05
2475 350 -1.50704e-05
2500 350 2.05327e-05
2525 350 4.18386e-05
2550 350 2.90493e-05
2575 350 1.06486e-05
2600 350 2.33982e-06
2625 350 3.29645e-07
2650 350 3.11367e-08
2675 350 2.03794e-09
2700 350 9.48545e-11
2725 350 3.20674e-12
2750 350 8.01524e-14
2775 350 1.50385e-15
2800 350 2.14612e-17
2825 350 2.35661e-19
2850 350 2.01174e-21
2875 350 1.3474e-23
2900 350 7.13939e-26
2925 350 3.01528e-28
2950 350 1.02205e-30
2975 350 2.79763e-33
0 375 0
25 375 -2.01544e-05
50 375 -3.62434e-05
75 375 -4.15986e-05
100 375 -3.15358e-05
125 375 -1.02353e-05
150 375 1.07057e-05
175 375 2.19195e-05
200 375 2.274e-05
225 375 1.84101e-05
250 375 1.38159e-05
275 375 1.07861e-05
300 375 9.15606e-06
325 375 8.38388e-06
350 375 8.18233e-06
375 375 8.53027e-06
400 375 9.67334e-06
425 375 1.27146e-05
450 375 2.08122e-05
475 375 2.4765e-05
500 375 -1.53419e-06
525 375 -3.53518e-05
550 375 -3.47116e-05
575 375 -1.51132e-05
600 375 -2.68828e-06
625 375 1.01244e-06
650 375 1.60636e-06
675 375 1.6126e-06
700 375 1.55693e-06
725 375 1.50369e-06
750 375 1.45722e-06
775 375 1.41703e-06
800 375 1.38249e-06
825 375 1.35306e-06
850 375 1.32832e-06
875 375 1.30792e-06
900 375 1.29158e-06
925 375 1.27908e-06
950 375 1.27027e-06
975 375 1.26502e-06
1000 375 1.26328e-06
1025 375 1.26502e-06
1050 375 1.27027e-06
1075 375 1.27908e-06
1100 375 1.29158e-06
1125 375 1.30792e-06
1150 375 1.32832e-06
1175 375 1.35306e-06
1200 375 1.38249e-06
1225 375 1.41703e-06
1250 375 1.45722e-06
1275 375 1.5037e-06
1300 375 1.55726e-06
1325 375 1.61886e-06
1350 375 1.68969e-06
1375 375 1.77122e-06
1400 375 1.86529e-06
1425 375 1.97421e-06
1450 375 2.10091e-06
1475 375 2.24922e-06
1500 375 2.4241e-06
1525 375 2.63222e-06
1550 375 2.8827e-06
1575 375 3.18828e-06
1600 375 3.56743e-06
1625 375 4.04808e-06
1650 375 4.67456e-06
1675 375 5.52337e-06
1700 375 6.75422e-06
1725 375 8.72453e-06
1750 375 1.20154e-05
1775 375 1.68156e-05
1800 375 2.13114e-05
1825 375 2.0627e-05
1850 375 9.5254e-06
1875 375 -1.13302e-05
1900 375 -3.26138e-05
1925 375 -4.29266e-05
1950 375 -3.87336e-05
1975 375 -2.6167e-05
2000 375 -1.38101e-05
2025 375 -6.0126e-06
2050 375 -2.49024e-06
2075 375 -1.32795e-06
2100 375 -1.07804e-06
2125 375 -1.09486e-06
2150 375 -1.18033e-06
2175 375 -1.29249e-06
2200 375 -1.42854e-06
2225 375 -1.5945e-06
2250 375 -1.80045e-06
2275 375 -2.06162e-06
2300 375 -2.40184e-06
2325 375 -2.86051e-06
2350 375 -3.50777e-06
2375 375 -4.48219e-06
2400 375 -6.10591e-06
2425 375 -9.52628e-06
2450 375 -1.79295e-05
2475 375 -2.21328e-05
2500 375 3.95829e-06
2525 375 3.7601e-05
2550 375 3.68125e-05
2575 375 1.70874e-05
2600 375 4.55358e-06
2625 375 7.5878e-07
2650 375 8.33326e-08
2675 375 6.26171e-09
2700 375 3.31295e-10
2725 375 1.26299e-11
2750 375 3.53638e-13
2775 375 7.3915e-15
2800 375 1.16949e-16
2825 375 1.41796e-18
2850 375 1.33174e-20
2875 375 9.78244e-23
2900 375 5.66896e-25
2925 375 2.61207e-27
2950 375 9.63776e-30
2975 375 2.866e-32
0 400 0
25 400 -8.18391e-06
50 400 -1.91899e-05
75 400 -3.21668e-05
100 400 -4.12405e-05
125 400 -3.90686e-05
150 400 -2.37623e-05
175 400 -2.08602e-06
200 400 1.55671e-05
225 400 2.3301e-05
250 400 2.25026e-05
275 400 1.8108e-05
300 400 1.39523e-05
325 400 1.13262e-05
350 400 1.00374e-05
375 400 9.67334e-06
400 400 1.01354e-05
425 400 1.18925e-05
450 400 1.74655e-05
475 400 2.62924e-05
500 400 1.36155e-05
525 400 -2.41415e-05
550 400 -3.86651e-05
575 400 -2.22809e-05
600 400 -5.73714e-06
625 400 5.86135e-07
650 400 1.86004e-06
675 400 1.95034e-06
700 400 1.88492e-06
725 400 1.81524e-06
750 400 1.75426e-06
775 400 1.70175e-06
800 400 1.65679e-06
825 400 1.61862e-06
850 400 1.58663e-06
875 400 1.56031e-06
900 400 1.53928e-06
925 400 1.52321e-06
950 400 1.5119e-06
975 400 1.50517e-06
1000 400 1.50294e-06
1025 400 1.50517e-06
1050 400 1.5119e-06
1075 400 1.52321e-06
1100 400 1.53928e-06
1125 400 1.56031e-06
1150 400 1.58663e-06
1175 400 1.61862e-06
1200 400 1.65679e-06
1225 400 1.70175e-06
1250 400 1.75426e-06
1275 400 1.81528e-06
1300 400 1.88597e-06
1325 400 1.96778e-06
1350 400 2.06251e-06
1375 400 2.17245e-06
1400 400 2.30049e-06
1425 400 2.45034e-06
1450 400 2.62687e-06
1475 400 2.83656e-06
1500 400 3.08818e-06
1525 400 3.3939e-06
1550 400 3.77126e-06
1575 400 4.24663e-06
1600 400 4.86062e-06
1625 400 5.68198e-06
1650 400 6.8547e-06
1675 400 8.69696e-06
1700 400 1.17235e-05
1725 400 1.61806e-05
1750 400 2.08095e-05
1775 400 2.17942e-05
1800 400 1.42117e-05
1825 400 -3.31645e-06
1850 400 -2.48882e-05
1875 400 -4.01065e-05
1900 400 -4.22088e-05
1925 400 -3.31102e-05
1950 400 -2.028e-05
1975 400 -1.0026e-05
2000 400 -4.25783e-06
2025 400 -1.84211e-06
2050 400 -1.09007e-06
2075 400 -9.43343e-07
2100 400 -9.68325e-07
2125 400 -1.03791e-06
2150 400 -1.12583e-06
2175 400 -1.23042e-06
2200 400 -1.35541e-06
2225 400 -1.50679e-06
2250 400 -1.6932e-06
2275 400 -1.92737e-06
2300 400 -2.22886e-06
2325 400 -2.6292e-06
2350 400 -3.18266e-06
2375 400 -3.99136e-06
2400 400 -5.27477e-06
2425 400 -7.64585e-06
2450 400 -1.36942e-05
2475 400 -2.28986e-05
2500 400 -1.05273e-05
2525 400 2.6978e-05
2550 400 4.1292e-05
2575 400 2.47312e-05
2600 400 8.03763e-06
2625 400 1.58632e-06
