0 0 0
25 0 0
50 0 0
75 0 0
100 0 0
125 0 0
150 0 0
175 0 0
200 0 0
225 0 0
250 0 0
275 0 0
300 0 0
325 0 0
350 0 0
375 0 0
400 0 0
425 0 0
450 0 0
475 0 0
500 0 0
525 0 0
550 0 0
575 0 0
600 0 0
625 0 0
650 0 0
675 0 0
700 0 0
725 0 0
750 0 0
775 0 0
800 0 0
825 0 0
850 0 0
875 0 0
900 0 0
925 0 0
950 0 0
975 0 0
1000 0 0
1025 0 0
1050 0 0
1075 0 0
1100 0 0
1125 0 0
1150 0 0
1175 0 0
1200 0 0
1225 0 0
1250 0 0
1275 0 0
1300 0 0
1325 0 0
1350 0 0
1375 0 0
1400 0 0
1425 0 0
1450 0 0
1475 0 0
1500 0 0
1525 0 0
1550 0 0
1575 0 0
1600 0 0
1625 0 0
1650 0 0
1675 0 0
1700 0 0
1725 0 0
1750 0 0
1775 0 0
1800 0 0
1825 0 0
1850 0 0
1875 0 0
1900 0 0
1925 0 0
1950 0 0
1975 0 0
2000 0 0
2025 0 0
2050 0 0
2075 0 0
2100 0 0
2125 0 0
2150 0 0
2175 0 0
2200 0 0
2225 0 0
2250 0 0
2275 0 0
2300 0 0
2325 0 0
2350 0 0
2375 0 0
2400 0 0
2425 0 0
2450 0 0
2475 0 0
2500 0 0
2525 0 0
2550 0 0
2575 0 0
2600 0 0
2625 0 0
2650 0 0
2675 0 0
2700 0 0
2725 0 0
2750 0 0
2775 0 0
2800 0 0
2825 0 0
2850 0 0
2875 0 0
2900 0 0
2925 0 0
2950 0 0
2975 0 0
0 25 0
25 25 -3.52087e-06
50 25 -8.43589e-06
75 25 -9.93769e-06
100 25 6.22034e-06
125 25 3.90323e-05
150 25 4.97128e-05
175 25 1.65791e-05
200 25 -2.05732e-05
225 25 -2.65463e-05
250 25 -1.41745e-05
275 25 -4.30712e-06
300 25 -6.91561e-07
325 25 9.00751e-08
350 25 1.86923e-07
375 25 1.81928e-07
400 25 1.6864e-07
425 25 1.56565e-07
450 25 1.46087e-07
475 25 1.36974e-07
500 25 1.29015e-07
525 25 1.22036e-07
550 25 1.15897e-07
575 25 1.10483e-07
600 25 1.05698e-07
625 25 1.01466e-07
650 25 9.77191e-08
675 25 9.44036e-08
700 25 9.14731e-08
725 25 8.88889e-08
750 25 8.66182e-08
775 25 8.46335e-08
800 25 8.29115e-08
825 25 8.14328e-08
850 25 8.01811e-08
875 25 7.9143e-08
900 25 7.83076e-08
925 25 7.76664e-08
950 25 7.72129e-08
975 25 7.69426e-08
1000 25 7.68528e-08
1025 25 7.69426e-08
1050 25 7.72129e-08
1075 25 7.76664e-08
1100 25 7.83076e-08
1125 25 7.9143e-08
1150 25 8.01811e-08
1175 25 8.14328e-08
1200 25 8.29115e-08
1225 25 8.46335e-08
1250 25 8.66182e-08
1275 25 8.88889e-08
1300 25 9.14731e-08
1325 25 9.44036e-08
1350 25 9.77191e-08
1375 25 1.01466e-07
1400 25 1.05698e-07
1425 25 1.10483e-07
1450 25 1.15897e-07
1475 25 1.22036e-07
1500 25 1.29015e-07
1525 25 1.36974e-07
1550 25 1.46087e-07
1575 25 1.56566e-07
1600 25 1.68681e-07
1625 25 1.82771e-07
1650 25 1.99268e-07
1675 25 2.18735e-07
1700 25 2.4191e-07
1725 25 2.69776e-07
1750 25 3.03669e-07
1775 25 3.45442e-07
1800 25 3.9772e-07
1825 25 4.64332e-07
1850 25 5.51039e-07
1875 25 6.66855e-07
1900 25 8.26585e-07
1925 25 1.05612e-06
1950 25 1.40491e-06
1975 25 1.98211e-06
2000 25 3.08486e-06
2025 25 5.50298e-06
2050 25 9.8408e-06
2075 25 1.09938e-05
2100 25 -5.39376e-06
2125 25 -3.83654e-05
2150 25 -4.91617e-05
2175 25 -1.61148e-05
2200 25 2.09709e-05
2225 25 2.68917e-05
2250 25 1.44782e-05
2275 25 4.5769e-06
2300 25 9.33471e-07
2325 25 1.2866e-07
2350 25 1.23448e-08
2375 25 8.42837e-10
2400 25 4.16751e-11
2425 25 1.51474e-12
2450 25 4.09964e-14
2475 25 8.35743e-16
2500 25 1.29655e-17
2525 25 1.54506e-19
2550 25 1.42638e-21
2575 25 1.02814e-23
2600 25 5.82797e-26
2625 25 2.61531e-28
2650 25 9.34869e-31
2675 25 2.67727e-33
2700 25 6.17554e-36
2725 25 1.15311e-38
2750 25 1.75113e-41
2775 25 2.17233e-44
2800 25 2.21049e-47
2825 25 1.85224e-50
2850 25 1.28276e-53
2875 25 7.36775e-57
2900 25 3.52119e-60
2925 25 1.4046e-63
2950 25 4.69026e-67
2975 25 1.31472e-70
0 50 0
25 50 -8.43589e-06
50 50 -1.37732e-05
75 50 -3.88839e-06
100 50 2.7723e-05
125 50 6.10016e-05
150 50 6.48468e-05
175 50 2.9205e-05
200 50 -1.9526e-05
225 50 -4.08549e-05
250 50 -2.98504e-05
275 50 -1.22152e-05
300 50 -2.89136e-06
325 50 -1.49849e-07
350 50 3.34156e-07
375 50 3.65939e-07
400 50 3.42639e-07
425 50 3.18083e-07
450 50 2.96585e-07
475 50 2.77902e-07
500 50 2.616e-07
525 50 2.4732e-07
550 50 2.3477e-07
575 50 2.2371e-07
600 50 2.13944e-07
625 50 2.05309e-07
650 50 1.97669e-07
675 50 1.90912e-07
700 50 1.84942e-07
725 50 1.7968e-07
750 50 1.75058e-07
775 50 1.71019e-07
800 50 1.67516e-07
825 50 1.64508e-07
850 50 1.61963e-07
875 50 1.59852e-07
900 50 1.58154e-07
925 50 1.5685e-07
950 50 1.55928e-07
975 50 1.55379e-07
1000 50 1.55197e-07
1025 50 1.55379e-07
1050 50 1.55928e-07
1075 50 1.5685e-07
1100 50 1.58154e-07
1125 50 1.59852e-07
1150 50 1.61963e-07
1175 50 1.64508e-07
1200 50 1.67516e-07
1225 50 1.71019e-07
1250 50 1.75058e-07
1275 50 1.7968e-07
1300 50 1.84942e-07
1325 50 1.90912e-07
1350 50 1.97669e-07
1375 50 2.05309e-07
1400 50 2.13944e-07
1425 50 2.2371e-07
1450 50 2.3477e-07
1475 50 2.4732e-07
1500 50 2.616e-07
1525 50 2.77902e-07
1550 50 2.96586e-07
1575 50 3.181e-07
1600 50 3.43006e-07
1625 50 3.7202e-07
1650 50 4.06056e-07
1675 50 4.46308e-07
1700 50 4.94347e-07
1725 50 5.52287e-07
1750 50 6.23015e-07
1775 50 7.10568e-07
1800 50 8.20733e-07
1825 50 9.62058e-07
1850 50 1.14764e-06
1875 50 1.39843e-06
1900 50 1.75002e-06
1925 50 2.26796e-06
1950 50 3.09029e-06
1975 50 4.56923e-06
2000 50 7.58956e-06
2025 50 1.30051e-05
2050 50 1.68635e-05
2075 50 6.15635e-06
2100 50 -2.59729e-05
2125 50 -5.96031e-05
2150 50 -6.36991e-05
2175 50 -2.8243e-05
2200 50 2.03467e-05
2225 50 4.15655e-05
2250 50 3.04734e-05
2275 50 1.27675e-05
2300 50 3.38571e-06
2325 50 5.96157e-07
2350 50 7.19e-08
2375 50 6.0808e-09
2400 50 3.67614e-10
2425 50 1.6148e-11
2450 50 5.22784e-13
2475 50 1.26324e-14
2500 50 2.30417e-16
2525 50 3.20506e-18
2550 50 3.43145e-20
2575 50 2.85177e-22
2600 50 1.85405e-24
2625 50 9.49749e-27
2650 50 3.85875e-29
2675 50 1.25112e-31
2700 50 3.25567e-34
2725 50 6.83565e-37
2750 50 1.16378e-39
2775 50 1.6141e-42
2800 50 1.83168e-45
2825 50 1.70766e-48
2850 50 1.31299e-51
2875 50 8.35602e-55
2900 50 4.41676e-58
2925 50 1.94526e-61
2950 50 7.16056e-65
2975 50 2.20938e-68
0 75 0
25 75 -9.93769e-06
50 75 -3.88839e-06
75 75 2.27562e-05
100 75 5.05615e-05
125 75 5.8154e-05
150 75 4.96984e-05
175 75 3.28353e-05
200 75 3.63504e-07
225 75 -3.44337e-05
250 75 -4.16518e-05
275 75 -2.48797e-05
300 75 -8.5362e-06
325 75 -1.46259e-06
350 75 2.95696e-07
375 75 5.39564e-07
400 75 5.26546e-07
425 75 4.89895e-07
450 75 4.56299e-07
475 75 4.27073e-07
500 75 4.01618e-07
525 75 3.79356e-07
550 75 3.5982e-07
575 75 3.42627e-07
600 75 3.27462e-07
625 75 3.14069e-07
650 75 3.0223e-07
675 75 2.91768e-07
700 75 2.82532e-07
725 75 2.74395e-07
750 75 2.67253e-07
775 75 2.61015e-07
800 75 2.55606e-07
825 75 2.50965e-07
850 75 2.47038e-07
875 75 2.43783e-07
900 75 2.41164e-07
925 75 2.39155e-07
950 75 2.37734e-07
975 75 2.36887e-07
1000 75 2.36606e-07
1025 75 2.36887e-07
1050 75 2.37734e-07
1075 75 2.39155e-07
1100 75 2.41164e-07
1125 75 2.43783e-07
1150 75 2.47038e-07
1175 75 2.50965e-07
1200 75 2.55606e-07
1225 75 2.61015e-07
1250 75 2.67253e-07
1275 75 2.74395e-07
1300 75 2.82532e-07
1325 75 2.91768e-07
1350 75 3.0223e-07
1375 75 3.14069e-07
1400 75 3.27462e-07
1425 75 3.42627e-07
1450 75 3.5982e-07
1475 75 3.79356e-07
1500 75 4.01618e-07
1525 75 4.27074e-07
1550 75 4.56305e-07
1575 75 4.90036e-07
1600 75 5.29184e-07
1625 75 5.74915e-07
1650 75 6.2874e-07
1675 75 6.92635e-07
1700 75 7.69235e-07
1725 75 8.62112e-07
1750 75 9.76214e-07
1775 75 1.11856e-06
1800 75 1.29942e-06
1825 75 1.5343e-06
1850 75 1.84776e-06
1875 75 2.28089e-06
1900 75 2.90837e-06
1925 75 3.88567e-06
1950 75 5.60085e-06
1975 75 8.96941e-06
2000 75 1.47358e-05
2025 75 1.89071e-05
2050 75 9.48924e-06
2075 75 -1.88705e-05
2100 75 -4.76532e-05
2125 75 -5.58731e-05
2150 75 -4.78507e-05
2175 75 -3.1301e-05
2200 75 9.35912e-07
2225 75 3.55522e-05
2250 75 4.2628e-05
2275 75 2.57418e-05
2300 75 9.30544e-06
2325 75 2.15523e-06
2350 75 3.33044e-07
2375 75 3.53517e-08
2400 75 2.63755e-09
2425 75 1.40982e-10
2450 75 5.48778e-12
2475 75 1.57796e-13
2500 75 3.39426e-15
2525 75 5.52401e-17
2550 75 6.87138e-19
2575 75 6.59367e-21
2600 75 4.92226e-23
2625 75 2.88078e-25
2650 75 1.33121e-27
2675 75 4.88908e-30
2700 75 1.43578e-32
2725 75 3.3906e-35
2750 75 6.47258e-38
2775 75 1.00373e-40
2800 75 1.27026e-43
2825 75 1.31755e-46
2850 75 1.12458e-49
2875 75 7.92887e-53
2900 75 4.63431e-56
2925 75 2.25306e-59
2950 75 9.14027e-63
2975 75 3.10348e-66
0 100 0
25 100 6.22034e-06
50 100 2.7723e-05
75 100 5.05615e-05
100 100 5.35799e-05
125 100 4.03023e-05
150 100 2.94331e-05
175 100 2.79015e-05
200 100 1.94008e-05
225 100 -1.11868e-05
250 100 -3.97521e-05
275 100 -3.79829e-05
300 100 -1.89591e-05
325 100 -5.25947e-06
350 100 -3.71739e-07
375 100 6.32221e-07
400 100 7.19105e-07
425 100 6.77826e-07
450 100 6.30869e-07
475 100 5.89515e-07
500 100 5.53563e-07
525 100 5.22199e-07
550 100 4.94734e-07
575 100 4.70609e-07
600 100 4.49368e-07
625 100 4.30636e-07
650 100 4.14101e-07
675 100 3.99506e-07
700 100 3.86635e-07
725 100 3.75308e-07
750 100 3.65373e-07
775 100 3.56703e-07
800 100 3.4919e-07
825 100 3.42747e-07
850 100 3.37298e-07
875 100 3.32782e-07
900 100 3.29152e-07
925 100 3.26367e-07
950 100 3.24397e-07
975 100 3.23224e-07
1000 100 3.22834e-07
1025 100 3.23224e-07
1050 100 3.24397e-07
1075 100 3.26367e-07
1100 100 3.29152e-07
1125 100 3.32782e-07
1150 100 3.37298e-07
1175 100 3.42747e-07
1200 100 3.4919e-07
1225 100 3.56703e-07
1250 100 3.65373e-07
1275 100 3.75308e-07
1300 100 3.86635e-07
1325 100 3.99506e-07
1350 100 4.14101e-07
1375 100 4.30636e-07
1400 100 4.49368e-07
1425 100 4.70609e-07
1450 100 4.94734e-07
1475 100 5.22199e-07
1500 100 5.53563e-07
1525 100 5.89516e-07
1550 100 6.30917e-07
1575 100 6.78844e-07
1600 100 7.34668e-07
1625 100 8.00156e-07
1650 100 8.77608e-07
1675 100 9.70076e-07
1700 100 1.08168e-06
1725 100 1.21809e-06
1750 100 1.38731e-06
1775 100 1.60099e-06
1800 100 1.87664e-06
1825 100 2.24181e-06
1850 100 2.74246e-06
1875 100 3.46219e-06
1900 100 4.57656e-06
1925 100 6.52056e-06
1950 100 1.02377e-05
1975 100 1.62093e-05
2000 100 1.99404e-05
2025 100 9.98897e-06
2050 100 -1.74853e-05
2075 100 -4.4041e-05
2100 100 -4.90033e-05
2125 100 -3.68401e-05
2150 100 -2.66907e-05
2175 100 -2.56597e-05
2200 100 -1.75242e-05
2225 100 1.27878e-05
2250 100 4.11394e-05
2275 100 3.9201e-05
2300 100 2.00408e-05
2325 100 6.22955e-06
2350 100 1.24935e-06
2375 100 1.67935e-07
2400 100 1.55638e-08
2425 100 1.01726e-09
2450 100 4.77867e-11
2475 100 1.63977e-12
2500 100 4.16889e-14
2525 100 7.95171e-16
2550 100 1.15073e-17
2575 100 1.27626e-19
2600 100 1.0948e-21
2625 100 7.32445e-24
2650 100 3.85104e-26
2675 100 1.60247e-28
2700 100 5.31154e-31
2725 100 1.41082e-33
2750 100 3.01968e-36
2775 100 5.23519e-39
2800 100 7.38729e-42
2825 100 8.52274e-45
2850 100 8.07331e-48
2875 100 6.30414e-51
2900 100 4.07309e-54
2925 100 2.1851e-57
2950 100 9.76582e-61
2975 100 3.64749e-64
0 125 0
25 125 3.90323e-05
50 125 6.10016e-05
75 125 5.8154e-05
100 125 4.03023e-05
125 125 2.41587e-05
150 125 1.77462e-05
175 125 2.07069e-05
200 125 2.5667e-05
225 125 1.3029e-05
250 125 -2.11612e-05
275 125 -4.2232e-05
300 125 -3.2174e-05
325 125 -1.31077e-05
350 125 -2.64029e-06
375 125 4.04677e-07
400 125 8.93247e-07
425 125 8.86704e-07
450 125 8.27255e-07
475 125 7.71515e-07
500 125 7.2302e-07
525 125 6.80845e-07
550 125 6.44022e-07
575 125 6.11763e-07
600 125 5.83426e-07
625 125 5.58487e-07
650 125 5.36515e-07
675 125 5.17152e-07
700 125 5.00101e-07
725 125 4.85115e-07
750 125 4.71985e-07
775 125 4.60538e-07
800 125 4.50628e-07
825 125 4.42135e-07
850 125 4.34958e-07
875 125 4.29013e-07
900 125 4.24236e-07
925 125 4.20572e-07
950 125 4.17982e-07
975 125 4.16439e-07
1000 125 4.15927e-07
1025 125 4.16439e-07
1050 125 4.17982e-07
1075 125 4.20572e-07
1100 125 4.24236e-07
1125 125 4.29013e-07
1150 125 4.34958e-07
1175 125 4.42135e-07
1200 125 4.50628e-07
1225 125 4.60538e-07
1250 125 4.71985e-07
1275 125 4.85115e-07
1300 125 5.00101e-07
1325 125 5.17152e-07
1350 125 5.36515e-07
1375 125 5.58487e-07
1400 125 5.83426e-07
1425 125 6.11763e-07
1450 125 6.44022e-07
1475 125 6.80845e-07
1500 125 7.2302e-07
1525 125 7.71529e-07
1550 125 8.27602e-07
1575 125 8.92799e-07
1600 125 9.69123e-07
1625 125 1.05918e-06
1650 125 1.16642e-06
1675 125 1.29549e-06
1700 125 1.45275e-06
1725 125 1.64722e-06
1750 125 1.89192e-06
1775 125 2.20651e-06
1800 125 2.62189e-06
1825 125 3.1899e-06
1850 125 4.006e-06
1875 125 5.27571e-06
1900 125 7.50295e-06
1925 125 1.16454e-05
1950 125 1.77221e-05
1975 125 2.03859e-05
2000 125 8.78826e-06
2025 125 -1.86464e-05
2050 125 -4.32794e-05
2075 125 -4.65085e-05
2100 125 -3.27993e-05
2125 125 -1.8883e-05
2150 125 -1.37402e-05
2175 125 -1.7517e-05
2200 125 -2.30451e-05
2225 125 -1.08225e-05
2250 125 2.30531e-05
2275 125 4.38793e-05
2300 125 3.36268e-05
2325 125 1.44032e-05
2350 125 3.80671e-06
2375 125 6.54505e-07
2400 125 7.58765e-08
2425 125 6.09505e-09
2450 125 3.46829e-10
2475 125 1.42423e-11
2500 125 4.28845e-13
2525 125 9.60154e-15
2550 125 1.61832e-16
2575 125 2.07616e-18
2600 125 2.04762e-20
2625 125 1.56651e-22
2650 125 9.37297e-25
2675 125 4.41914e-27
2700 125 1.65314e-29
2725 125 4.93804e-32
2750 125 1.18475e-34
2775 125 2.29563e-37
2800 125 3.61063e-40
2825 125 4.63159e-43
2850 125 4.86706e-46
2875 125 4.20723e-49
2900 125 3.00339e-52
2925 125 1.77706e-55
2950 125 8.74516e-59
2975 125 3.59102e-62
0 150 0
25 150 4.97128e-05
50 150 6.48468e-05
75 150 4.96984e-05
100 150 2.94331e-05
125 150 1.77462e-05
150 150 1.42319e-05
175 150 1.61367e-05
200 150 2.27249e-05
225 150 2.52489e-05
250 150 4.14103e-06
275 150 -3.0871e-05
300 150 -4.13064e-05
325 150 -2.48744e-05
350 150 -7.92538e-06
375 150 -7.32875e-07
400 150 9.38869e-07
425 150 1.11271e-06
450 150 1.05391e-06
475 150 9.81379e-07
500 150 9.17326e-07
525 150 8.61801e-07
550 150 8.13509e-07
575 150 7.71348e-07
600 150 7.34426e-07
625 150 7.02019e-07
650 150 6.73536e-07
675 150 6.48489e-07
700 150 6.26475e-07
725 150 6.07158e-07
750 150 5.90259e-07
775 150 5.75545e-07
800 150 5.62822e-07
825 150 5.51929e-07
850 150 5.4273e-07
875 150 5.35117e-07
900 150 5.29002e-07
925 150 5.24315e-07
950 150 5.21003e-07
975 150 5.1903e-07
1000 150 5.18375e-07
1025 150 5.1903e-07
1050 150 5.21003e-07
1075 150 5.24315e-07
1100 150 5.29002e-07
1125 150 5.35117e-07
1150 150 5.4273e-07
1175 150 5.51929e-07
1200 150 5.62822e-07
1225 150 5.75545e-07
1250 150 5.90259e-07
1275 150 6.07158e-07
1300 150 6.26475e-07
1325 150 6.48489e-07
1350 150 6.73536e-07
1375 150 7.02019e-07
1400 150 7.34426e-07
1425 150 7.71348e-07
1450 150 8.13509e-07
1475 150 8.61801e-07
1500 150 9.1733e-07
1525 150 9.81483e-07
1550 150 1.05602e-06
1575 150 1.14319e-06
1600 150 1.24594e-06
1625 150 1.36814e-06
1650 150 1.51501e-06
1675 150 1.69374e-06
1700 150 1.91447e-06
1725 150 2.19196e-06
1750 150 2.54847e-06
1775 150 3.01937e-06
1800 150 3.66466e-06
1825 150 4.59786e-06
1850 150 6.07242e-06
1875 150 8.68786e-06
1900 150 1.3351e-05
1925 150 1.93142e-05
1950 150 2.01275e-05
1975 150 5.95742e-06
2000 150 -2.16709e-05
2025 150 -4.37554e-05
2050 150 -4.47192e-05
2075 150 -3.03842e-05
2100 150 -1.60821e-05
2125 150 -9.05829e-06
2150 150 -8.15946e-06
2175 150 -1.15389e-05
2200 150 -1.90603e-05
2225 150 -2.22295e-05
2250 150 -1.59256e-06
2275 150 3.30629e-05
2300 150 4.32209e-05
2325 150 2.65681e-05
2350 150 9.44039e-06
2375 150 2.10101e-06
2400 150 3.0707e-07
2425 150 3.04789e-08
2450 150 2.10889e-09
2475 150 1.03917e-10
2500 150 3.71308e-12
2525 150 9.77155e-14
2550 150 1.91998e-15
2575 150 2.85088e-17
2600 150 3.2337e-19
2625 150 2.82931e-21
2650 150 1.9264e-23
2675 150 1.02892e-25
2700 150 4.34283e-28
2725 150 1.45833e-30
2750 150 3.92038e-33
2775 150 8.48583e-36
2800 150 1.48688e-38
2825 150 2.11949e-41
2850 150 2.46931e-44
2875 150 2.36154e-47
2900 150 1.86146e-50
2925 150 1.21397e-53
2950 150 6.57376e-57
2975 150 2.96579e-60
0 175 0
25 175 1.65791e-05
50 175 2.9205e-05
75 175 3.28353e-05
100 175 2.79015e-05
125 175 2.07069e-05
150 175 1.61367e-05
175 175 1.52549e-05
200 175 1.86409e-05
225 175 2.56756e-05
250 175 2.21817e-05
275 175 -7.75963e-06
300 175 -3.82346e-05
325 175 -3.65835e-05
350 175 -1.71125e-05
375 175 -3.82392e-06
400 175 5.48247e-07
425 175 1.31846e-06
450 175 1.3191e-06
475 175 1.23047e-06
500 175 1.14662e-06
525 175 1.07397e-06
550 175 1.01108e-06
575 175 9.56421e-07
600 175 9.08743e-07
625 175 8.67042e-07
650 175 8.30503e-07
675 175 7.98459e-07
700 175 7.70362e-07
725 175 7.45761e-07
750 175 7.2428e-07
775 175 7.05607e-07
800 175 6.89484e-07
825 175 6.75696e-07
850 175 6.64066e-07
875 175 6.5445e-07
900 175 6.46731e-07
925 175 6.40817e-07
950 175 6.36641e-07
975 175 6.34154e-07
1000 175 6.33328e-07
1025 175 6.34154e-07
1050 175 6.36641e-07
1075 175 6.40817e-07
1100 175 6.46731e-07
1125 175 6.5445e-07
1150 175 6.64066e-07
1175 175 6.75696e-07
1200 175 6.89484e-07
1225 175 7.05607e-07
1250 175 7.2428e-07
1275 175 7.45761e-07
1300 175 7.70362e-07
1325 175 7.98459e-07
1350 175 8.30503e-07
1375 175 8.67042e-07
1400 175 9.08743e-07
1425 175 9.56421e-07
1450 175 1.01108e-06
1475 175 1.07397e-06
1500 175 1.14665e-06
1525 175 1.23111e-06
1550 175 1.3299e-06
1575 175 1.44635e-06
1600 175 1.58485e-06
1625 175 1.75133e-06
1650 175 1.95401e-06
1675 175 2.20448e-06
1700 175 2.51976e-06
1725 175 2.92576e-06
1750 175 3.46416e-06
1775 175 4.20736e-06
1800 175 5.2986e-06
1825 175 7.06891e-06
1850 175 1.02288e-05
1875 175 1.54559e-05
1900 175 2.08125e-05
1925 175 1.87387e-05
1950 175 1.29572e-06
1975 175 -2.61831e-05
2000 175 -4.47481e-05
2025 175 -4.27622e-05
2050 175 -2.79093e-05
2075 175 -1.40966e-05
2100 175 -7.08896e-06
2125 175 -5.25096e-06
2150 175 -5.90794e-06
2175 175 -8.18597e-06
2200 175 -1.33423e-05
2225 175 -2.14683e-05
2250 175 -1.87175e-05
2275 175 1.06854e-05
2300 175 4.07544e-05
2325 175 3.87879e-05
2350 175 1.90665e-05
2375 175 5.57525e-06
2400 175 1.0366e-06
2425 175 1.27884e-07
2450 175 1.0802e-08
2475 175 6.4043e-10
2500 175 2.7204e-11
2525 175 8.42486e-13
2550 175 1.93115e-14
2575 175 3.32001e-16
2600 175 4.33147e-18
2625 175 4.33374e-20
2650 175 3.35686e-22
2675 175 2.03035e-24
2700 175 9.66429e-27
2725 175 3.64621e-29
2750 175 1.09759e-31
2775 175 2.65221e-34
2800 175 5.17343e-37
2825 175 8.18881e-40
2850 175 1.05692e-42
2875 175 1.11741e-45
2900 175 9.71778e-49
2925 175 6.97966e-52
2950 175 4.15558e-55
2975 175 2.05817e-58
0 200 0
25 200 -2.05732e-05
50 200 -1.9526e-05
75 200 3.63504e-07
100 200 1.94008e-05
125 200 2.5667e-05
150 200 2.27249e-05
175 200 1.86409e-05
200 200 1.78026e-05
225 200 2.21896e-05
250 200 2.79259e-05
275 200 1.48915e-05
300 200 -2.10673e-05
325 200 -4.1023e-05
350 200 -2.87576e-05
375 200 -1.00173e-05
400 200 -9.16107e-07
425 200 1.37457e-06
450 200 1.62301e-06
475 200 1.53437e-06
500 200 1.42557e-06
525 200 1.3301e-06
550 200 1.24791e-06
575 200 1.17688e-06
600 200 1.11523e-06
625 200 1.06156e-06
650 200 1.01471e-06
675 200 9.73767e-07
700 200 9.37979e-07
725 200 9.06727e-07
750 200 8.79503e-07
775 200 8.55888e-07
800 200 8.35534e-07
825 200 8.18155e-07
850 200 8.03516e-07
875 200 7.91425e-07
900 200 7.81728e-07
925 200 7.74304e-07
950 200 7.69065e-07
975 200 7.65946e-07
1000 200 7.6491e-07
1025 200 7.65946e-07
1050 200 7.69065e-07
1075 200 7.74304e-07
1100 200 7.81728e-07
1125 200 7.91425e-07
1150 200 8.03516e-07
1175 200 8.18155e-07
1200 200 8.35534e-07
1225 200 8.55888e-07
1250 200 8.79503e-07
1275 200 9.06727e-07
1300 200 9.37979e-07
1325 200 9.73767e-07
1350 200 1.01471e-06
1375 200 1.06156e-06
1400 200 1.11523e-06
1425 200 1.17688e-06
1450 200 1.24791e-06
1475 200 1.3301e-06
1500 200 1.42574e-06
1525 200 1.53773e-06
1550 200 1.66988e-06
1575 200 1.82728e-06
1600 200 2.01679e-06
1625 200 2.24797e-06
1650 200 2.53445e-06
1675 200 2.89642e-06
1700 200 3.36507e-06
1725 200 3.99171e-06
1750 200 4.86908e-06
1775 200 6.19268e-06
1800 200 8.41311e-06
1825 200 1.23057e-05
1850 200 1.79418e-05
1875 200 2.17408e-05
1900 200 1.55357e-05
1925 200 -5.4037e-06
1950 200 -3.16981e-05
1975 200 -4.55834e-05
2000 200 -4.01921e-05
2025 200 -2.50102e-05
2050 200 -1.21721e-05
2075 200 -5.76721e-06
2100 200 -3.86515e-06
2125 200 -3.92619e-06
2150 200 -4.78308e-06
2175 200 -6.33521e-06
2200 200 -9.38944e-06
2225 200 -1.59969e-05
2250 200 -2.30568e-05
2275 200 -1.08998e-05
2300 200 2.44323e-05
2325 200 4.39194e-05
2350 200 3.1292e-05
2375 200 1.22653e-05
2400 200 2.9329e-06
2425 200 4.52708e-07
2450 200 4.6878e-08
2475 200 3.35307e-09
2500 200 1.69611e-10
2525 200 6.18757e-12
2550 200 1.65543e-13
2575 200 3.2956e-15
2600 200 4.94476e-17
2625 200 5.65549e-19
2650 200 4.98111e-21
2675 200 3.40955e-23
2700 200 1.82892e-25
2725 200 7.74668e-28
2750 200 2.60903e-30
2775 200 7.03174e-33
2800 200 1.52556e-35
2825 200 2.67889e-38
2850 200 3.82685e-41
2875 200 4.46833e-44
2900 200 4.28333e-47
2925 200 3.38488e-50
2950 200 2.21366e-53
2975 200 1.20244e-56
0 225 0
25 225 -2.65463e-05
50 225 -4.08549e-05
75 225 -3.44337e-05
100 225 -1.11868e-05
125 225 1.3029e-05
150 225 2.52489e-05
175 225 2.56756e-05
200 225 2.21896e-05
225 225 2.15401e-05
250 225 2.67004e-05
275 225 2.77331e-05
300 225 2.7799e-06
325 225 -3.25995e-05
350 225 -3.80488e-05
375 225 -1.94763e-05
400 225 -4.39207e-06
425 225 9.67234e-07
450 225 1.93543e-06
475 225 1.91332e-06
500 225 1.77628e-06
525 225 1.64939e-06
550 225 1.54057e-06
575 225 1.44721e-06
600 225 1.36672e-06
625 225 1.29704e-06
650 225 1.23653e-06
675 225 1.18388e-06
700 225 1.13804e-06
725 225 1.09814e-06
750 225 1.06349e-06
775 225 1.03351e-06
800 225 1.00773e-06
825 225 9.85762e-07
850 225 9.67287e-07
875 225 9.52049e-07
900 225 9.39842e-07
925 225 9.30506e-07
950 225 9.23921e-07
975 225 9.20002e-07
1000 225 9.18701e-07
1025 225 9.20002e-07
1050 225 9.23921e-07
1075 225 9.30506e-07
1100 225 9.39842e-07
1125 225 9.52049e-07
1150 225 9.67287e-07
1175 225 9.85762e-07
1200 225 1.00773e-06
1225 225 1.03351e-06
1250 225 1.06349e-06
1275 225 1.09814e-06
1300 225 1.13804e-06
1325 225 1.18388e-06
1350 225 1.23653e-06
1375 225 1.29704e-06
1400 225 1.36672e-06
1425 225 1.44721e-06
1450 225 1.54057e-06
1475 225 1.64942e-06
1500 225 1.77719e-06
1525 225 1.92832e-06
1550 225 2.10882e-06
1575 225 2.32685e-06
1600 225 2.59387e-06
1625 225 2.92645e-06
1650 225 3.34949e-06
1675 225 3.90236e-06
1700 225 4.65213e-06
1725 225 5.72852e-06
1750 225 7.42202e-06
1775 225 1.03315e-05
1800 225 1.50726e-05
1825 225 2.04902e-05
1850 225 2.11892e-05
1875 225 9.69978e-06
1900 225 -1.40829e-05
1925 225 -3.74363e-05
1950 225 -4.55358e-05
1975 225 -3.67216e-05
2000 225 -2.16359e-05
2025 225 -1.01753e-05
2050 225 -4.68088e-06
2075 225 -3.00267e-06
2100 225 -2.89608e-06
2125 225 -3.32923e-06
2150 225 -4.05963e-06
2175 225 -5.18541e-06
2200 225 -7.11708e-06
2225 225 -1.12085e-05
2250 225 -1.92784e-05
2275 225 -2.20046e-05
2300 225 1.87223e-06
2325 225 3.65018e-05
2350 225 4.13983e-05
2375 225 2.24027e-05
2400 225 6.98594e-06
2425 225 1.35961e-06
2450 225 1.7339e-07
2475 225 1.50041e-08
2500 225 9.05267e-10
2525 225 3.89352e-11
2550 225 1.21618e-12
2575 225 2.8034e-14
2600 225 4.83556e-16
2625 225 6.31853e-18
2650 225 6.32322e-20
2675 225 4.89408e-22
2700 225 2.95569e-24
2725 225 1.40409e-26
2750 225 5.28525e-29
2775 225 1.58707e-31
2800 225 3.82543e-34
2825 225 7.4439e-37
2850 225 1.17561e-39
2875 225 1.51429e-42
2900 225 1.5982e-45
2925 225 1.38802e-48
2950 225 9.95967e-52
2975 225 5.9267e-55
0 250 0
25 250 -1.41745e-05
50 250 -2.98504e-05
75 250 -4.16518e-05
100 250 -3.97521e-05
125 250 -2.11612e-05
150 250 4.14103e-06
175 250 2.21817e-05
200 250 2.79259e-05
225 250 2.67004e-05
250 250 2.70319e-05
275 250 3.16105e-05
300 250 2.28107e-05
325 250 -1.25577e-05
350 250 -3.86161e-05
375 250 -3.00092e-05
400 250 -1.06492e-05
425 250 -4.65859e-07
450 250 2.15296e-06
475 250 2.39002e-06
500 250 2.23348e-06
525 250 2.06226e-06
550 250 1.91496e-06
575 250 1.78973e-06
600 250 1.68269e-06
625 250 1.59072e-06
650 250 1.51137e-06
675 250 1.44272e-06
700 250 1.38324e-06
725 250 1.33171e-06
750 250 1.28712e-06
775 250 1.24867e-06
800 250 1.2157e-06
825 250 1.18767e-06
850 250 1.16415e-06
875 250 1.14479e-06
900 250 1.1293e-06
925 250 1.11746e-06
950 250 1.10912e-06
975 250 1.10416e-06
1000 250 1.10252e-06
1025 250 1.10416e-06
1050 250 1.10912e-06
1075 250 1.11746e-06
1100 250 1.1293e-06
1125 250 1.14479e-06
1150 250 1.16415e-06
1175 250 1.18767e-06
1200 250 1.2157e-06
1225 250 1.24867e-06
1250 250 1.28712e-06
1275 250 1.33171e-06
1300 250 1.38324e-06
1325 250 1.44272e-06
1350 250 1.51137e-06
1375 250 1.59072e-06
1400 250 1.68269e-06
1425 250 1.78974e-06
1450 250 1.91497e-06
1475 250 2.06247e-06
1500 250 2.23764e-06
1525 250 2.44776e-06
1550 250 2.70288e-06
1575 250 3.01729e-06
1600 250 3.41205e-06
1625 250 3.91951e-06
1650 250 4.59268e-06
1675 250 5.52782e-06
1700 250 6.92976e-06
1725 250 9.24293e-06
1750 250 1.31179e-05
1775 250 1.84435e-05
1800 250 2.21783e-05
1825 250 1.779e-05
1850 250 6.09326e-07
1875 250 -2.41008e-05
1900 250 -4.227e-05
1925 250 -4.39144e-05
1950 250 -3.22415e-05
1975 250 -1.79035e-05
2000 250 -8.15713e-06
2025 250 -3.72895e-06
2050 250 -2.39106e-06
2075 250 -2.26263e-06
2100 250 -2.5179e-06
2125 250 -2.93962e-06
2150 250 -3.5317e-06
2175 250 -4.3917e-06
2200 250 -5.74753e-06
2225 250 -8.25693e-06
2250 250 -1.3914e-05
2275 250 -2.23675e-05
2300 250 -1.58809e-05
2325 250 1.80855e-05
2350 250 4.32087e-05
2375 250 3.39287e-05
2400 250 1.40612e-05
2425 250 3.48315e-06
2450 250 5.49917e-07
2475 250 5.77395e-08
2500 250 4.16174e-09
2525 250 2.11175e-10
2550 250 7.70206e-12
2575 250 2.05502e-13
2600 250 4.07254e-15
2625 250 6.07466e-17
2650 250 6.90061e-19
2675 250 6.0327e-21
2700 250 4.09716e-23
2725 250 2.18023e-25
2750 250 9.16079e-28
2775 250 3.06093e-30
2800 250 8.18625e-33
2825 250 1.76291e-35
2850 250 3.07394e-38
2875 250 4.36225e-41
2900 250 5.06235e-44
2925 250 4.82562e-47
2950 250 3.79421e-50
2975 250 2.4703e-53
0 275 0
25 275 -4.30712e-06
50 275 -1.22152e-05
75 275 -2.48797e-05
100 275 -3.79829e-05
125 275 -4.2232e-05
150 275 -3.0871e-05
175 275 -7.75963e-06
200 275 1.48915e-05
225 275 2.77331e-05
250 275 3.16105e-05
275 275 3.45629e-05
300 275 3.51627e-05
325 275 1.17916e-05
350 275 -2.67142e-05
375 275 -3.67858e-05
400 275 -1.93029e-05
425 275 -3.61031e-06
450 275 2.05275e-06
475 275 2.9846e-06
500 275 2.85451e-06
525 275 2.62017e-06
550 275 2.41409e-06
575 275 2.24076e-06
600 275 2.09432e-06
625 275 1.96974e-06
650 275 1.8632e-06
675 275 1.77171e-06
700 275 1.69296e-06
725 275 1.62512e-06
750 275 1.5667e-06
775 275 1.51654e-06
800 275 1.47369e-06
825 275 1.43738e-06
850 275 1.40699e-06
875 275 1.38202e-06
900 275 1.36209e-06
925 275 1.34688e-06
950 275 1.33617e-06
975 275 1.32981e-06
1000 275 1.3277e-06
1025 275 1.32981e-06
1050 275 1.33617e-06
1075 275 1.34688e-06
1100 275 1.36209e-06
1125 275 1.38202e-06
1150 275 1.40699e-06
1175 275 1.43738e-06
1200 275 1.47369e-06
1225 275 1.51654e-06
1250 275 1.5667e-06
1275 275 1.62512e-06
1300 275 1.69296e-06
1325 275 1.77171e-06
1350 275 1.8632e-06
1375 275 1.96974e-06
1400 275 2.09432e-06
1425 275 2.24077e-06
1450 275 2.41413e-06
1475 275 2.62116e-06
1500 275 2.8711e-06
1525 275 3.17689e-06
1550 275 3.55733e-06
1575 275 4.04079e-06
1600 275 4.67251e-06
1625 275 5.53134e-06
1650 275 6.7788e-06
1675 275 8.76584e-06
1700 275 1.2067e-05
1725 275 1.6917e-05
1750 275 2.16062e-05
1775 275 2.12073e-05
1800 275 1.00623e-05
1825 275 -1.15682e-05
1850 275 -3.39968e-05
1875 275 -4.48712e-05
1900 275 -4.02601e-05
1925 275 -2.68846e-05
1950 275 -1.40502e-05
1975 275 -6.23775e-06
2000 275 -2.90371e-06
2025 275 -1.93063e-06
2050 275 -1.83499e-06
2075 275 -2.00491e-06
2100 275 -2.27719e-06
2125 275 -2.6392e-06
2150 275 -3.12585e-06
2175 275 -3.80857e-06
2200 275 -4.82928e-06
2225 275 -6.52582e-06
2250 275 -1.00042e-05
2275 275 -1.7646e-05
2300 275 -2.30957e-05
2325 275 -3.02573e-06
2350 275 3.3493e-05
2375 275 4.23172e-05
2400 275 2.39754e-05
2425 275 7.6511e-06
2450 275 1.50458e-06
2475 275 1.92297e-07
2500 275 1.65842e-08
2525 275 9.93365e-10
2550 275 4.23002e-11
2575 275 1.3057e-12
2600 275 2.97039e-14
2625 275 5.05243e-16
2650 275 6.50705e-18
2675 275 6.41693e-20
2700 275 4.89416e-22
2725 275 2.91309e-24
2750 275 1.36429e-26
2775 275 5.06482e-29
2800 275 1.50069e-31
2825 275 3.57115e-34
2850 275 6.86471e-37
2875 275 1.07166e-39
2900 275 1.36543e-42
2925 275 1.42649e-45
2950 275 1.22722e-48
2975 275 8.7294e-52
0 300 0
25 300 -6.91561e-07
50 300 -2.89136e-06
75 300 -8.5362e-06
100 300 -1.89591e-05
125 300 -3.2174e-05
150 300 -4.13064e-05
175 300 -3.82346e-05
200 300 -2.10673e-05
225 300 2.7799e-06
250 300 2.28107e-05
275 300 3.51627e-05
300 300 4.27293e-05
325 300 3.42513e-05
350 300 -3.34881e-06
375 300 -3.38732e-05
400 300 -2.77206e-05
425 300 -8.74751e-06
450 300 1.32576e-06
475 300 3.72133e-06
500 300 3.74313e-06
525 300 3.41764e-06
550 300 3.11513e-06
575 300 2.86385e-06
600 300 2.65494e-06
625 300 2.4797e-06
650 300 2.3316e-06
675 300 2.20573e-06
700 300 2.09832e-06
725 300 2.00648e-06
750 300 1.92793e-06
775 300 1.86085e-06
800 300 1.80382e-06
825 300 1.75569e-06
850 300 1.71555e-06
875 300 1.68266e-06
900 300 1.65647e-06
925 300 1.63652e-06
950 300 1.62249e-06
975 300 1.61417e-06
1000 300 1.6114e-06
1025 300 1.61417e-06
1050 300 1.62249e-06
1075 300 1.63652e-06
1100 300 1.65647e-06
1125 300 1.68266e-06
1150 300 1.71555e-06
1175 300 1.75569e-06
1200 300 1.80382e-06
1225 300 1.86085e-06
1250 300 1.92793e-06
1275 300 2.00648e-06
1300 300 2.09832e-06
1325 300 2.20573e-06
1350 300 2.3316e-06
1375 300 2.4797e-06
1400 300 2.65494e-06
1425 300 2.86385e-06
1450 300 3.11533e-06
1475 300 3.42172e-06
1500 300 3.80078e-06
1525 300 4.27913e-06
1550 300 4.8982e-06
1575 300 5.72891e-06
1600 300 6.91546e-06
1625 300 8.76529e-06
1650 300 1.17793e-05
1675 300 1.62426e-05
1700 300 2.10283e-05
1725 300 2.23958e-05
1750 300 1.51508e-05
1775 300 -2.63582e-06
1800 300 -2.52333e-05
1825 300 -4.15973e-05
1850 300 -4.4111e-05
1875 300 -3.45703e-05
1900 300 -2.10453e-05
1925 300 -1.03802e-05
1950 300 -4.54593e-06
1975 300 -2.22117e-06
2000 300 -1.57876e-06
2025 300 -1.52961e-06
2050 300 -1.65457e-06
2075 300 -1.84402e-06
2100 300 -2.08615e-06
2125 300 -2.39632e-06
2150 300 -2.8046e-06
2175 300 -3.36268e-06
2200 300 -4.16606e-06
2225 300 -5.41572e-06
2250 300 -7.65983e-06
2275 300 -1.27669e-05
2300 300 -2.1701e-05
2325 300 -1.80086e-05
2350 300 1.51281e-05
2375 300 4.26385e-05
2400 300 3.4636e-05
2425 300 1.44764e-05
2450 300 3.57244e-06
2475 300 5.57802e-07
2500 300 5.7654e-08
2525 300 4.07843e-09
2550 300 2.02713e-10
2575 300 7.23351e-12
2600 300 1.88702e-13
2625 300 3.65538e-15
2650 300 5.32977e-17
2675 300 5.91972e-19
2700 300 5.06211e-21
2725 300 3.36469e-23
2750 300 1.75341e-25
2775 300 7.22012e-28
2800 300 2.36607e-30
2825 300 6.21121e-33
2850 300 1.31403e-35
2875 300 2.25286e-38
2900 300 3.14628e-41
2925 300 3.59648e-44
2950 300 3.37997e-47
2975 300 2.62247e-50
0 325 0
25 325 9.00751e-08
50 325 -1.49849e-07
75 325 -1.46259e-06
100 325 -5.25947e-06
125 325 -1.31077e-05
150 325 -2.48744e-05
175 325 -3.65835e-05
200 325 -4.1023e-05
225 325 -3.25995e-05
250 325 -1.25577e-05
275 325 1.17916e-05
300 325 3.42513e-05
325 325 4.62346e-05
350 325 2.54702e-05
375 325 -1.6398e-05
400 325 -2.99985e-05
425 325 -1.4441e-05
450 325 -4.14942e-08
475 325 4.73216e-06
500 325 5.12589e-06
525 325 4.65208e-06
550 325 4.17266e-06
575 325 3.78145e-06
600 325 3.46418e-06
625 325 3.20352e-06
650 325 2.98697e-06
675 325 2.80558e-06
700 325 2.65272e-06
725 325 2.52337e-06
750 325 2.41372e-06
775 325 2.3208e-06
800 325 2.2423e-06
825 325 2.17642e-06
850 325 2.12173e-06
875 325 2.0771e-06
900 325 2.04166e-06
925 325 2.01473e-06
950 325 1.99583e-06
975 325 1.98463e-06
1000 325 1.98091e-06
1025 325 1.98463e-06
1050 325 1.99583e-06
1075 325 2.01473e-06
1100 325 2.04166e-06
1125 325 2.0771e-06
1150 325 2.12173e-06
1175 325 2.17642e-06
1200 325 2.2423e-06
1225 325 2.3208e-06
1250 325 2.41372e-06
1275 325 2.52337e-06
1300 325 2.65272e-06
1325 325 2.80558e-06
1350 325 2.98697e-06
1375 325 3.20352e-06
1400 325 3.46418e-06
1425 325 3.78149e-06
1450 325 4.17351e-06
1475 325 4.66678e-06
1500 325 5.30188e-06
1525 325 6.15041e-06
1550 325 7.36185e-06
1575 325 9.23764e-06
1600 325 1.22167e-05
1625 325 1.64875e-05
1650 325 2.10456e-05
1675 325 2.28048e-05
1700 325 1.73605e-05
1725 325 2.35206e-06
1750 325 -1.87874e-05
1775 325 -3.72351e-05
1800 325 -4.46876e-05
1825 325 -3.95951e-05
1850 325 -2.74192e-05
1875 325 -1.53037e-05
1900 325 -7.18628e-06
1925 325 -3.17616e-06
1950 325 -1.69124e-06
1975 325 -1.31225e-06
2000 325 -1.3038e-06
2025 325 -1.40233e-06
2050 325 -1.54139e-06
2075 325 -1.71357e-06
2100 325 -1.92681e-06
2125 325 -2.19604e-06
2150 325 -2.5448e-06
2175 325 -3.01169e-06
2200 325 -3.66459e-06
2225 325 -4.63561e-06
2250 325 -6.22972e-06
2275 325 -9.43951e-06
2300 325 -1.68908e-05
2325 325 -2.34298e-05
2350 325 -4.4246e-06
2375 325 3.28855e-05
2400 325 4.22152e-05
2425 325 2.36786e-05
2450 325 7.40335e-06
2475 325 1.41825e-06
2500 325 1.75994e-07
2525 325 1.4709e-08
2550 325 8.52977e-10
2575 325 3.51528e-11
2600 325 1.05023e-12
2625 325 2.31341e-14
2650 325 3.81239e-16
2675 325 4.76071e-18
2700 325 4.55603e-20
2725 325 3.37541e-22
2750 325 1.95358e-24
2775 325 8.90574e-27
2800 325 3.22171e-29
2825 325 9.31213e-32
2850 325 2.16412e-34
2875 325 4.0672e-37
2900 325 6.21461e-40
2925 325 7.75872e-43
2950 325 7.95114e-46
2975 325 6.71735e-49
0 350 0
25 350 1.86923e-07
50 350 3.34156e-07
75 350 2.95696e-07
100 350 -3.71739e-07
125 350 -2.64029e-06
150 350 -7.92538e-06
175 350 -1.71125e-05
200 350 -2.87576e-05
225 350 -3.80488e-05
250 350 -3.86161e-05
275 350 -2.67142e-05
300 350 -3.34881e-06
325 350 2.54702e-05
350 350 3.57379e-05
375 350 7.12434e-06
400 350 -2.10337e-05
425 350 -1.58322e-05
450 350 4.24719e-08
475 350 7.14912e-06
500 350 7.76268e-06
525 350 6.83646e-06
550 350 5.95077e-06
575 350 5.26695e-06
600 350 4.73417e-06
625 350 4.31024e-06
650 350 3.96783e-06
675 350 3.68774e-06
700 350 3.45615e-06
725 350 3.26316e-06
750 350 3.10162e-06
775 350 2.9662e-06
800 350 2.85286e-06
825 350 2.75847e-06
850 350 2.68063e-06
875 350 2.61745e-06
900 350 2.56749e-06
925 350 2.52966e-06
950 350 2.50318e-06
975 350 2.4875e-06
1000 350 2.48231e-06
1025 350 2.4875e-06
1050 350 2.50318e-06
1075 350 2.52966e-06
1100 350 2.56749e-06
1125 350 2.61745e-06
1150 350 2.68063e-06
1175 350 2.75847e-06
1200 350 2.85286e-06
1225 350 2.9662e-06
1250 350 3.10162e-06
1275 350 3.26316e-06
1300 350 3.45615e-06
1325 350 3.68774e-06
1350 350 3.96783e-06
1375 350 4.31024e-06
1400 350 4.73417e-06
1425 350 5.2671e-06
1450 350 5.95394e-06
1475 350 6.88336e-06
1500 350 8.23749e-06
1525 350 1.03298e-05
1550 350 1.35047e-05
1575 350 1.7716e-05
1600 350 2.17905e-05
1625 350 2.29421e-05
1650 350 1.75769e-05
1675 350 3.82061e-06
1700 350 -1.57539e-05
1725 350 -3.41429e-05
1750 350 -4.38852e-05
1775 350 -4.21042e-05
1800 350 -3.20306e-05
1825 350 -1.98417e-05
1850 350 -1.02564e-05
1875 350 -4.66883e-06
1900 350 -2.16361e-06
1925 350 -1.30667e-06
1950 350 -1.11358e-06
1975 350 -1.13279e-06
2000 350 -1.21356e-06
2025 350 -1.31971e-06
2050 350 -1.44774e-06
2075 350 -1.60236e-06
2100 350 -1.79187e-06
2125 350 -2.02854e-06
2150 350 -2.33106e-06
2175 350 -2.72914e-06
2200 350 -3.27307e-06
2225 350 -4.05538e-06
2250 350 -5.26913e-06
2275 350 -7.42867e-06
2300 350 -1.24051e-05
2325 350 -2.16496e-05
2350 350 -1.8161e-05
2375 350 1.58178e-05
2400 350 4.28242e-05
2425 350 3.35482e-05
2450 350 1.34623e-05
2475 350 3.18065e-06
2500 350 4.74813e-07
2525 350 4.6901e-08
2550 350 3.17142e-09
2575 350 1.50777e-10
2600 350 5.15116e-12
2625 350 1.28803e-13
2650 350 2.39453e-15
2675 350 3.35518e-17
2700 350 3.58615e-19
2725 350 2.95525e-21
2750 350 1.89565e-23
2775 350 9.54702e-26
2800 350 3.80464e-28
2825 350 1.20835e-30
2850 350 3.07849e-33
2875 350 6.32935e-36
2900 350 1.056e-38
2925 350 1.43707e-41
2950 350 1.60279e-44
2975 350 1.47157e-47
0 375 0
25 375 1.81928e-07
50 375 3.65939e-07
75 375 5.39564e-07
100 375 6.32221e-07
125 375 4.04677e-07
150 375 -7.32875e-07
175 375 -3.82392e-06
200 375 -1.00173e-05
225 375 -1.94763e-05
250 375 -3.00092e-05
275 375 -3.67858e-05
300 375 -3.38732e-05
325 375 -1.6398e-05
350 375 7.12434e-06
375 375 4.44502e-06
400 375 -1.90608e-05
425 375 -1.8647e-05
450 375 1.40601e-06
475 375 1.3617e-05
500 375 1.47875e-05
525 375 1.22832e-05
550 375 9.85626e-06
575 375 8.15686e-06
600 375 7.01172e-06
625 375 6.2021e-06
650 375 5.59195e-06
675 375 5.11087e-06
700 375 4.72277e-06
725 375 4.40649e-06
750 375 4.14732e-06
775 375 3.93416e-06
800 375 3.75856e-06
825 375 3.61415e-06
850 375 3.49621e-06
875 375 3.40121e-06
900 375 3.32653e-06
925 375 3.27025e-06
950 375 3.23098e-06
975 375 3.20777e-06
1000 375 3.2001e-06
1025 375 3.20777e-06
1050 375 3.23098e-06
1075 375 3.27025e-06
1100 375 3.32653e-06
1125 375 3.40121e-06
1150 375 3.49621e-06
1175 375 3.61415e-06
1200 375 3.75856e-06
1225 375 3.93416e-06
1250 375 4.14732e-06
1275 375 4.40649e-06
1300 375 4.72277e-06
1325 375 5.11087e-06
1350 375 5.59195e-06
1375 375 6.2021e-06
1400 375 7.01175e-06
1425 375 8.15743e-06
1450 375 9.86674e-06
1475 375 1.24163e-05
1500 375 1.5927e-05
1525 375 1.99472e-05
1550 375 2.29871e-05
1575 375 2.24858e-05
1600 375 1.57673e-05
1625 375 1.94808e-06
1650 375 -1.63838e-05
1675 375 -3.34704e-05
1700 375 -4.3244e-05
1725 375 -4.29454e-05
1750 375 -3.45821e-05
1775 375 -2.30839e-05
1800 375 -1.29772e-05
1825 375 -6.32149e-06
1850 375 -2.8856e-06
1875 375 -1.48217e-06
1900 375 -1.04423e-06
1925 375 -9.66846e-07
1950 375 -1.00064e-06
1975 375 -1.06798e-06
2000 375 -1.15141e-06
2025 375 -1.24991e-06
2050 375 -1.36658e-06
2075 375 -1.50641e-06
2100 375 -1.67645e-06
2125 375 -1.88685e-06
2150 375 -2.15273e-06
2175 375 -2.49757e-06
2200 375 -2.9599e-06
2225 375 -3.60759e-06
2250 375 -4.57288e-06
2275 375 -6.15962e-06
2300 375 -9.37083e-06
2325 375 -1.70724e-05
2350 375 -2.35082e-05
2375 375 -2.49693e-06
2400 375 3.48281e-05
2425 375 4.11328e-05
2450 375 2.15811e-05
2475 375 6.33025e-06
2500 375 1.13948e-06
2525 375 1.33076e-07
2550 375 1.04853e-08
2575 375 5.74302e-10
2600 375 2.2398e-11
2625 375 6.34512e-13
2650 375 1.32791e-14
2675 375 2.08321e-16
2700 375 2.48124e-18
2725 375 2.26919e-20
2750 375 1.60956e-22
2775 375 8.93507e-25
2800 375 3.91373e-27
2825 375 1.36273e-29
2850 375 3.79758e-32
2875 375 8.52282e-35
2900 375 1.54929e-37
2925 375 2.2933e-40
2950 375 2.77783e-43
2975 375 2.76598e-46
0 400 0
25 400 1.6864e-07
50 400 3.42639e-07
75 400 5.26546e-07
100 400 7.19105e-07
125 400 8.93247e-07
150 400 9.38869e-07
175 400 5.48247e-07
200 400 -9.16107e-07
225 400 -4.39207e-06
250 400 -1.06492e-05
275 400 -1.93029e-05
300 400 -2.77206e-05
325 400 -2.99985e-05
350 400 -2.10337e-05
375 400 -1.90608e-05
400 400 -4.06848e-05
425 400 -4.69259e-05
450 400 -1.96392e-05
475 400 8.88058e-06
500 400 2.10858e-05
525 400 2.23433e-05
550 400 1.96065e-05
575 400 1.60859e-05
600 400 1.2978e-05
625 400 1.06172e-05
650 400 8.9506e-06
675 400 7.79722e-06
700 400 6.98168e-06
725 400 6.37892e-06
750 400 5.91288e-06
775 400 5.5409e-06
800 400 5.23927e-06
825 400 4.99388e-06
850 400 4.79539e-06
875 400 4.63702e-06
900 400 4.51364e-06
925 400 4.42137e-06
950 400 4.35737e-06
975 400 4.31972e-06
1000 400 4.30729e-06
1025 400 4.31972e-06
1050 400 4.35737e-06
1075 400 4.42137e-06
1100 400 4.51364e-06
1125 400 4.63702e-06
1150 400 4.79539e-06
1175 400 4.99388e-06
1200 400 5.23927e-06
1225 400 5.5409e-06
1250 400 5.91288e-06
1275 400 6.37892e-06
1300 400 6.98168e-06
1325 400 7.79722e-06
1350 400 8.9506e-06
1375 400 1.06172e-05
1400 400 1.29781e-05
1425 400 1.60879e-05
1450 400 1.96376e-05
1475 400 2.26814e-05
1500 400 2.35339e-05
1525 400 2.01269e-05
1550 400 1.09742e-05
1575 400 -3.5706e-06
1600 400 -2.06015e-05
1625 400 -3.53613e-05
1650 400 -4.33737e-05
1675 400 -4.27826e-05
1700 400 -3.52231e-05
1725 400 -2.45841e-05
1750 400 -1.46937e-05
1775 400 -7.64463e-06
1800 400 -3.62068e-06
1825 400 -1.75673e-06
1850 400 -1.0633e-06
1875 400 -8.72557e-07
1900 400 -8.57803e-07
1925 400 -8.96458e-07
1950 400 -9.52944e-07
1975 400 -1.02e-06
2000 400 -1.09784e-06
2025 400 -1.18864e-06
2050 400 -1.29558e-06
2075 400 -1.423e-06
2100 400 -1.57691e-06
2125 400 -1.7658e-06
2150 400 -2.00216e-06
2175 400 -2.30497e-06
2200 400 -2.70457e-06
2225 400 -3.25256e-06
2250 400 -4.04447e-06
2275 400 -5.28116e-06
2300 400 -7.50252e-06
2325 400 -1.27841e-05
2350 400 -2.234e-05
2375 400 -1.63004e-05
2400 400 2.00833e-05
2425 400 4.33553e-05
2450 400 3.06134e-05
2475 400 1.12463e-05
2500 400 2.44808e-06
2525 400 3.38163e-07
2550 400 3.10212e-08
2575 400 1.95452e-09
2600 400 8.6851e-11
