0 0 0
25 0 0
50 0 0
75 0 0
100 0 0
125 0 0
150 0 0
175 0 0
200 0 0
225 0 0
250 0 0
275 0 0
300 0 0
325 0 0
350 0 0
375 0 0
400 0 0
425 0 0
450 0 0
475 0 0
500 0 0
525 0 0
550 0 0
575 0 0
600 0 0
625 0 0
650 0 0
675 0 0
700 0 0
725 0 0
750 0 0
775 0 0
800 0 0
825 0 0
850 0 0
875 0 0
900 0 0
925 0 0
950 0 0
975 0 0
1000 0 0
1025 0 0
1050 0 0
1075 0 0
1100 0 0
1125 0 0
1150 0 0
1175 0 0
1200 0 0
1225 0 0
1250 0 0
1275 0 0
1300 0 0
1325 0 0
1350 0 0
1375 0 0
1400 0 0
1425 0 0
1450 0 0
1475 0 0
1500 0 0
1525 0 0
1550 0 0
1575 0 0
1600 0 0
1625 0 0
1650 0 0
1675 0 0
1700 0 0
1725 0 0
1750 0 0
1775 0 0
1800 0 0
1825 0 0
1850 0 0
1875 0 0
1900 0 0
1925 0 0
1950 0 0
1975 0 0
2000 0 0
2025 0 0
2050 0 0
2075 0 0
2100 0 0
2125 0 0
2150 0 0
2175 0 0
2200 0 0
2225 0 0
2250 0 0
2275 0 0
2300 0 0
2325 0 0
2350 0 0
2375 0 0
2400 0 0
2425 0 0
2450 0 0
2475 0 0
2500 0 0
2525 0 0
2550 0 0
2575 0 0
2600 0 0
2625 0 0
2650 0 0
2675 0 0
2700 0 0
2725 0 0
2750 0 0
2775 0 0
2800 0 0
2825 0 0
2850 0 0
2875 0 0
2900 0 0
2925 0 0
2950 0 0
2975 0 0
0 25 0
25 25 8.91554e-43
50 25 5.63313e-40
75 25 2.73251e-37
100 25 1.01466e-34
125 25 2.8766e-32
150 25 6.21208e-30
175 25 1.01998e-27
200 25 1.27172e-25
225 25 1.20332e-23
250 25 8.64302e-22
275 25 4.71809e-20
300 25 1.96189e-18
325 25 6.23588e-17
350 25 1.52229e-15
375 25 2.87142e-14
400 25 4.21591e-13
425 25 4.85977e-12
450 25 4.4412e-11
475 25 3.25243e-10
500 25 1.9309e-09
525 25 9.40686e-09
550 25 3.80839e-08
575 25 1.29787e-07
600 25 3.77157e-07
625 25 9.46661e-07
650 25 2.07844e-06
675 25 4.04121e-06
700 25 7.04245e-06
725 25 1.11276e-05
750 25 1.61205e-05
775 25 2.16422e-05
800 25 2.72035e-05
825 25 3.233e-05
850 25 3.66703e-05
875 25 4.005e-05
900 25 4.24687e-05
925 25 4.40529e-05
950 25 4.49901e-05
975 25 4.54644e-05
1000 25 4.56068e-05
1025 25 4.54644e-05
1050 25 4.49901e-05
1075 25 4.40529e-05
1100 25 4.24687e-05
1125 25 4.005e-05
1150 25 3.66703e-05
1175 25 3.233e-05
1200 25 2.72035e-05
1225 25 2.16422e-05
1250 25 1.61205e-05
1275 25 1.11276e-05
1300 25 7.04245e-06
1325 25 4.04121e-06
1350 25 2.07844e-06
1375 25 9.46661e-07
1400 25 3.77157e-07
1425 25 1.29787e-07
1450 25 3.80839e-08
1475 25 9.40686e-09
1500 25 1.9309e-09
1525 25 3.25243e-10
1550 25 4.4412e-11
1575 25 4.85977e-12
1600 25 4.21591e-13
1625 25 2.87142e-14
1650 25 1.52229e-15
1675 25 6.23588e-17
1700 25 1.96189e-18
1725 25 4.71809e-20
1750 25 8.64302e-22
1775 25 1.20332e-23
1800 25 1.27172e-25
1825 25 1.01998e-27
1850 25 6.21208e-30
1875 25 2.8766e-32
1900 25 1.01466e-34
1925 25 2.73251e-37
1950 25 5.63313e-40
1975 25 8.91556e-43
2000 25 1.08668e-45
2025 25 1.0233e-48
2050 25 7.46936e-52
2075 25 4.2401e-55
2100 25 1.87808e-58
2125 25 6.51206e-62
2150 25 1.77329e-65
2175 25 3.80419e-69
2200 25 6.44896e-73
2225 25 8.66458e-77
2250 25 9.25289e-81
2275 25 7.87548e-85
2300 25 5.3567e-89
2325 25 2.91907e-93
2350 25 1.27754e-97
2375 25 4.50098e-102
2400 25 1.2794e-106
2425 25 2.94037e-111
2450 25 5.47484e-116
2475 25 8.27483e-121
2500 25 1.0171e-125
2525 25 1.01847e-130
2550 25 8.32212e-136
2575 25 5.55788e-141
2600 25 3.03826e-146
2625 25 1.36144e-151
2650 25 5.00745e-157
2675 25 1.51367e-162
2700 25 3.76499e-168
2725 25 7.71457e-174
2750 25 1.30358e-179
2775 25 1.81838e-185
2800 25 2.09585e-191
2825 25 1.99782e-197
2850 25 1.5763e-203
2875 25 1.03025e-209
2900 25 5.58203e-216
2925 25 2.5089e-222
2950 25 9.36036e-229
2975 25 2.90054e-235
0 50 0
25 50 5.63313e-40
50 50 3.05328e-37
75 50 1.26639e-34
100 50 4.00688e-32
125 50 9.64398e-30
150 50 1.76137e-27
175 50 2.43628e-25
200 50 2.54852e-23
225 50 2.01494e-21
250 50 1.20435e-19
275 50 5.44909e-18
300 50 1.87082e-16
325 50 4.89209e-15
350 50 9.79309e-14
375 50 1.5105e-12
400 50 1.80928e-11
425 50 1.69848e-10
450 50 1.26264e-09
475 50 7.51794e-09
500 50 3.6293e-08
525 50 1.43885e-07
550 50 4.7471e-07
575 50 1.32099e-06
600 50 3.14264e-06
625 50 6.47796e-06
650 50 1.17237e-05
675 50 1.88705e-05
700 50 2.73562e-05
725 50 3.61558e-05
750 50 4.40838e-05
775 50 5.01571e-05
800 50 5.38487e-05
825 50 5.51505e-05
850 50 5.44694e-05
875 50 5.24435e-05
900 50 4.97636e-05
925 50 4.70482e-05
950 50 4.47805e-05
975 50 4.32933e-05
1000 50 4.2777e-05
1025 50 4.32933e-05
1050 50 4.47805e-05
1075 50 4.70482e-05
1100 50 4.97636e-05
1125 50 5.24435e-05
1150 50 5.44694e-05
1175 50 5.51505e-05
1200 50 5.38487e-05
1225 50 5.01571e-05
1250 50 4.40838e-05
1275 50 3.61558e-05
1300 50 2.73562e-05
1325 50 1.88705e-05
1350 50 1.17237e-05
1375 50 6.47796e-06
1400 50 3.14264e-06
1425 50 1.32099e-06
1450 50 4.7471e-07
1475 50 1.43885e-07
1500 50 3.6293e-08
1525 50 7.51794e-09
1550 50 1.26264e-09
1575 50 1.69848e-10
1600 50 1.80928e-11
1625 50 1.5105e-12
1650 50 9.79309e-14
1675 50 4.89209e-15
1700 50 1.87082e-16
1725 50 5.44909e-18
1750 50 1.20435e-19
1775 50 2.01494e-21
1800 50 2.54852e-23
1825 50 2.43628e-25
1850 50 1.76137e-27
1875 50 9.64398e-30
1900 50 4.00688e-32
1925 50 1.26639e-34
1950 50 3.05328e-37
1975 50 5.63314e-40
2000 50 7.979e-43
2025 50 8.70642e-46
2050 50 7.34403e-49
2075 50 4.80564e-52
2100 50 2.44795e-55
2125 50 9.74046e-59
2150 50 3.03772e-62
2175 50 7.44969e-66
2200 50 1.44125e-69
2225 50 2.20645e-73
2250 50 2.68104e-77
2275 50 2.59307e-81
2300 50 2.00185e-85
2325 50 1.23681e-89
2350 50 6.13107e-94
2375 50 2.44446e-98
2400 50 7.85689e-103
2425 50 2.04034e-107
2450 50 4.28995e-112
2475 50 7.3177e-117
2500 50 1.01461e-121
2525 50 1.14555e-126
2550 50 1.05505e-131
2575 50 7.93928e-137
2600 50 4.88899e-142
2625 50 2.46732e-147
2650 50 1.02189e-152
2675 50 3.47802e-158
2700 50 9.73976e-164
2725 50 2.2468e-169
2750 50 4.2743e-175
2775 50 6.71278e-181
2800 50 8.71177e-187
2825 50 9.35145e-193
2850 50 8.30995e-199
2875 50 6.11812e-205
2900 50 3.73482e-211
2925 50 1.89174e-217
2950 50 7.95581e-224
2975 50 2.77974e-230
0 75 0
25 75 2.73251e-37
50 75 1.26639e-34
75 75 4.47468e-32
100 75 1.20144e-29
125 75 2.4438e-27
150 75 3.75571e-25
175 75 4.35153e-23
200 75 3.79536e-21
225 75 2.49006e-19
250 75 1.22914e-17
275 75 4.5709e-16
300 75 1.28388e-14
325 75 2.73446e-13
350 75 4.44e-12
375 75 5.53394e-11
400 75 5.33867e-10
425 75 4.02508e-09
450 75 2.39762e-08
475 75 1.14186e-07
500 75 4.40329e-07
525 75 1.39322e-06
550 75 3.66623e-06
575 75 8.13396e-06
600 75 1.54219e-05
625 75 2.53202e-05
650 75 3.6459e-05
675 75 4.65982e-05
700 75 5.34512e-05
725 75 5.55655e-05
750 75 5.27648e-05
775 75 4.60043e-05
800 75 3.68464e-05
825 75 2.6892e-05
850 75 1.74005e-05
875 75 9.15599e-06
900 75 2.51483e-06
925 75 -2.46178e-06
950 75 -5.86714e-06
975 75 -7.83789e-06
1000 75 -8.48154e-06
1025 75 -7.83789e-06
1050 75 -5.86714e-06
1075 75 -2.46178e-06
1100 75 2.51483e-06
1125 75 9.15599e-06
1150 75 1.74005e-05
1175 75 2.6892e-05
1200 75 3.68464e-05
1225 75 4.60043e-05
1250 75 5.27648e-05
1275 75 5.55655e-05
1300 75 5.34512e-05
1325 75 4.65982e-05
1350 75 3.6459e-05
1375 75 2.53202e-05
1400 75 1.54219e-05
1425 75 8.13396e-06
1450 75 3.66623e-06
1475 75 1.39322e-06
1500 75 4.40329e-07
1525 75 1.14186e-07
1550 75 2.39762e-08
1575 75 4.02508e-09
1600 75 5.33867e-10
1625 75 5.53394e-11
1650 75 4.44e-12
1675 75 2.73446e-13
1700 75 1.28388e-14
1725 75 4.5709e-16
1750 75 1.22914e-17
1775 75 2.49006e-19
1800 75 3.79536e-21
1825 75 4.35153e-23
1850 75 3.75571e-25
1875 75 2.4438e-27
1900 75 1.20144e-29
1925 75 4.47468e-32
1950 75 1.26639e-34
1975 75 2.73252e-37
2000 75 4.51109e-40
2025 75 5.71875e-43
2050 75 5.58764e-46
2075 75 4.22354e-49
2100 75 2.47883e-52
2125 75 1.13374e-55
2150 75 4.05533e-59
2175 75 1.13838e-62
2200 75 2.51626e-66
2225 75 4.39383e-70
2250 75 6.08011e-74
2275 75 6.68754e-78
2300 75 5.86359e-82
2325 75 4.10966e-86
2350 75 2.30857e-90
2375 75 1.04201e-94
2400 75 3.78831e-99
2425 75 1.11189e-103
2450 75 2.64041e-108
2475 75 5.08374e-113
2500 75 7.95165e-118
2525 75 1.01231e-122
2550 75 1.05083e-127
2575 75 8.90934e-133
2600 75 6.17957e-138
2625 75 3.51182e-143
2650 75 1.63755e-148
2675 75 6.27395e-154
2700 75 1.97757e-159
2725 75 5.13449e-165
2750 75 1.09935e-170
2775 75 1.94323e-176
2800 75 2.83859e-182
2825 75 3.42995e-188
2850 75 3.43142e-194
2875 75 2.84463e-200
2900 75 1.95564e-206
2925 75 1.1158e-212
2950 75 5.28709e-219
2975 75 2.08189e-225
0 100 0
25 100 1.01466e-34
50 100 4.00688e-32
75 100 1.20144e-29
100 100 2.72551e-27
125 100 4.66228e-25
150 100 5.99624e-23
175 100 5.78423e-21
200 100 4.17779e-19
225 100 2.25732e-17
250 100 9.12496e-16
275 100 2.76324e-14
300 100 6.28481e-13
325 100 1.078e-11
350 100 1.40226e-10
375 100 1.39324e-09
400 100 1.06653e-08
425 100 6.35355e-08
450 100 2.97868e-07
475 100 1.11241e-06
500 100 3.3519e-06
525 100 8.25634e-06
550 100 1.68431e-05
575 100 2.88181e-05
600 100 4.18355e-05
625 100 5.20344e-05
650 100 5.5807e-05
675 100 5.16069e-05
700 100 4.05485e-05
725 100 2.55791e-05
750 100 1.00054e-05
775 100 -3.67985e-06
800 100 -1.42392e-05
825 100 -2.15202e-05
850 100 -2.60218e-05
875 100 -2.84839e-05
900 100 -2.96211e-05
925 100 -3.00034e-05
950 100 -3.00316e-05
975 100 -2.99585e-05
1000 100 -2.99199e-05
1025 100 -2.99585e-05
1050 100 -3.00316e-05
1075 100 -3.00034e-05
1100 100 -2.96211e-05
1125 100 -2.84839e-05
1150 100 -2.60218e-05
1175 100 -2.15202e-05
1200 100 -1.42392e-05
1225 100 -3.67985e-06
1250 100 1.00054e-05
1275 100 2.55791e-05
1300 100 4.05485e-05
1325 100 5.16069e-05
1350 100 5.5807e-05
1375 100 5.20344e-05
1400 100 4.18355e-05
1425 100 2.88181e-05
1450 100 1.68431e-05
1475 100 8.25634e-06
1500 100 3.3519e-06
1525 100 1.11241e-06
1550 100 2.97868e-07
1575 100 6.35355e-08
1600 100 1.06653e-08
1625 100 1.39324e-09
1650 100 1.40226e-10
1675 100 1.078e-11
1700 100 6.28481e-13
1725 100 2.76324e-14
1750 100 9.12496e-16
1775 100 2.25732e-17
1800 100 4.17779e-19
1825 100 5.78423e-21
1850 100 5.99624e-23
1875 100 4.66228e-25
1900 100 2.72551e-27
1925 100 1.20144e-29
1950 100 4.00688e-32
1975 100 1.01467e-34
2000 100 1.95842e-37
2025 100 2.89233e-40
2050 100 3.28149e-43
2075 100 2.8714e-46
2100 100 1.94544e-49
2125 100 1.02451e-52
2150 100 4.20946e-56
2175 100 1.35436e-59
2200 100 3.42434e-63
2225 100 6.82717e-67
2250 100 1.07684e-70
2275 100 1.34798e-74
2300 100 1.34322e-78
2325 100 1.06857e-82
2350 100 6.80529e-87
2375 100 3.47879e-91
2400 100 1.43101e-95
2425 100 4.74816e-100
2450 100 1.27371e-104
2475 100 2.76835e-109
2500 100 4.88508e-114
2525 100 7.01251e-119
2550 100 8.20415e-124
2575 100 7.83642e-129
2600 100 6.12142e-134
2625 100 3.91673e-139
2650 100 2.05582e-144
2675 100 8.86444e-150
2700 100 3.14415e-155
2725 100 9.18529e-161
2750 100 2.21277e-166
2775 100 4.40074e-172
2800 100 7.23299e-178
2825 100 9.83439e-184
2850 100 1.10719e-189
2875 100 1.03305e-195
2900 100 7.99469e-202
2925 100 5.13571e-208
2950 100 2.74049e-214
2975 100 1.21556e-220
0 125 0
25 125 2.8766e-32
50 125 9.64398e-30
75 125 2.4438e-27
100 125 4.66228e-25
125 125 6.67209e-23
150 125 7.13905e-21
175 125 5.69577e-19
200 125 3.38158e-17
225 125 1.49226e-15
250 125 4.89435e-14
275 125 1.19446e-12
300 125 2.17468e-11
325 125 2.96579e-10
350 125 3.0471e-09
375 125 2.37574e-08
400 125 1.41805e-07
425 125 6.54564e-07
450 125 2.36268e-06
475 125 6.74765e-06
500 125 1.54296e-05
525 125 2.85714e-05
550 125 4.32611e-05
575 125 5.38967e-05
600 125 5.51754e-05
625 125 4.54987e-05
650 125 2.7897e-05
675 125 7.94613e-06
700 125 -9.30704e-06
725 125 -2.12128e-05
750 125 -2.75747e-05
775 125 -2.96504e-05
800 125 -2.90795e-05
825 125 -2.72368e-05
850 125 -2.50297e-05
875 125 -2.29519e-05
900 125 -2.12204e-05
925 125 -1.98991e-05
950 125 -1.89835e-05
975 125 -1.84487e-05
1000 125 -1.82731e-05
1025 125 -1.84487e-05
1050 125 -1.89835e-05
1075 125 -1.98991e-05
1100 125 -2.12204e-05
1125 125 -2.29519e-05
1150 125 -2.50297e-05
1175 125 -2.72368e-05
1200 125 -2.90795e-05
1225 125 -2.96504e-05
1250 125 -2.75747e-05
1275 125 -2.12128e-05
1300 125 -9.30704e-06
1325 125 7.94613e-06
1350 125 2.7897e-05
1375 125 4.54987e-05
1400 125 5.51754e-05
1425 125 5.38967e-05
1450 125 4.32611e-05
1475 125 2.85714e-05
1500 125 1.54296e-05
1525 125 6.74765e-06
1550 125 2.36268e-06
1575 125 6.54564e-07
1600 125 1.41805e-07
1625 125 2.37574e-08
1650 125 3.0471e-09
1675 125 2.96579e-10
1700 125 2.17468e-11
1725 125 1.19446e-12
1750 125 4.89435e-14
1775 125 1.49226e-15
1800 125 3.38158e-17
1825 125 5.69577e-19
1850 125 7.13905e-21
1875 125 6.67209e-23
1900 125 4.66228e-25
1925 125 2.4438e-27
1950 125 9.64398e-30
1975 125 2.87661e-32
2000 125 6.51227e-35
2025 125 1.12368e-37
2050 125 1.4841e-40
2075 125 1.50672e-43
2100 125 1.18078e-46
2125 125 7.17229e-50
2150 125 3.39024e-53
2175 125 1.2519e-56
2200 125 3.62491e-60
2225 125 8.26002e-64
2250 125 1.48635e-67
2275 125 2.11914e-71
2300 125 2.40145e-75
2325 125 2.16959e-79
2350 125 1.56721e-83
2375 125 9.07657e-88
2400 125 4.22572e-92
2425 125 1.58544e-96
2450 125 4.80505e-101
2475 125 1.17904e-105
2500 125 2.34733e-110
2525 125 3.79941e-115
2550 125 5.00951e-120
2575 125 5.3902e-125
2600 125 4.74132e-130
2625 125 3.41501e-135
2650 125 2.01724e-140
2675 125 9.7867e-146
2700 125 3.90508e-151
2725 125 1.28325e-156
2750 125 3.47706e-162
2775 125 7.77761e-168
2800 125 1.43776e-173
2825 125 2.1988e-179
2850 125 2.7846e-185
2875 125 2.9229e-191
2900 125 2.54515e-197
2925 125 1.83994e-203
2950 125 1.10513e-209
2975 125 5.51878e-216
0 150 0
25 150 6.21208e-30
50 150 1.76137e-27
75 150 3.75571e-25
100 150 5.99624e-23
125 150 7.13905e-21
150 150 6.31511e-19
175 150 4.13752e-17
200 150 2.00297e-15
225 150 7.15373e-14
250 150 1.88428e-12
275 150 3.66364e-11
300 150 5.27067e-10
325 150 5.63282e-09
350 150 4.49697e-08
375 150 2.70117e-07
400 150 1.23118e-06
425 150 4.29903e-06
450 150 1.16159e-05
475 150 2.45218e-05
500 150 4.07638e-05
525 150 5.35331e-05
550 150 5.50954e-05
575 150 4.26955e-05
600 150 2.09038e-05
625 150 -1.83743e-06
650 150 -1.87204e-05
675 150 -2.74294e-05
700 150 -2.93726e-05
725 150 -2.73682e-05
750 150 -2.38672e-05
775 150 -2.03315e-05
800 150 -1.73711e-05
825 150 -1.51019e-05
850 150 -1.3435e-05
875 150 -1.22351e-05
900 150 -1.13835e-05
925 150 -1.07932e-05
950 150 -1.04062e-05
975 150 -1.01867e-05
1000 150 -1.01156e-05
1025 150 -1.01867e-05
1050 150 -1.04062e-05
1075 150 -1.07932e-05
1100 150 -1.13835e-05
1125 150 -1.22351e-05
1150 150 -1.3435e-05
1175 150 -1.51019e-05
1200 150 -1.73711e-05
1225 150 -2.03315e-05
1250 150 -2.38672e-05
1275 150 -2.73682e-05
1300 150 -2.93726e-05
1325 150 -2.74294e-05
1350 150 -1.87204e-05
1375 150 -1.83743e-06
1400 150 2.09038e-05
1425 150 4.26955e-05
1450 150 5.50954e-05
1475 150 5.35331e-05
1500 150 4.07638e-05
1525 150 2.45218e-05
1550 150 1.16159e-05
1575 150 4.29903e-06
1600 150 1.23118e-06
1625 150 2.70117e-07
1650 150 4.49697e-08
1675 150 5.63282e-09
1700 150 5.27067e-10
1725 150 3.66364e-11
1750 150 1.88428e-12
1775 150 7.15373e-14
1800 150 2.00297e-15
1825 150 4.13752e-17
1850 150 6.31511e-19
1875 150 7.13905e-21
1900 150 5.99624e-23
1925 150 3.75571e-25
1950 150 1.76137e-27
1975 150 6.21212e-30
2000 150 1.65508e-32
2025 150 3.34644e-35
2050 150 5.15857e-38
2075 150 6.09032e-41
2100 150 5.53178e-44
2125 150 3.88245e-47
2150 150 2.11451e-50
2175 150 8.97353e-54
2200 150 2.9791e-57
2225 150 7.76655e-61
2250 150 1.59579e-64
2275 150 2.59324e-68
2300 150 3.34408e-72
2325 150 3.43287e-76
2350 150 2.81384e-80
2375 150 1.84695e-84
2400 150 9.73451e-89
2425 150 4.13057e-93
2450 150 1.41455e-97
2475 150 3.91886e-102
2500 150 8.80247e-107
2525 150 1.60646e-111
2550 150 2.38688e-116
2575 150 2.89274e-121
2600 150 2.86478e-126
2625 150 2.32228e-131
2650 150 1.54341e-136
2675 150 8.42273e-142
2700 150 3.77969e-147
2725 150 1.39663e-152
2750 150 4.2549e-158
2775 150 1.07004e-163
2800 150 2.2239e-169
2825 150 3.82382e-175
2850 150 5.44482e-181
2875 150 6.42667e-187
2900 150 6.29348e-193
2925 150 5.1175e-199
2950 150 3.458e-205
2975 150 1.94315e-211
0 175 0
25 175 1.01998e-27
50 175 2.43628e-25
75 175 4.35153e-23
100 175 5.78423e-21
125 175 5.69577e-19
150 175 4.13752e-17
175 175 2.20916e-15
200 175 8.6446e-14
225 175 2.47417e-12
250 175 5.17504e-11
275 175 7.91422e-10
300 175 8.86692e-09
325 175 7.30388e-08
350 175 4.44598e-07
375 175 2.01289e-06
400 175 6.82834e-06
425 175 1.74867e-05
450 175 3.40141e-05
475 175 5.03424e-05
500 175 5.61352e-05
525 175 4.50829e-05
550 175 2.124e-05
575 175 -4.19286e-06
600 175 -2.17191e-05
625 175 -2.87359e-05
650 175 -2.80992e-05
675 175 -2.40389e-05
700 175 -1.95193e-05
725 175 -1.58102e-05
750 175 -1.31188e-05
775 175 -1.12464e-05
800 175 -9.94111e-06
825 175 -9.01168e-06
850 175 -8.33485e-06
875 175 -7.83552e-06
900 175 -7.46802e-06
925 175 -7.20408e-06
950 175 -7.02603e-06
975 175 -6.92307e-06
1000 175 -6.88937e-06
1025 175 -6.92307e-06
1050 175 -7.02603e-06
1075 175 -7.20408e-06
1100 175 -7.46802e-06
1125 175 -7.83552e-06
1150 175 -8.33485e-06
1175 175 -9.01168e-06
1200 175 -9.94111e-06
1225 175 -1.12464e-05
1250 175 -1.31188e-05
1275 175 -1.58102e-05
1300 175 -1.95193e-05
1325 175 -2.40389e-05
1350 175 -2.80992e-05
1375 175 -2.87359e-05
1400 175 -2.17191e-05
1425 175 -4.19286e-06
1450 175 2.124e-05
1475 175 4.50829e-05
1500 175 5.61352e-05
1525 175 5.03424e-05
1550 175 3.40141e-05
1575 175 1.74867e-05
1600 175 6.82834e-06
1625 175 2.01289e-06
1650 175 4.44598e-07
1675 175 7.30388e-08
1700 175 8.86692e-09
1725 175 7.91422e-10
1750 175 5.17504e-11
1775 175 2.47417e-12
1800 175 8.6446e-14
1825 175 2.20916e-15
1850 175 4.13752e-17
1875 175 5.69577e-19
1900 175 5.78423e-21
1925 175 4.35153e-23
1950 175 2.43628e-25
1975 175 1.01999e-27
2000 175 3.20927e-30
2025 175 7.6267e-33
2050 175 1.37581e-35
2075 175 1.89328e-38
2100 175 1.99711e-41
2125 175 1.6224e-44
2150 175 1.01967e-47
2175 175 4.97965e-51
2200 175 1.89762e-54
2225 175 5.66546e-58
2250 175 1.3303e-61
2275 175 2.46577e-65
2300 175 3.62044e-69
2325 175 4.22501e-73
2350 175 3.93123e-77
2375 175 2.92533e-81
2400 175 1.74587e-85
2425 175 8.37955e-90
2450 175 3.24283e-94
2475 175 1.01435e-98
2500 175 2.57051e-103
2525 175 5.28903e-108
2550 175 8.85448e-113
2575 175 1.20848e-117
2600 175 1.34716e-122
2625 175 1.22876e-127
2650 175 9.18574e-133
2675 175 5.63698e-138
2700 175 2.84389e-143
2725 175 1.18121e-148
2750 175 4.04454e-154
2775 175 1.14309e-159
2800 175 2.66981e-165
2825 175 5.15878e-171
2850 175 8.25537e-177
2875 175 1.09516e-182
2900 175 1.20549e-188
2925 175 1.10199e-194
2950 175 8.37276e-201
2975 175 5.29127e-207
0 200 0
25 200 1.27172e-25
50 200 2.54852e-23
75 200 3.79536e-21
100 200 4.17779e-19
125 200 3.38158e-17
150 200 2.00297e-15
175 200 8.6446e-14
200 200 2.70878e-12
225 200 6.14617e-11
250 200 1.00828e-09
275 200 1.19569e-08
300 200 1.02626e-07
325 200 6.39263e-07
350 200 2.9013e-06
375 200 9.6385e-06
400 200 2.35358e-05
425 200 4.22915e-05
450 200 5.54859e-05
475 200 5.1324e-05
500 200 2.88904e-05
525 200 2.98328e-07
550 200 -2.05839e-05
575 200 -2.86409e-05
600 200 -2.73004e-05
625 200 -2.22841e-05
650 200 -1.73036e-05
675 200 -1.35972e-05
700 200 -1.11058e-05
725 200 -9.44692e-06
750 200 -8.30301e-06
775 200 -7.47863e-06
800 200 -6.86334e-06
825 200 -6.39395e-06
850 200 -6.0323e-06
875 200 -5.754e-06
900 200 -5.54287e-06
925 200 -5.38797e-06
950 200 -5.28195e-06
975 200 -5.22009e-06
1000 200 -5.19975e-06
1025 200 -5.22009e-06
1050 200 -5.28195e-06
1075 200 -5.38797e-06
1100 200 -5.54287e-06
1125 200 -5.754e-06
1150 200 -6.0323e-06
1175 200 -6.39395e-06
1200 200 -6.86334e-06
1225 200 -7.47863e-06
1250 200 -8.30301e-06
1275 200 -9.44692e-06
1300 200 -1.11058e-05
1325 200 -1.35972e-05
1350 200 -1.73036e-05
1375 200 -2.22841e-05
1400 200 -2.73004e-05
1425 200 -2.86409e-05
1450 200 -2.05839e-05
1475 200 2.98328e-07
1500 200 2.88904e-05
1525 200 5.1324e-05
1550 200 5.54859e-05
1575 200 4.22915e-05
1600 200 2.35358e-05
1625 200 9.6385e-06
1650 200 2.9013e-06
1675 200 6.39263e-07
1700 200 1.02626e-07
1725 200 1.19569e-08
1750 200 1.00828e-09
1775 200 6.14617e-11
1800 200 2.70878e-12
1825 200 8.6446e-14
1850 200 2.00297e-15
1875 200 3.38158e-17
1900 200 4.17779e-19
1925 200 3.79536e-21
1950 200 2.54852e-23
1975 200 1.27173e-25
2000 200 4.74204e-28
2025 200 1.32858e-30
2050 200 2.81214e-33
2075 200 4.52102e-36
2100 200 5.54945e-39
2125 200 5.22721e-42
2150 200 3.7967e-45
2175 200 2.13643e-48
2200 200 9.35527e-52
2225 200 3.20159e-55
2250 200 8.59777e-59
2275 200 1.81886e-62
2300 200 3.04238e-66
2325 200 4.03781e-70
2350 200 4.26625e-74
2375 200 3.59988e-78
2400 200 2.43317e-82
2425 200 1.3211e-86
2450 200 5.77761e-91
2475 200 2.04042e-95
2500 200 5.83315e-100
2525 200 1.35298e-104
2550 200 2.55171e-109
2575 200 3.92112e-114
2600 200 4.91899e-119
2625 200 5.04691e-124
2650 200 4.24242e-129
2675 200 2.92653e-134
2700 200 1.65928e-139
2725 200 7.74368e-145
2750 200 2.97877e-150
2775 200 9.45702e-156
2800 200 2.48103e-161
2825 200 5.38481e-167
2850 200 9.67926e-173
2875 200 1.44241e-178
2900 200 1.78373e-184
2925 200 1.83209e-190
2950 200 1.56427e-196
2975 200 1.11111e-202
0 225 0
25 225 1.20332e-23
50 225 2.01494e-21
75 225 2.49006e-19
100 225 2.25732e-17
125 225 1.49226e-15
150 225 7.15373e-14
175 225 2.47417e-12
200 225 6.14617e-11
225 225 1.09272e-09
250 225 1.38698e-08
275 225 1.2553e-07
300 225 8.10101e-07
325 225 3.73162e-06
350 225 1.22862e-05
375 225 2.89147e-05
400 225 4.83854e-05
425 225 5.63362e-05
450 225 4.21081e-05
475 225 1.242e-05
500 225 -1.46664e-05
525 225 -2.75587e-05
550 225 -2.77092e-05
575 225 -2.23615e-05
600 225 -1.68199e-05
625 225 -1.2833e-05
650 225 -1.0271e-05
675 225 -8.61621e-06
700 225 -7.48773e-06
725 225 -6.67391e-06
750 225 -6.0627e-06
775 225 -5.59149e-06
800 225 -5.22239e-06
825 225 -4.93094e-06
850 225 -4.70064e-06
875 225 -4.52004e-06
900 225 -4.38107e-06
925 225 -4.27803e-06
950 225 -4.20697e-06
975 225 -4.16531e-06
1000 225 -4.15158e-06
1025 225 -4.16531e-06
1050 225 -4.20697e-06
1075 225 -4.27803e-06
1100 225 -4.38107e-06
1125 225 -4.52004e-06
1150 225 -4.70064e-06
1175 225 -4.93094e-06
1200 225 -5.22239e-06
1225 225 -5.59149e-06
1250 225 -6.0627e-06
1275 225 -6.67391e-06
1300 225 -7.48773e-06
1325 225 -8.61621e-06
1350 225 -1.0271e-05
1375 225 -1.2833e-05
1400 225 -1.68199e-05
1425 225 -2.23615e-05
1450 225 -2.77092e-05
1475 225 -2.75587e-05
1500 225 -1.46664e-05
1525 225 1.242e-05
1550 225 4.21081e-05
1575 225 5.63362e-05
1600 225 4.83854e-05
1625 225 2.89147e-05
1650 225 1.22862e-05
1675 225 3.73162e-06
1700 225 8.10101e-07
1725 225 1.2553e-07
1750 225 1.38698e-08
1775 225 1.09272e-09
1800 225 6.14617e-11
1825 225 2.47417e-12
1850 225 7.15373e-14
1875 225 1.49226e-15
1900 225 2.25732e-17
1925 225 2.49006e-19
1950 225 2.01494e-21
1975 225 1.20334e-23
2000 225 5.33638e-26
2025 225 1.768e-28
2050 225 4.40244e-31
2075 225 8.28727e-34
2100 225 1.18601e-36
2125 225 1.29743e-39
2150 225 1.09061e-42
2175 225 7.07956e-46
2200 225 3.56588e-49
2225 225 1.39998e-52
2250 225 4.30272e-56
2275 225 1.03947e-59
2300 225 1.98161e-63
2325 225 2.99203e-67
2350 225 3.59064e-71
2375 225 3.4362e-75
2400 225 2.63055e-79
2425 225 1.61574e-83
2450 225 7.98495e-88
2475 225 3.18354e-92
2500 225 1.02655e-96
2525 225 2.68358e-101
2550 225 5.70033e-106
2575 225 9.85965e-111
2600 225 1.39148e-115
2625 225 1.60537e-120
2650 225 1.51684e-125
2675 225 1.17574e-130
2700 225 7.48842e-136
2725 225 3.92494e-141
2750 225 1.69537e-146
2775 225 6.04322e-152
2800 225 1.77992e-157
2825 225 4.33689e-163
2850 225 8.75169e-169
2875 225 1.4642e-174
2900 225 2.03299e-180
2925 225 2.34477e-186
2950 225 2.2484e-192
2975 225 1.79394e-198
0 250 0
25 250 8.64302e-22
50 250 1.20435e-19
75 250 1.22914e-17
100 250 9.12496e-16
125 250 4.89435e-14
150 250 1.88428e-12
175 250 5.17504e-11
200 250 1.00828e-09
225 250 1.38698e-08
250 250 1.34189e-07
275 250 9.10468e-07
300 250 4.32292e-06
325 250 1.43306e-05
350 250 3.30159e-05
375 250 5.21918e-05
400 250 5.44064e-05
425 250 3.19485e-05
450 250 -7.90905e-07
475 250 -2.3123e-05
500 250 -2.8606e-05
525 250 -2.41685e-05
550 250 -1.7883e-05
575 250 -1.31709e-05
600 250 -1.02162e-05
625 250 -8.3762e-06
650 250 -7.15448e-06
675 250 -6.28688e-06
700 250 -5.64052e-06
725 250 -5.14361e-06
750 250 -4.75353e-06
775 250 -4.44307e-06
800 250 -4.19398e-06
825 250 -3.9936e-06
850 250 -3.83294e-06
875 250 -3.70549e-06
900 250 -3.60654e-06
925 250 -3.53267e-06
950 250 -3.48148e-06
975 250 -3.45138e-06
1000 250 -3.44144e-06
1025 250 -3.45138e-06
1050 250 -3.48148e-06
1075 250 -3.53267e-06
1100 250 -3.60654e-06
1125 250 -3.70549e-06
1150 250 -3.83294e-06
1175 250 -3.9936e-06
1200 250 -4.19398e-06
1225 250 -4.44307e-06
1250 250 -4.75353e-06
1275 250 -5.14361e-06
1300 250 -5.64052e-06
1325 250 -6.28688e-06
1350 250 -7.15448e-06
1375 250 -8.3762e-06
1400 250 -1.02162e-05
1425 250 -1.31709e-05
1450 250 -1.7883e-05
1475 250 -2.41685e-05
1500 250 -2.8606e-05
1525 250 -2.3123e-05
1550 250 -7.90905e-07
1575 250 3.19485e-05
1600 250 5.44064e-05
1625 250 5.21918e-05
1650 250 3.30159e-05
1675 250 1.43306e-05
1700 250 4.32292e-06
1725 250 9.10468e-07
1750 250 1.34189e-07
1775 250 1.38698e-08
1800 250 1.00828e-09
1825 250 5.17504e-11
1850 250 1.88428e-12
1875 250 4.89435e-14
1900 250 9.12496e-16
1925 250 1.22914e-17
1950 250 1.20435e-19
1975 250 8.6432e-22
2000 250 4.57444e-24
2025 250 1.79753e-26
2050 250 5.27892e-29
2075 250 1.16604e-31
2100 250 1.94912e-34
2125 250 2.48014e-37
2150 250 2.41582e-40
2175 250 1.81101e-43
2200 250 1.05016e-46
2225 250 4.73332e-50
2250 250 1.66585e-53
2275 250 4.59783e-57
2300 250 9.993e-61
2325 250 1.71694e-64
2350 250 2.3406e-68
2375 250 2.54051e-72
2400 250 2.20277e-76
2425 250 1.53045e-80
2450 250 8.54572e-85
2475 250 3.84564e-89
2500 250 1.39836e-93
2525 250 4.11889e-98
2550 250 9.85083e-103
2575 250 1.91717e-107
2600 250 3.04269e-112
2625 250 3.94569e-117
2650 250 4.18861e-122
2675 250 3.64643e-127
2700 250 2.6076e-132
2725 250 1.53417e-137
2750 250 7.43725e-143
2775 250 2.97484e-148
2800 250 9.83103e-154
2825 250 2.68757e-159
2850 250 6.08489e-165
2875 250 1.14223e-170
2900 250 1.77955e-176
2925 250 2.30325e-182
2950 250 2.47879e-188
2975 250 2.2201e-194
0 275 0
25 275 4.71809e-20
50 275 5.44909e-18
75 275 4.5709e-16
100 275 2.76324e-14
125 275 1.19446e-12
150 275 3.66364e-11
175 275 7.91422e-10
200 275 1.19569e-08
225 275 1.2553e-07
250 275 9.10468e-07
275 275 4.53711e-06
300 275 1.54392e-05
325 275 3.55362e-05
350 275 5.41898e-05
375 275 5.15503e-05
400 275 2.32661e-05
425 275 -9.85483e-06
450 275 -2.69518e-05
475 275 -2.71403e-05
500 275 -2.06703e-05
525 275 -1.47212e-05
550 275 -1.09138e-05
575 275 -8.63821e-06
600 275 -7.19624e-06
625 275 -6.2054e-06
650 275 -5.48247e-06
675 275 -4.93391e-06
700 275 -4.50646e-06
725 275 -4.16707e-06
750 275 -3.89404e-06
775 275 -3.67254e-06
800 275 -3.49209e-06
825 275 -3.34514e-06
850 275 -3.22613e-06
875 275 -3.13097e-06
900 275 -3.05662e-06
925 275 -3.00085e-06
950 275 -2.96207e-06
975 275 -2.93921e-06
1000 275 -2.93166e-06
1025 275 -2.93921e-06
1050 275 -2.96207e-06
1075 275 -3.00085e-06
1100 275 -3.05662e-06
1125 275 -3.13097e-06
1150 275 -3.22613e-06
1175 275 -3.34514e-06
1200 275 -3.49209e-06
1225 275 -3.67254e-06
1250 275 -3.89404e-06
1275 275 -4.16707e-06
1300 275 -4.50646e-06
1325 275 -4.93391e-06
1350 275 -5.48247e-06
1375 275 -6.2054e-06
1400 275 -7.19624e-06
1425 275 -8.63821e-06
1450 275 -1.09138e-05
1475 275 -1.47212e-05
1500 275 -2.06703e-05
1525 275 -2.71403e-05
1550 275 -2.69518e-05
1575 275 -9.85483e-06
1600 275 2.32661e-05
1625 275 5.15503e-05
1650 275 5.41898e-05
1675 275 3.55362e-05
1700 275 1.54392e-05
1725 275 4.53711e-06
1750 275 9.10468e-07
1775 275 1.2553e-07
1800 275 1.19569e-08
1825 275 7.91422e-10
1850 275 3.66364e-11
1875 275 1.19446e-12
1900 275 2.76324e-14
1925 275 4.5709e-16
1950 275 5.44909e-18
1975 275 4.71823e-20
2000 275 2.99028e-22
2025 275 1.39759e-24
2050 275 4.85221e-27
2075 275 1.26014e-29
2100 275 2.4644e-32
2125 275 3.65244e-35
2150 275 4.12723e-38
2175 275 3.57625e-41
2200 275 2.38919e-44
2225 275 1.23696e-47
2250 275 4.98721e-51
2275 275 1.57307e-54
2300 275 3.89859e-58
2325 275 7.62284e-62
2350 275 1.18047e-65
2375 275 1.45314e-69
2400 275 1.42683e-73
2425 275 1.12115e-77
2450 275 7.07152e-82
2475 275 3.59074e-86
2500 275 1.47186e-90
2525 275 4.88299e-95
2550 275 1.31433e-99
2575 275 2.87689e-104
2600 275 5.13205e-109
2625 275 7.47657e-114
2650 275 8.91252e-119
2675 275 8.7093e-124
2700 275 6.9888e-129
2725 275 4.61282e-134
2750 275 2.50811e-139
2775 275 1.12504e-144
2800 275 4.169e-150
2825 275 1.27788e-155
2850 275 3.24393e-161
2875 275 6.82763e-167
2900 275 1.19275e-172
2925 275 1.73118e-178
2950 275 2.08957e-184
2975 275 2.0993e-190
0 300 0
25 300 1.96189e-18
50 300 1.87082e-16
75 300 1.28388e-14
100 300 6.28481e-13
125 300 2.17468e-11
150 300 5.27067e-10
175 300 8.86692e-09
200 300 1.02626e-07
225 300 8.10101e-07
250 300 4.32292e-06
275 300 1.54392e-05
300 300 3.63807e-05
325 300 5.49924e-05
350 300 4.92535e-05
375 300 1.72261e-05
400 300 -1.53467e-05
425 300 -2.82432e-05
450 300 -2.51524e-05
475 300 -1.80041e-05
500 300 -1.26575e-05
525 300 -9.50263e-06
550 300 -7.62773e-06
575 300 -6.40904e-06
600 300 -5.55175e-06
625 300 -4.91656e-06
650 300 -4.42947e-06
675 300 -4.04673e-06
700 300 -3.74058e-06
725 300 -3.49249e-06
750 300 -3.28963e-06
775 300 -3.12285e-06
800 300 -2.98549e-06
825 300 -2.87263e-06
850 300 -2.78056e-06
875 300 -2.70651e-06
900 300 -2.64838e-06
925 300 -2.60462e-06
950 300 -2.57411e-06
975 300 -2.55609e-06
1000 300 -2.55013e-06
1025 300 -2.55609e-06
1050 300 -2.57411e-06
1075 300 -2.60462e-06
1100 300 -2.64838e-06
1125 300 -2.70651e-06
1150 300 -2.78056e-06
1175 300 -2.87263e-06
1200 300 -2.98549e-06
1225 300 -3.12285e-06
1250 300 -3.28963e-06
1275 300 -3.49249e-06
1300 300 -3.74058e-06
1325 300 -4.04673e-06
1350 300 -4.42947e-06
1375 300 -4.91656e-06
1400 300 -5.55175e-06
1425 300 -6.40904e-06
1450 300 -7.62773e-06
1475 300 -9.50263e-06
1500 300 -1.26575e-05
1525 300 -1.80041e-05
1550 300 -2.51524e-05
1575 300 -2.82432e-05
1600 300 -1.53467e-05
1625 300 1.72261e-05
1650 300 4.92535e-05
1675 300 5.49924e-05
1700 300 3.63807e-05
1725 300 1.54392e-05
1750 300 4.32292e-06
1775 300 8.10101e-07
1800 300 1.02626e-07
1825 300 8.86692e-09
1850 300 5.27067e-10
1875 300 2.17468e-11
1900 300 6.28481e-13
1925 300 1.28388e-14
1950 300 1.87082e-16
1975 300 1.96197e-18
2000 300 1.49374e-20
2025 300 8.32562e-23
2050 300 3.42454e-25
2075 300 1.0475e-27
2100 300 2.40013e-30
2125 300 4.14799e-33
2150 300 5.44244e-36
2175 300 5.45477e-39
2200 300 4.20058e-42
2225 300 2.49902e-45
2250 300 1.15452e-48
2275 300 4.16208e-52
2300 300 1.17623e-55
2325 300 2.61708e-59
2350 300 4.60313e-63
2375 300 6.42489e-67
2400 300 7.14204e-71
2425 300 6.34458e-75
2450 300 4.51858e-79
2475 300 2.58783e-83
2500 300 1.19522e-87
2525 300 4.46379e-92
2550 300 1.35149e-96
2575 300 3.32519e-101
2600 300 6.66345e-106
2625 300 1.08991e-110
2650 300 1.45802e-115
2675 300 1.59826e-120
2700 300 1.43821e-125
2725 300 1.06419e-130
2750 300 6.48539e-136
2775 300 3.26004e-141
2800 300 1.35362e-146
2825 300 4.64873e-152
2850 300 1.32215e-157
2875 300 3.1178e-163
2900 300 6.10264e-169
2925 300 9.92518e-175
2950 300 1.34256e-180
2975 300 1.51181e-186
0 325 0
25 325 6.23588e-17
50 325 4.89209e-15
75 325 2.73446e-13
100 325 1.078e-11
125 325 2.96579e-10
150 325 5.63282e-09
175 325 7.30388e-08
200 325 6.39263e-07
225 325 3.73162e-06
250 325 1.43306e-05
275 325 3.55362e-05
300 325 5.49924e-05
325 325 4.8394e-05
350 325 1.41852e-05
375 325 -1.81858e-05
400 325 -2.84568e-05
425 325 -2.35022e-05
450 325 -1.62007e-05
475 325 -1.13472e-05
500 325 -8.59937e-06
525 325 -6.95435e-06
550 325 -5.86483e-06
575 325 -5.08818e-06
600 325 -4.50796e-06
625 325 -4.06037e-06
650 325 -3.70691e-06
675 325 -3.42285e-06
700 325 -3.19152e-06
725 325 -3.00133e-06
750 325 -2.84394e-06
775 325 -2.71327e-06
800 325 -2.60477e-06
825 325 -2.51501e-06
850 325 -2.44138e-06
875 325 -2.38188e-06
900 325 -2.335e-06
925 325 -2.29961e-06
950 325 -2.27489e-06
975 325 -2.26027e-06
1000 325 -2.25543e-06
1025 325 -2.26027e-06
1050 325 -2.27489e-06
1075 325 -2.29961e-06
1100 325 -2.335e-06
1125 325 -2.38188e-06
1150 325 -2.44138e-06
1175 325 -2.51501e-06
1200 325 -2.60477e-06
1225 325 -2.71327e-06
1250 325 -2.84394e-06
1275 325 -3.00133e-06
1300 325 -3.19152e-06
1325 325 -3.42285e-06
1350 325 -3.70691e-06
1375 325 -4.06037e-06
1400 325 -4.50796e-06
1425 325 -5.08818e-06
1450 325 -5.86483e-06
1475 325 -6.95435e-06
1500 325 -8.59937e-06
1525 325 -1.13472e-05
1550 325 -1.62007e-05
1575 325 -2.35022e-05
1600 325 -2.84568e-05
1625 325 -1.81858e-05
1650 325 1.41852e-05
1675 325 4.8394e-05
1700 325 5.49924e-05
1725 325 3.55362e-05
1750 325 1.43306e-05
1775 325 3.73162e-06
1800 325 6.39263e-07
1825 325 7.30388e-08
1850 325 5.63282e-09
1875 325 2.96579e-10
1900 325 1.078e-11
1925 325 2.73446e-13
1950 325 4.89209e-15
1975 325 6.23626e-17
2000 325 5.72033e-19
2025 325 3.81109e-21
2050 325 1.86068e-23
2075 325 6.71335e-26
2100 325 1.80428e-28
2125 325 3.63926e-31
2150 325 5.54783e-34
2175 325 6.43439e-37
2200 325 5.71301e-40
2225 325 3.90599e-43
2250 325 2.0677e-46
2275 325 8.51867e-50
2300 325 2.74464e-53
2325 325 6.94709e-57
2350 325 1.38734e-60
2375 325 2.1947e-64
2400 325 2.76071e-68
2425 325 2.7712e-72
2450 325 2.22728e-76
2475 325 1.43785e-80
2500 325 7.47792e-85
2525 325 3.1419e-89
2550 325 1.0693e-93
2575 325 2.95517e-98
2600 325 6.64763e-103
2625 325 1.21988e-107
2650 325 1.82994e-112
2675 325 2.24848e-117
2700 325 2.26714e-122
2725 325 1.87917e-127
2750 325 1.28254e-132
2775 325 7.21887e-138
2800 325 3.35581e-143
2825 325 1.29019e-148
2850 325 4.10776e-154
2875 325 1.08437e-159
2900 325 2.37613e-165
2925 325 4.32662e-171
2950 325 6.55319e-177
2975 325 8.26401e-183
0 350 0
25 350 1.52229e-15
50 350 9.79309e-14
75 350 4.44e-12
100 350 1.40226e-10
125 350 3.0471e-09
150 350 4.49697e-08
175 350 4.44598e-07
200 350 2.9013e-06
225 350 1.22862e-05
250 350 3.30159e-05
275 350 5.41898e-05
300 350 4.92535e-05
325 350 1.41852e-05
350 350 -1.90523e-05
375 350 -2.83955e-05
400 350 -2.24727e-05
425 350 -1.51097e-05
450 350 -1.05461e-05
475 350 -8.0227e-06
500 350 -6.50286e-06
525 350 -5.4862e-06
550 350 -4.7571e-06
575 350 -4.21043e-06
600 350 -3.78756e-06
625 350 -3.45279e-06
650 350 -3.18303e-06
675 350 -2.9627e-06
700 350 -2.78089e-06
725 350 -2.62975e-06
750 350 -2.50355e-06
775 350 -2.39796e-06
800 350 -2.30972e-06
825 350 -2.23633e-06
850 350 -2.17586e-06
875 350 -2.12682e-06
900 350 -2.08807e-06
925 350 -2.05875e-06
950 350 -2.03822e-06
975 350 -2.02608e-06
1000 350 -2.02205e-06
1025 350 -2.02608e-06
1050 350 -2.03822e-06
1075 350 -2.05875e-06
1100 350 -2.08807e-06
1125 350 -2.12682e-06
1150 350 -2.17586e-06
1175 350 -2.23633e-06
1200 350 -2.30972e-06
1225 350 -2.39796e-06
1250 350 -2.50355e-06
1275 350 -2.62975e-06
1300 350 -2.78089e-06
1325 350 -2.9627e-06
1350 350 -3.18303e-06
1375 350 -3.45279e-06
1400 350 -3.78756e-06
1425 350 -4.21043e-06
1450 350 -4.7571e-06
1475 350 -5.4862e-06
1500 350 -6.50286e-06
1525 350 -8.0227e-06
1550 350 -1.05461e-05
1575 350 -1.51097e-05
1600 350 -2.24727e-05
1625 350 -2.83955e-05
1650 350 -1.90523e-05
1675 350 1.41852e-05
1700 350 4.92535e-05
1725 350 5.41898e-05
1750 350 3.30159e-05
1775 350 1.22862e-05
1800 350 2.9013e-06
1825 350 4.44598e-07
1850 350 4.49697e-08
1875 350 3.0471e-09
1900 350 1.40226e-10
1925 350 4.44e-12
1950 350 9.79309e-14
1975 350 1.52242e-15
2000 350 1.68675e-17
2025 350 1.34593e-19
2050 350 7.81148e-22
2075 350 3.32813e-24
2100 350 1.05001e-26
2125 350 2.47308e-29
2150 350 4.38163e-32
2175 350 5.8813e-35
2200 350 6.02062e-38
2225 350 4.72978e-41
2250 350 2.86816e-44
2275 350 1.34989e-47
2300 350 4.95618e-51
2325 350 1.42636e-54
2350 350 3.23223e-58
2375 350 5.79159e-62
2400 350 8.2383e-66
2425 350 9.33774e-70
2450 350 8.46314e-74
2475 350 6.15374e-78
2500 350 3.60092e-82
2525 350 1.70067e-86
2550 350 6.50067e-91
2575 350 2.01628e-95
2600 350 5.08696e-100
2625 350 1.04636e-104
2650 350 1.75858e-109
2675 350 2.41985e-114
2700 350 2.73147e-119
2725 350 2.53382e-124
2750 350 1.93494e-129
2775 350 1.21835e-134
2800 350 6.33507e-140
2825 350 2.72409e-145
2850 350 9.69988e-151
2875 350 2.86375e-156
2900 350 7.01845e-162
2925 350 1.42945e-167
2950 350 2.42198e-173
2975 350 3.41721e-179
0 375 0
25 375 2.87142e-14
50 375 1.5105e-12
75 375 5.53394e-11
100 375 1.39324e-09
125 375 2.37574e-08
150 375 2.70117e-07
175 375 2.01289e-06
200 375 9.6385e-06
225 375 2.89147e-05
250 375 5.21918e-05
275 375 5.15503e-05
300 375 1.72261e-05
325 375 -1.81858e-05
350 375 -2.83955e-05
375 375 -2.21273e-05
400 375 -1.45986e-05
425 375 -1.01123e-05
450 375 -7.67755e-06
475 375 -6.21208e-06
500 375 -5.22972e-06
525 375 -4.52471e-06
550 375 -3.996e-06
575 375 -3.58694e-06
600 375 -3.26295e-06
625 375 -3.00164e-06
650 375 -2.78791e-06
675 375 -2.61117e-06
700 375 -2.46383e-06
725 375 -2.3403e-06
750 375 -2.2364e-06
775 375 -2.14894e-06
800 375 -2.07547e-06
825 375 -2.0141e-06
850 375 -1.96335e-06
875 375 -1.92207e-06
900 375 -1.88937e-06
925 375 -1.86458e-06
950 375 -1.84721e-06
975 375 -1.83692e-06
1000 375 -1.83351e-06
1025 375 -1.83692e-06
1050 375 -1.84721e-06
1075 375 -1.86458e-06
1100 375 -1.88937e-06
1125 375 -1.92207e-06
1150 375 -1.96335e-06
1175 375 -2.0141e-06
1200 375 -2.07547e-06
1225 375 -2.14894e-06
1250 375 -2.2364e-06
1275 375 -2.3403e-06
1300 375 -2.46383e-06
1325 375 -2.61117e-06
1350 375 -2.78791e-06
1375 375 -3.00164e-06
1400 375 -3.26295e-06
1425 375 -3.58694e-06
1450 375 -3.996e-06
1475 375 -4.52471e-06
1500 375 -5.22972e-06
1525 375 -6.21208e-06
1550 375 -7.67755e-06
1575 375 -1.01123e-05
1600 375 -1.45986e-05
1625 375 -2.21273e-05
1650 375 -2.83955e-05
1675 375 -1.81858e-05
1700 375 1.72261e-05
1725 375 5.15503e-05
1750 375 5.21918e-05
1775 375 2.89147e-05
1800 375 9.6385e-06
1825 375 2.01289e-06
1850 375 2.70117e-07
1875 375 2.37574e-08
1900 375 1.39324e-09
1925 375 5.53394e-11
1950 375 1.5105e-12
1975 375 2.87179e-14
2000 375 3.85128e-16
2025 375 3.68625e-18
2050 375 2.54591e-20
2075 375 1.28176e-22
2100 375 4.74888e-25
2125 375 1.30625e-27
2150 375 2.68955e-30
2175 375 4.17703e-33
2200 375 4.92809e-36
2225 375 4.44627e-39
2250 375 3.08678e-42
2275 375 1.65851e-45
2300 375 6.93394e-49
2325 375 2.26716e-52
2350 375 5.82477e-56
2375 375 1.18112e-59
2400 375 1.89815e-63
2425 375 2.42705e-67
2450 375 2.47817e-71
2475 375 2.02758e-75
2500 375 1.33359e-79
2525 375 7.07267e-84
2550 375 3.03322e-88
2575 375 1.05476e-92
2600 375 2.98147e-97
2625 375 6.86706e-102
2650 375 1.29167e-106
2675 375 1.98835e-111
2700 375 2.50991e-116
2725 375 2.60295e-121
2750 375 2.22169e-126
2775 375 1.56327e-131
2800 375 9.0824e-137
2825 375 4.36336e-142
2850 375 1.7358e-147
2875 375 5.72538e-153
2900 375 1.56771e-158
2925 375 3.56766e-164
2950 375 6.75501e-170
2975 375 1.0652e-175
0 400 0
25 400 4.21591e-13
50 400 1.80928e-11
75 400 5.33867e-10
100 400 1.06653e-08
125 400 1.41805e-07
150 400 1.23118e-06
175 400 6.82834e-06
200 400 2.35358e-05
225 400 4.83854e-05
250 400 5.44064e-05
275 400 2.32661e-05
300 400 -1.53467e-05
325 400 -2.84568e-05
350 400 -2.24727e-05
375 400 -1.45986e-05
400 400 -9.97489e-06
425 400 -7.51533e-06
450 400 -6.04872e-06
475 400 -5.07025e-06
500 400 -4.37053e-06
525 400 -3.84723e-06
550 400 -3.44317e-06
575 400 -3.12354e-06
600 400 -2.86593e-06
625 400 -2.6552e-06
650 400 -2.48083e-06
675 400 -2.33523e-06
700 400 -2.21286e-06
725 400 -2.10956e-06
750 400 -2.02215e-06
775 400 -1.94821e-06
800 400 -1.88584e-06
825 400 -1.83354e-06
850 400 -1.79017e-06
875 400 -1.7548e-06
900 400 -1.72673e-06
925 400 -1.70542e-06
950 400 -1.69046e-06
975 400 -1.6816e-06
1000 400 -1.67866e-06
1025 400 -1.6816e-06
1050 400 -1.69046e-06
1075 400 -1.70542e-06
1100 400 -1.72673e-06
1125 400 -1.7548e-06
1150 400 -1.79017e-06
1175 400 -1.83354e-06
1200 400 -1.88584e-06
1225 400 -1.94821e-06
1250 400 -2.02215e-06
1275 400 -2.10956e-06
1300 400 -2.21286e-06
1325 400 -2.33523e-06
1350 400 -2.48083e-06
1375 400 -2.6552e-06
1400 400 -2.86593e-06
1425 400 -3.12354e-06
1450 400 -3.44317e-06
1475 400 -3.84723e-06
1500 400 -4.37053e-06
1525 400 -5.07025e-06
1550 400 -6.04872e-06
1575 400 -7.51533e-06
1600 400 -9.97489e-06
1625 400 -1.45986e-05
1650 400 -2.24727e-05
1675 400 -2.84568e-05
1700 400 -1.53467e-05
1725 400 2.32661e-05
1750 400 5.44064e-05
1775 400 4.83854e-05
1800 400 2.35358e-05
1825 400 6.82834e-06
1850 400 1.23118e-06
1875 400 1.41805e-07
1900 400 1.06653e-08
1925 400 5.33867e-10
1950 400 1.80928e-11
1975 400 4.2167e-13
2000 400 6.85572e-15
2025 400 7.87911e-17
2050 400 6.47925e-19
2075 400 3.85538e-21
