0 0 0
25 0 0
50 0 0
75 0 0
100 0 0
125 0 0
150 0 0
175 0 0
200 0 0
225 0 0
250 0 0
275 0 0
300 0 0
325 0 0
350 0 0
375 0 0
400 0 0
425 0 0
450 0 0
475 0 0
500 0 0
525 0 0
550 0 0
575 0 0
600 0 0
625 0 0
650 0 0
675 0 0
700 0 0
725 0 0
750 0 0
775 0 0
800 0 0
825 0 0
850 0 0
875 0 0
900 0 0
925 0 0
950 0 0
975 0 0
1000 0 0
1025 0 0
1050 0 0
1075 0 0
1100 0 0
1125 0 0
1150 0 0
1175 0 0
1200 0 0
1225 0 0
1250 0 0
1275 0 0
1300 0 0
1325 0 0
1350 0 0
1375 0 0
1400 0 0
1425 0 0
1450 0 0
1475 0 0
1500 0 0
1525 0 0
1550 0 0
1575 0 0
1600 0 0
1625 0 0
1650 0 0
1675 0 0
1700 0 0
1725 0 0
1750 0 0
1775 0 0
1800 0 0
1825 0 0
1850 0 0
1875 0 0
1900 0 0
1925 0 0
1950 0 0
1975 0 0
2000 0 0
2025 0 0
2050 0 0
2075 0 0
2100 0 0
2125 0 0
2150 0 0
2175 0 0
2200 0 0
2225 0 0
2250 0 0
2275 0 0
2300 0 0
2325 0 0
2350 0 0
2375 0 0
2400 0 0
2425 0 0
2450 0 0
2475 0 0
2500 0 0
2525 0 0
2550 0 0
2575 0 0
2600 0 0
2625 0 0
2650 0 0
2675 0 0
2700 0 0
2725 0 0
2750 0 0
2775 0 0
2800 0 0
2825 0 0
2850 0 0
2875 0 0
2900 0 0
2925 0 0
2950 0 0
2975 0 0
0 25 0
25 25 -2.96756e-09
50 25 -5.97471e-09
75 25 -9.06233e-09
100 25 -1.2274e-08
125 25 -1.56574e-08
150 25 -1.92663e-08
175 25 -2.31627e-08
200 25 -2.74194e-08
225 25 -3.21239e-08
250 25 -3.73829e-08
275 25 -4.33286e-08
300 25 -5.01276e-08
325 25 -5.79927e-08
350 25 -6.72005e-08
375 25 -7.8116e-08
400 25 -9.12299e-08
425 25 -1.07214e-07
450 25 -1.27011e-07
475 25 -1.51971e-07
500 25 -1.84089e-07
525 25 -2.26411e-07
550 25 -2.83775e-07
575 25 -3.64249e-07
600 25 -4.82144e-07
625 25 -6.64996e-07
650 25 -9.72283e-07
675 25 -1.55979e-06
700 25 -3.04106e-06
725 25 -6.93847e-06
750 25 -6.97793e-06
775 25 1.45467e-05
800 25 3.45142e-05
825 25 1.41725e-05
850 25 -1.39192e-05
875 25 -1.62302e-05
900 25 -7.16194e-06
925 25 -1.77293e-06
950 25 -2.6943e-07
975 25 -1.85408e-08
1000 25 8.85289e-09
1025 25 1.09155e-08
1050 25 1.1041e-08
1075 25 1.10715e-08
1100 25 1.11084e-08
1125 25 1.1156e-08
1150 25 1.12145e-08
1175 25 1.12843e-08
1200 25 1.13656e-08
1225 25 1.14586e-08
1250 25 1.15639e-08
1275 25 1.16819e-08
1300 25 1.1813e-08
1325 25 1.19579e-08
1350 25 1.21172e-08
1375 25 1.22916e-08
1400 25 1.2482e-08
1425 25 1.26893e-08
1450 25 1.29144e-08
1475 25 1.31585e-08
1500 25 1.34229e-08
1525 25 1.37089e-08
1550 25 1.40181e-08
1575 25 1.43523e-08
1600 25 1.47134e-08
1625 25 1.51036e-08
1650 25 1.55253e-08
1675 25 1.59813e-08
1700 25 1.64745e-08
1725 25 1.70086e-08
1750 25 1.75873e-08
1775 25 1.8215e-08
1800 25 1.88969e-08
1825 25 1.96385e-08
1850 25 2.04464e-08
1875 25 2.1328e-08
1900 25 2.22919e-08
1925 25 2.33479e-08
1950 25 2.45074e-08
1975 25 2.57837e-08
2000 25 2.71923e-08
2025 25 2.87512e-08
2050 25 3.04821e-08
2075 25 3.24102e-08
2100 25 3.45659e-08
2125 25 3.69854e-08
2150 25 3.97127e-08
2175 25 4.28012e-08
2200 25 4.63163e-08
2225 25 5.03389e-08
2250 25 5.49701e-08
2275 25 6.03372e-08
2300 25 6.66021e-08
2325 25 7.3974e-08
2350 25 8.27258e-08
2375 25 9.32196e-08
2400 25 1.05943e-07
2425 25 1.21567e-07
2450 25 1.41029e-07
2475 25 1.6568e-07
2500 25 1.97512e-07
2525 25 2.3957e-07
2550 25 2.9669e-07
2575 25 3.76938e-07
2600 25 4.94626e-07
2625 25 6.77288e-07
2650 25 9.84401e-07
2675 25 1.57174e-06
2700 25 3.05287e-06
2725 25 6.95015e-06
2750 25 6.9895e-06
2775 25 -1.45352e-05
2800 25 -3.45029e-05
2825 25 -1.41613e-05
2850 25 1.39304e-05
2875 25 1.62414e-05
2900 25 7.17305e-06
2925 25 1.784e-06
2950 25 2.80458e-07
2975 25 2.9185e-08
0 50 0
25 50 -5.97471e-09
50 50 -1.20295e-08
75 50 -1.82472e-08
100 50 -2.47159e-08
125 50 -3.15324e-08
150 50 -3.88055e-08
175 50 -4.66611e-08
200 50 -5.52471e-08
225 50 -6.47414e-08
250 50 -7.53611e-08
275 50 -8.73757e-08
300 50 -1.01125e-07
325 50 -1.17045e-07
350 50 -1.35702e-07
375 50 -1.57844e-07
400 50 -1.84483e-07
425 50 -2.17007e-07
450 50 -2.57366e-07
475 50 -3.08372e-07
500 50 -3.74203e-07
525 50 -4.61278e-07
550 50 -5.7989e-07
575 50 -7.47427e-07
600 50 -9.95302e-07
625 50 -1.38573e-06
650 50 -2.06046e-06
675 50 -3.45146e-06
700 50 -7.10571e-06
725 50 -1.30557e-05
750 50 -5.67623e-06
775 50 2.99227e-05
800 50 5.49406e-05
825 50 2.52326e-05
850 50 -1.99241e-05
875 50 -2.92068e-05
900 50 -1.53259e-05
925 50 -4.48857e-06
950 50 -8.11728e-07
975 50 -8.06694e-08
1000 50 1.33314e-08
1025 50 2.15803e-08
1050 50 2.2121e-08
1075 50 2.21963e-08
1100 50 2.2271e-08
1125 50 2.23665e-08
1150 50 2.24841e-08
1175 50 2.26241e-08
1200 50 2.27873e-08
1225 50 2.29741e-08
1250 50 2.31855e-08
1275 50 2.34224e-08
1300 50 2.36857e-08
1325 50 2.39766e-08
1350 50 2.42965e-08
1375 50 2.46468e-08
1400 50 2.50291e-08
1425 50 2.54453e-08
1450 50 2.58974e-08
1475 50 2.63877e-08
1500 50 2.69187e-08
1525 50 2.74932e-08
1550 50 2.81144e-08
1575 50 2.87858e-08
1600 50 2.95113e-08
1625 50 3.02952e-08
1650 50 3.11425e-08
1675 50 3.20587e-08
1700 50 3.305e-08
1725 50 3.41233e-08
1750 50 3.52865e-08
1775 50 3.65485e-08
1800 50 3.79193e-08
1825 50 3.94105e-08
1850 50 4.10352e-08
1875 50 4.28083e-08
1900 50 4.47472e-08
1925 50 4.68718e-08
1950 50 4.92051e-08
1975 50 5.17738e-08
2000 50 5.46094e-08
2025 50 5.77485e-08
2050 50 6.12346e-08
2075 50 6.5119e-08
2100 50 6.94631e-08
2125 50 7.43407e-08
2150 50 7.98407e-08
2175 50 8.60716e-08
2200 50 9.31664e-08
2225 50 1.0129e-07
2250 50 1.10648e-07
2275 50 1.21499e-07
2300 50 1.34175e-07
2325 50 1.49104e-07
2350 50 1.66844e-07
2375 50 1.8814e-07
2400 50 2.13995e-07
2425 50 2.45793e-07
2450 50 2.8548e-07
2475 50 3.35866e-07
2500 50 4.01122e-07
2525 50 4.87666e-07
2550 50 6.05788e-07
2575 50 7.72873e-07
2600 50 1.02033e-06
2625 50 1.41038e-06
2650 50 2.08475e-06
2675 50 3.47543e-06
2700 50 7.1294e-06
2725 50 1.30791e-05
2750 50 5.69942e-06
2775 50 -2.98998e-05
2800 50 -5.49178e-05
2825 50 -2.521e-05
2850 50 1.99466e-05
2875 50 2.92292e-05
2900 50 1.53482e-05
2925 50 4.51077e-06
2950 50 8.33788e-07
2975 50 1.01083e-07
0 75 0
25 75 -9.06233e-09
50 75 -1.82472e-08
75 75 -2.76812e-08
100 75 -3.74994e-08
125 75 -4.785e-08
150 75 -5.89003e-08
175 75 -7.08433e-08
200 75 -8.39069e-08
225 75 -9.83653e-08
250 75 -1.14554e-07
275 75 -1.3289e-07
300 75 -1.53902e-07
325 75 -1.78268e-07
350 75 -2.06871e-07
375 75 -2.40887e-07
400 75 -2.81906e-07
425 75 -3.32126e-07
450 75 -3.94653e-07
475 75 -4.74001e-07
500 75 -5.76936e-07
525 75 -7.13985e-07
550 75 -9.02306e-07
575 75 -1.17153e-06
600 75 -1.57701e-06
625 75 -2.23449e-06
650 75 -3.44257e-06
675 75 -6.25708e-06
700 75 -1.2445e-05
725 75 -1.45173e-05
750 75 6.85861e-06
775 75 4.25225e-05
800 75 5.65697e-05
825 75 3.08863e-05
850 75 -1.50899e-05
875 75 -3.5714e-05
900 75 -2.43714e-05
925 75 -8.93175e-06
950 75 -1.98936e-06
975 75 -2.65576e-07
1000 75 3.1415e-09
1025 75 3.11645e-08
1050 75 3.32423e-08
1075 75 3.3427e-08
1100 75 3.35425e-08
1125 75 3.36869e-08
1150 75 3.38643e-08
1175 75 3.40758e-08
1200 75 3.4322e-08
1225 75 3.46042e-08
1250 75 3.49234e-08
1275 75 3.5281e-08
1300 75 3.56786e-08
1325 75 3.61179e-08
1350 75 3.66009e-08
1375 75 3.71299e-08
1400 75 3.77073e-08
1425 75 3.83359e-08
1450 75 3.90188e-08
1475 75 3.97594e-08
1500 75 4.05616e-08
1525 75 4.14296e-08
1550 75 4.23682e-08
1575 75 4.33827e-08
1600 75 4.44791e-08
1625 75 4.56641e-08
1650 75 4.69449e-08
1675 75 4.83301e-08
1700 75 4.9829e-08
1725 75 5.14522e-08
1750 75 5.32116e-08
1775 75 5.51208e-08
1800 75 5.71951e-08
1825 75 5.9452e-08
1850 75 6.19114e-08
1875 75 6.45963e-08
1900 75 6.75328e-08
1925 75 7.07515e-08
1950 75 7.42874e-08
1975 75 7.81814e-08
2000 75 8.24815e-08
2025 75 8.72438e-08
2050 75 9.25346e-08
2075 75 9.84327e-08
2100 75 1.05032e-07
2125 75 1.12446e-07
2150 75 1.20812e-07
2175 75 1.30295e-07
2200 75 1.41102e-07
2225 75 1.53486e-07
2250 75 1.67766e-07
2275 75 1.84343e-07
2300 75 2.03731e-07
2325 75 2.26598e-07
2350 75 2.53816e-07
2375 75 2.86551e-07
2400 75 3.26386e-07
2425 75 3.75509e-07
2450 75 4.37022e-07
2475 75 5.15431e-07
2500 75 6.17497e-07
2525 75 7.53745e-07
2550 75 9.41325e-07
2575 75 1.20987e-06
2600 75 1.61471e-06
2625 75 2.27162e-06
2650 75 3.47917e-06
2675 75 6.2932e-06
2700 75 1.24807e-05
2725 75 1.45526e-05
2750 75 -6.82368e-06
2775 75 -4.24879e-05
2800 75 -5.65354e-05
2825 75 -3.08522e-05
2850 75 1.51238e-05
2875 75 3.57477e-05
2900 75 2.4405e-05
2925 75 8.96516e-06
2950 75 2.02233e-06
2975 75 2.92461e-07
0 100 0
25 100 -1.2274e-08
50 100 -2.47159e-08
75 100 -3.74994e-08
100 100 -5.08099e-08
125 100 -6.4851e-08
150 100 -7.9853e-08
175 100 -9.60823e-08
200 100 -1.13854e-07
225 100 -1.33548e-07
250 100 -1.55632e-07
275 100 -1.80686e-07
300 100 -2.0945e-07
325 100 -2.42877e-07
350 100 -2.82216e-07
375 100 -3.29134e-07
400 100 -3.85903e-07
425 100 -4.55686e-07
450 100 -5.42993e-07
475 100 -6.54452e-07
500 100 -8.00136e-07
525 100 -9.96003e-07
550 100 -1.2687e-06
575 100 -1.66585e-06
600 100 -2.28121e-06
625 100 -3.33173e-06
650 100 -5.50401e-06
675 100 -1.06513e-05
700 100 -1.65938e-05
725 100 -6.27057e-06
750 100 2.52932e-05
775 100 4.67438e-05
800 100 4.51082e-05
825 100 3.05928e-05
850 100 -2.78388e-06
875 100 -3.35867e-05
900 100 -3.25387e-05
925 100 -1.54173e-05
950 100 -4.27782e-06
975 100 -7.26731e-07
1000 100 -4.76637e-08
1025 100 3.69913e-08
1050 100 4.42687e-08
1075 100 4.481e-08
1100 100 4.49791e-08
1125 100 4.51738e-08
1150 100 4.54126e-08
1175 100 4.5697e-08
1200 100 4.60284e-08
1225 100 4.6408e-08
1250 100 4.68375e-08
1275 100 4.73187e-08
1300 100 4.78538e-08
1325 100 4.84451e-08
1350 100 4.90952e-08
1375 100 4.98072e-08
1400 100 5.05845e-08
1425 100 5.14308e-08
1450 100 5.23502e-08
1475 100 5.33475e-08
1500 100 5.44278e-08
1525 100 5.55969e-08
1550 100 5.68613e-08
1575 100 5.82282e-08
1600 100 5.97056e-08
1625 100 6.13025e-08
1650 100 6.3029e-08
1675 100 6.48966e-08
1700 100 6.69178e-08
1725 100 6.91071e-08
1750 100 7.14807e-08
1775 100 7.4057e-08
1800 100 7.68569e-08
1825 100 7.99041e-08
1850 100 8.32259e-08
1875 100 8.68533e-08
1900 100 9.08223e-08
1925 100 9.51743e-08
1950 100 9.99573e-08
1975 100 1.05227e-07
2000 100 1.11049e-07
2025 100 1.17501e-07
2050 100 1.24673e-07
2075 100 1.32674e-07
2100 100 1.41632e-07
2125 100 1.51704e-07
2150 100 1.63079e-07
2175 100 1.75986e-07
2200 100 1.90711e-07
2225 100 2.07605e-07
2250 100 2.27112e-07
2275 100 2.49793e-07
2300 100 2.76368e-07
2325 100 3.07774e-07
2350 100 3.45245e-07
2375 100 3.90436e-07
2400 100 4.45609e-07
2425 100 5.13914e-07
2450 100 5.99855e-07
2475 100 7.10049e-07
2500 100 8.54563e-07
2525 100 1.04935e-06
2550 100 1.32105e-06
2575 100 1.71728e-06
2600 100 2.3318e-06
2625 100 3.38153e-06
2650 100 5.5531e-06
2675 100 1.06997e-05
2700 100 1.66417e-05
2725 100 6.31789e-06
2750 100 -2.52463e-05
2775 100 -4.66974e-05
2800 100 -4.50622e-05
2825 100 -3.05471e-05
2850 100 2.8293e-06
2875 100 3.36319e-05
2900 100 3.25837e-05
2925 100 1.54621e-05
2950 100 4.32108e-06
2975 100 7.49758e-07
0 125 0
25 125 -1.56574e-08
50 125 -3.15324e-08
75 125 -4.785e-08
100 125 -6.4851e-08
125 125 -8.28001e-08
150 125 -1.01997e-07
175 125 -1.22791e-07
200 125 -1.45594e-07
225 125 -1.70907e-07
250 125 -1.99344e-07
275 125 -2.31678e-07
300 125 -2.68893e-07
325 125 -3.12263e-07
350 125 -3.63473e-07
375 125 -4.24786e-07
400 125 -4.99308e-07
425 125 -5.9141e-07
450 125 -7.07402e-07
475 125 -8.56692e-07
500 125 -1.05386e-06
525 125 -1.32257e-06
550 125 -1.70375e-06
575 125 -2.27429e-06
600 125 -3.19926e-06
625 125 -4.94006e-06
650 125 -8.95996e-06
675 125 -1.5826e-05
700 125 -1.37961e-05
725 125 1.16347e-05
750 125 3.92396e-05
775 125 4.10159e-05
800 125 3.00934e-05
825 125 2.59048e-05
850 125 1.03181e-05
875 125 -2.32353e-05
900 125 -3.69497e-05
925 125 -2.33741e-05
950 125 -8.15883e-06
975 125 -1.72402e-06
1000 125 -1.97121e-07
1025 125 3.15806e-08
1050 125 5.46247e-08
1075 125 5.63674e-08
1100 125 5.66379e-08
1125 125 5.68863e-08
1150 125 5.71883e-08
1175 125 5.7548e-08
1200 125 5.79671e-08
1225 125 5.84473e-08
1250 125 5.89905e-08
1275 125 5.95993e-08
1300 125 6.02761e-08
1325 125 6.10242e-08
1350 125 6.18468e-08
1375 125 6.27479e-08
1400 125 6.37316e-08
1425 125 6.48027e-08
1450 125 6.59666e-08
1475 125 6.72292e-08
1500 125 6.85971e-08
1525 125 7.00778e-08
1550 125 7.16793e-08
1575 125 7.3411e-08
1600 125 7.52831e-08
1625 125 7.73071e-08
1650 125 7.9496e-08
1675 125 8.18641e-08
1700 125 8.44278e-08
1725 125 8.72055e-08
1750 125 9.0218e-08
1775 125 9.34888e-08
1800 125 9.70446e-08
1825 125 1.00916e-07
1850 125 1.05138e-07
1875 125 1.09751e-07
1900 125 1.148e-07
1925 125 1.2034e-07
1950 125 1.26431e-07
1975 125 1.33147e-07
2000 125 1.40571e-07
2025 125 1.48804e-07
2050 125 1.57963e-07
2075 125 1.6819e-07
2100 125 1.79651e-07
2125 125 1.92551e-07
2150 125 2.07136e-07
2175 125 2.23707e-07
2200 125 2.42639e-07
2225 125 2.64395e-07
2250 125 2.89562e-07
2275 125 3.18883e-07
2300 125 3.5332e-07
2325 125 3.94128e-07
2350 125 4.42969e-07
2375 125 5.02093e-07
2400 125 5.74591e-07
2425 125 6.64821e-07
2450 125 7.79081e-07
2475 125 9.2677e-07
2500 125 1.12245e-06
2525 125 1.3898e-06
2550 125 1.76972e-06
2575 125 2.33909e-06
2600 125 3.26299e-06
2625 125 5.0028e-06
2650 125 9.02181e-06
2675 125 1.58871e-05
2700 125 1.38564e-05
2725 125 -1.15751e-05
2750 125 -3.91807e-05
2775 125 -4.09575e-05
2800 125 -3.00355e-05
2825 125 -2.58472e-05
2850 125 -1.02609e-05
2875 125 2.32922e-05
2900 125 3.70063e-05
2925 125 2.34303e-05
2950 125 8.21e-06
2975 125 1.71487e-06
0 150 0
25 150 -1.92663e-08
50 150 -3.88055e-08
75 150 -5.89003e-08
100 150 -7.9853e-08
125 150 -1.01997e-07
150 150 -1.25713e-07
175 150 -1.51441e-07
200 150 -1.79706e-07
225 150 -2.11149e-07
250 150 -2.46559e-07
275 150 -2.86933e-07
300 150 -3.33548e-07
325 150 -3.88072e-07
350 150 -4.52724e-07
375 150 -5.30511e-07
400 150 -6.25611e-07
425 150 -7.43972e-07
450 150 -8.94317e-07
475 150 -1.08991e-06
500 150 -1.35184e-06
525 150 -1.71553e-06
550 150 -2.24518e-06
575 150 -3.07117e-06
600 150 -4.52165e-06
625 150 -7.65557e-06
650 150 -1.40435e-05
675 150 -1.72244e-05
700 150 1.78996e-07
725 150 3.07895e-05
750 150 4.15116e-05
775 150 2.94904e-05
800 150 1.81066e-05
825 150 1.95637e-05
850 150 1.87562e-05
875 150 -8.13485e-06
900 150 -3.50781e-05
925 150 -3.11242e-05
950 150 -1.38599e-05
975 150 -3.62065e-06
1000 150 -5.57966e-07
1025 150 -3.36087e-09
1050 150 6.25147e-08
1075 150 6.80344e-08
1100 150 6.85746e-08
1125 150 6.88863e-08
1150 150 6.92542e-08
1175 150 6.96922e-08
1200 150 7.02024e-08
1225 150 7.0787e-08
1250 150 7.14484e-08
1275 150 7.21897e-08
1300 150 7.3014e-08
1325 150 7.39251e-08
1350 150 7.49271e-08
1375 150 7.60248e-08
1400 150 7.72233e-08
1425 150 7.85286e-08
1450 150 7.99471e-08
1475 150 8.14862e-08
1500 150 8.3154e-08
1525 150 8.49596e-08
1550 150 8.69131e-08
1575 150 8.90258e-08
1600 150 9.13103e-08
1625 150 9.37809e-08
1650 150 9.64535e-08
1675 150 9.93459e-08
1700 150 1.02478e-07
1725 150 1.05873e-07
1750 150 1.09556e-07
1775 150 1.13557e-07
1800 150 1.17909e-07
1825 150 1.22648e-07
1850 150 1.2782e-07
1875 150 1.33473e-07
1900 150 1.39665e-07
1925 150 1.46463e-07
1950 150 1.53943e-07
1975 150 1.62196e-07
2000 150 1.71327e-07
2025 150 1.81462e-07
2050 150 1.92748e-07
2075 150 2.05363e-07
2100 150 2.19518e-07
2125 150 2.35471e-07
2150 150 2.53533e-07
2175 150 2.74089e-07
2200 150 2.97615e-07
2225 150 3.24706e-07
2250 150 3.56115e-07
2275 150 3.92806e-07
2300 150 4.36026e-07
2325 150 4.87418e-07
2350 150 5.49177e-07
2375 150 6.24292e-07
2400 150 7.16922e-07
2425 150 8.32997e-07
2450 150 9.8123e-07
2475 150 1.17487e-06
2500 150 1.435e-06
2525 150 1.79701e-06
2550 150 2.32512e-06
2575 150 3.1497e-06
2600 150 4.59887e-06
2625 150 7.73159e-06
2650 150 1.41184e-05
2675 150 1.72983e-05
2700 150 -1.05982e-07
2725 150 -3.07173e-05
2750 150 -4.14402e-05
2775 150 -2.94196e-05
2800 150 -1.80364e-05
2825 150 -1.9494e-05
2850 150 -1.86869e-05
2875 150 8.20374e-06
2900 150 3.51467e-05
2925 150 3.11915e-05
2950 150 1.39118e-05
2975 150 3.51064e-06
0 175 0
25 175 -2.31627e-08
50 175 -4.66611e-08
75 175 -7.08433e-08
100 175 -9.60823e-08
125 175 -1.22791e-07
150 175 -1.51441e-07
175 175 -1.82581e-07
200 175 -2.1687e-07
225 175 -2.55112e-07
250 175 -2.98308e-07
275 175 -3.47728e-07
300 175 -4.05012e-07
325 175 -4.72318e-07
350 175 -5.52545e-07
375 175 -6.4967e-07
400 175 -7.69286e-07
425 175 -9.1949e-07
450 175 -1.1124e-06
475 175 -1.36691e-06
500 175 -1.71406e-06
525 175 -2.20849e-06
550 175 -2.95643e-06
575 175 -4.20454e-06
600 175 -6.71061e-06
625 175 -1.21711e-05
650 175 -1.79573e-05
675 175 -8.36114e-06
700 175 2.10154e-05
725 175 4.0445e-05
750 175 3.33257e-05
775 175 1.80749e-05
800 175 1.08687e-05
825 175 1.39322e-05
850 175 2.09251e-05
875 175 6.61398e-06
900 175 -2.63629e-05
925 175 -3.62095e-05
950 175 -2.10199e-05
975 175 -6.80627e-06
1000 175 -1.31855e-06
1025 175 -1.07198e-07
1050 175 6.31586e-08
1075 175 7.94887e-08
1100 175 8.08337e-08
1125 175 8.12393e-08
1150 175 8.16773e-08
1175 175 8.21971e-08
1200 175 8.28026e-08
1225 175 8.34964e-08
1250 175 8.42816e-08
1275 175 8.51616e-08
1300 175 8.61403e-08
1325 175 8.72222e-08
1350 175 8.84123e-08
1375 175 8.97161e-08
1400 175 9.11399e-08
1425 175 9.26909e-08
1450 175 9.43767e-08
1475 175 9.62062e-08
1500 175 9.81892e-08
1525 175 1.00336e-07
1550 175 1.0266e-07
1575 175 1.05174e-07
1600 175 1.07893e-07
1625 175 1.10835e-07
1650 175 1.14018e-07
1675 175 1.17464e-07
1700 175 1.21198e-07
1725 175 1.25246e-07
1750 175 1.2964e-07
1775 175 1.34416e-07
1800 175 1.39612e-07
1825 175 1.45276e-07
1850 175 1.5146e-07
1875 175 1.58223e-07
1900 175 1.65637e-07
1925 175 1.73782e-07
1950 175 1.82753e-07
1975 175 1.92659e-07
2000 175 2.03631e-07
2025 175 2.15822e-07
2050 175 2.29414e-07
2075 175 2.44625e-07
2100 175 2.61719e-07
2125 175 2.81015e-07
2150 175 3.029e-07
2175 175 3.27857e-07
2200 175 3.56482e-07
2225 175 3.89528e-07
2250 175 4.27948e-07
2275 175 4.72974e-07
2300 175 5.2621e-07
2325 175 5.89782e-07
2350 175 6.66563e-07
2375 175 7.60504e-07
2400 175 8.77179e-07
2425 175 1.02466e-06
2450 175 1.21506e-06
2475 175 1.46724e-06
2500 175 1.81225e-06
2525 175 2.30469e-06
2550 175 3.05081e-06
2575 175 4.29723e-06
2600 175 6.80175e-06
2625 175 1.22608e-05
2650 175 1.80457e-05
2675 175 8.44836e-06
2700 175 -2.09292e-05
2725 175 -4.03598e-05
2750 175 -3.32414e-05
2775 175 -1.79914e-05
2800 175 -1.07859e-05
2825 175 -1.385e-05
2850 175 -2.08434e-05
2875 175 -6.53275e-06
2900 175 2.64436e-05
2925 175 3.62867e-05
2950 175 2.10536e-05
2975 175 6.4475e-06
0 200 0
25 200 -2.74194e-08
50 200 -5.52471e-08
75 200 -8.39069e-08
100 200 -1.13854e-07
125 200 -1.45594e-07
150 200 -1.79706e-07
175 200 -2.1687e-07
200 200 -2.57903e-07
225 200 -3.0381e-07
250 200 -3.55852e-07
275 200 -4.15639e-07
300 200 -4.85271e-07
325 200 -5.67539e-07
350 200 -6.66234e-07
375 200 -7.86632e-07
400 200 -9.36277e-07
425 200 -1.12631e-06
450 200 -1.37383e-06
475 200 -1.70641e-06
500 200 -2.17138e-06
525 200 -2.85771e-06
550 200 -3.95963e-06
575 200 -6.03275e-06
600 200 -1.05722e-05
625 200 -1.7232e-05
650 200 -1.39084e-05
675 200 1.12202e-05
700 200 3.6907e-05
725 200 3.69809e-05
750 200 2.1447e-05
775 200 1.01722e-05
800 200 7.21192e-06
825 200 1.00308e-05
850 200 1.85803e-05
875 200 1.68015e-05
900 200 -1.28645e-05
925 200 -3.63278e-05
950 200 -2.84773e-05
975 200 -1.15273e-05
1000 200 -2.74459e-06
1025 200 -3.54461e-07
1050 200 4.53453e-08
1075 200 8.97286e-08
1100 200 9.34174e-08
1125 200 9.40137e-08
1150 200 9.45294e-08
1175 200 9.51355e-08
1200 200 9.58414e-08
1225 200 9.66505e-08
1250 200 9.75661e-08
1275 200 9.85924e-08
1300 200 9.9734e-08
1325 200 1.00996e-07
1350 200 1.02385e-07
1375 200 1.03906e-07
1400 200 1.05568e-07
1425 200 1.07379e-07
1450 200 1.09347e-07
1475 200 1.11484e-07
1500 200 1.13801e-07
1525 200 1.1631e-07
1550 200 1.19027e-07
1575 200 1.21967e-07
1600 200 1.25148e-07
1625 200 1.2859e-07
1650 200 1.32317e-07
1675 200 1.36353e-07
1700 200 1.40728e-07
1725 200 1.45474e-07
1750 200 1.50629e-07
1775 200 1.56234e-07
1800 200 1.62337e-07
1825 200 1.68993e-07
1850 200 1.76265e-07
1875 200 1.84227e-07
1900 200 1.9296e-07
1925 200 2.02564e-07
1950 200 2.13152e-07
1975 200 2.24857e-07
2000 200 2.37836e-07
2025 200 2.52276e-07
2050 200 2.68399e-07
2075 200 2.86471e-07
2100 200 3.06814e-07
2125 200 3.29821e-07
2150 200 3.55972e-07
2175 200 3.85863e-07
2200 200 4.20239e-07
2225 200 4.60044e-07
2250 200 5.06481e-07
2275 200 5.61113e-07
2300 200 6.25999e-07
2325 200 7.03892e-07
2350 200 7.98551e-07
2375 200 9.15222e-07
2400 200 1.06142e-06
2425 200 1.24828e-06
2450 200 1.49286e-06
2475 200 1.82272e-06
2500 200 2.28518e-06
2525 200 2.96919e-06
2550 200 4.06898e-06
2575 200 6.14013e-06
2600 200 1.06778e-05
2625 200 1.73359e-05
2650 200 1.40107e-05
2675 200 -1.11193e-05
2700 200 -3.68072e-05
2725 200 -3.68823e-05
2750 200 -2.13495e-05
2775 200 -1.00755e-05
2800 200 -7.11608e-06
2825 200 -9.93563e-06
2850 200 -1.84857e-05
2875 200 -1.67075e-05
2900 200 1.29574e-05
2925 200 3.64106e-05
2950 200 2.84482e-05
2975 200 1.06364e-05
0 225 0
25 225 -3.21239e-08
50 225 -6.47414e-08
75 225 -9.83653e-08
100 225 -1.33548e-07
125 225 -1.70907e-07
150 225 -2.11149e-07
175 225 -2.55112e-07
200 225 -3.0381e-07
225 225 -3.58498e-07
250 225 -4.20763e-07
275 225 -4.92652e-07
300 225 -5.76863e-07
325 225 -6.77023e-07
350 225 -7.98135e-07
375 225 -9.47275e-07
400 225 -1.13477e-06
425 225 -1.37627e-06
450 225 -1.69658e-06
475 225 -2.13746e-06
500 225 -2.77521e-06
525 225 -3.76881e-06
550 225 -5.54164e-06
575 225 -9.32261e-06
600 225 -1.59167e-05
625 225 -1.69679e-05
650 225 2.54912e-06
675 225 3.13693e-05
700 225 3.92258e-05
725 225 2.57367e-05
750 225 1.17645e-05
775 225 5.95551e-06
800 225 5.4807e-06
825 225 7.70138e-06
850 225 1.45775e-05
875 225 2.08996e-05
900 225 1.57523e-06
925 225 -3.04671e-05
950 225 -3.44002e-05
975 225 -1.76616e-05
1000 225 -5.13942e-06
1025 225 -8.68793e-07
1050 225 -1.43117e-08
1075 225 9.61663e-08
1100 225 1.06204e-07
1125 225 1.07277e-07
1150 225 1.07889e-07
1175 225 1.08587e-07
1200 225 1.09399e-07
1225 225 1.10331e-07
1250 225 1.11385e-07
1275 225 1.12567e-07
1300 225 1.13881e-07
1325 225 1.15335e-07
1350 225 1.16934e-07
1375 225 1.18688e-07
1400 225 1.20603e-07
1425 225 1.2269e-07
1450 225 1.2496e-07
1475 225 1.27425e-07
1500 225 1.30098e-07
1525 225 1.32994e-07
1550 225 1.36131e-07
1575 225 1.39526e-07
1600 225 1.43201e-07
1625 225 1.47181e-07
1650 225 1.51491e-07
1675 225 1.56161e-07
1700 225 1.61226e-07
1725 225 1.66725e-07
1750 225 1.72699e-07
1775 225 1.79201e-07
1800 225 1.86285e-07
1825 225 1.94018e-07
1850 225 2.02473e-07
1875 225 2.11738e-07
1900 225 2.21912e-07
1925 225 2.33111e-07
1950 225 2.45473e-07
1975 225 2.59156e-07
2000 225 2.7435e-07
2025 225 2.9128e-07
2050 225 3.10214e-07
2075 225 3.31477e-07
2100 225 3.5546e-07
2125 225 3.82645e-07
2150 225 4.13622e-07
2175 225 4.4913e-07
2200 225 4.90095e-07
2225 225 5.37699e-07
2250 225 5.93462e-07
2275 225 6.59377e-07
2300 225 7.38089e-07
2325 225 8.33185e-07
2350 225 9.49626e-07
2375 225 1.09446e-06
2400 225 1.27797e-06
2425 225 1.5158e-06
2450 225 1.83271e-06
2475 225 2.27046e-06
2500 225 2.90531e-06
2525 225 3.89623e-06
2550 225 5.6666e-06
2575 225 9.4453e-06
2600 225 1.60373e-05
2625 225 1.70866e-05
2650 225 -2.43218e-06
2675 225 -3.1254e-05
2700 225 -3.9112e-05
2725 225 -2.56241e-05
2750 225 -1.16531e-05
2775 225 -5.84518e-06
2800 225 -5.3713e-06
2825 225 -7.59279e-06
2850 225 -1.44697e-05
2875 225 -2.07924e-05
2900 225 -1.4704e-06
2925 225 3.05448e-05
2950 225 3.42151e-05
2975 225 1.57556e-05
0 250 0
25 250 -3.73829e-08
50 250 -7.53611e-08
75 250 -1.14554e-07
100 250 -1.55632e-07
125 250 -1.99344e-07
150 250 -2.46559e-07
175 250 -2.98308e-07
200 250 -3.55852e-07
225 250 -4.20763e-07
250 250 -4.9505e-07
275 250 -5.81333e-07
300 250 -6.83108e-07
325 250 -8.05146e-07
350 250 -9.5414e-07
375 250 -1.13976e-06
400 250 -1.37647e-06
425 250 -1.68692e-06
450 250 -2.10856e-06
475 250 -2.70829e-06
500 250 -3.62051e-06
525 250 -5.18156e-06
550 250 -8.38542e-06
575 250 -1.45114e-05
600 250 -1.827e-05
625 250 -4.39225e-06
650 250 2.47552e-05
675 250 3.96701e-05
700 250 3.00013e-05
725 250 1.44457e-05
750 250 6.14768e-06
775 250 4.09161e-06
800 250 4.59384e-06
825 250 6.34321e-06
850 250 1.09711e-05
875 250 2.00492e-05
900 250 1.315e-05
925 250 -1.95623e-05
950 250 -3.68305e-05
975 250 -2.45424e-05
1000 250 -8.74892e-06
1025 250 -1.82803e-06
1050 250 -1.59321e-07
1075 250 9.29156e-08
1100 250 1.18755e-07
1125 250 1.21083e-07
1150 250 1.2184e-07
1175 250 1.22639e-07
1200 250 1.23565e-07
1225 250 1.24627e-07
1250 250 1.25829e-07
1275 250 1.27177e-07
1300 250 1.28677e-07
1325 250 1.30336e-07
1350 250 1.32161e-07
1375 250 1.34163e-07
1400 250 1.3635e-07
1425 250 1.38734e-07
1450 250 1.41327e-07
1475 250 1.44144e-07
1500 250 1.472e-07
1525 250 1.50513e-07
1550 250 1.54101e-07
1575 250 1.57988e-07
1600 250 1.62197e-07
1625 250 1.66757e-07
1650 250 1.71698e-07
1675 250 1.77056e-07
1700 250 1.8287e-07
1725 250 1.89185e-07
1750 250 1.96053e-07
1775 250 2.03531e-07
1800 250 2.11688e-07
1825 250 2.20598e-07
1850 250 2.30352e-07
1875 250 2.41049e-07
1900 250 2.52811e-07
1925 250 2.65774e-07
1950 250 2.80101e-07
1975 250 2.95984e-07
2000 250 3.13649e-07
2025 250 3.33367e-07
2050 250 3.55462e-07
2075 250 3.80328e-07
2100 250 4.08442e-07
2125 250 4.40393e-07
2150 250 4.7691e-07
2175 250 5.18906e-07
2200 250 5.67539e-07
2225 250 6.24294e-07
2250 250 6.91102e-07
2275 250 7.70518e-07
2300 250 8.65977e-07
2325 250 9.82202e-07
2350 250 1.12584e-06
2375 250 1.30651e-06
2400 250 1.53867e-06
2425 250 1.8449e-06
2450 250 2.26266e-06
2475 250 2.8588e-06
2500 250 3.76771e-06
2525 250 5.3257e-06
2550 250 8.52675e-06
2575 250 1.46502e-05
2600 250 1.84063e-05
2625 250 4.52641e-06
2650 250 -2.4623e-05
2675 250 -3.95397e-05
2700 250 -2.98726e-05
2725 250 -1.43185e-05
2750 250 -6.02185e-06
2775 250 -3.96698e-06
2800 250 -4.47027e-06
2825 250 -6.22057e-06
2850 250 -1.08492e-05
2875 250 -1.99283e-05
2900 250 -1.30351e-05
2925 250 1.96102e-05
2950 250 3.63133e-05
2975 250 2.08916e-05
0 275 0
25 275 -4.33286e-08
50 275 -8.73757e-08
75 275 -1.3289e-07
100 275 -1.80686e-07
125 275 -2.31678e-07
150 275 -2.86933e-07
175 275 -3.47728e-07
200 275 -4.15639e-07
225 275 -4.92652e-07
250 275 -5.81333e-07
275 275 -6.85073e-07
300 275 -8.08465e-07
325 275 -9.57892e-07
350 275 -1.14249e-06
375 275 -1.37581e-06
400 275 -1.67879e-06
425 275 -2.08559e-06
450 275 -2.65606e-06
475 275 -3.50706e-06
500 275 -4.9166e-06
525 275 -7.69701e-06
550 275 -1.32531e-05
575 275 -1.84983e-05
600 275 -9.50633e-06
625 275 1.79906e-05
650 275 3.84425e-05
675 275 3.36555e-05
700 275 1.7695e-05
725 275 7.13435e-06
750 275 3.63286e-06
775 275 3.32446e-06
800 275 4.05225e-06
825 275 5.46596e-06
850 275 8.47736e-06
875 275 1.66668e-05
900 275 1.97057e-05
925 275 -6.21998e-06
950 275 -3.44521e-05
975 275 -3.09604e-05
1000 275 -1.36247e-05
1025 275 -3.44876e-06
1050 275 -4.61801e-07
1075 275 6.79826e-08
1100 275 1.29926e-07
1125 275 1.35443e-07
1150 275 1.36476e-07
1175 275 1.37387e-07
1200 275 1.38437e-07
1225 275 1.39639e-07
1250 275 1.41001e-07
1275 275 1.42528e-07
1300 275 1.44227e-07
1325 275 1.46107e-07
1350 275 1.48176e-07
1375 275 1.50445e-07
1400 275 1.52926e-07
1425 275 1.5563e-07
1450 275 1.58574e-07
1475 275 1.61772e-07
1500 275 1.65243e-07
1525 275 1.69007e-07
1550 275 1.73086e-07
1575 275 1.77507e-07
1600 275 1.82297e-07
1625 275 1.87489e-07
1650 275 1.93118e-07
1675 275 1.99226e-07
1700 275 2.05859e-07
1725 275 2.1307e-07
1750 275 2.20918e-07
1775 275 2.29471e-07
1800 275 2.38809e-07
1825 275 2.49021e-07
1850 275 2.60211e-07
1875 275 2.725e-07
1900 275 2.86028e-07
1925 275 3.0096e-07
1950 275 3.17489e-07
1975 275 3.35844e-07
2000 275 3.56296e-07
2025 275 3.79172e-07
2050 275 4.04865e-07
2075 275 4.3385e-07
2100 275 4.66714e-07
2125 275 5.04178e-07
2150 275 5.47143e-07
2175 275 5.96749e-07
2200 275 6.54448e-07
2225 275 7.22124e-07
2250 275 8.02251e-07
2275 275 8.98143e-07
2300 275 1.01432e-06
2325 275 1.15712e-06
2350 275 1.33561e-06
2375 275 1.5633e-06
2400 275 1.86109e-06
2425 275 2.26309e-06
2450 275 2.82914e-06
2475 275 3.67607e-06
2500 275 5.08184e-06
2525 275 7.85878e-06
2550 275 1.34116e-05
2575 275 1.8654e-05
2600 275 9.65925e-06
2625 275 -1.78402e-05
2650 275 -3.82943e-05
2675 275 -3.35094e-05
2700 275 -1.75507e-05
2725 275 -6.99182e-06
2750 275 -3.49186e-06
2775 275 -3.18483e-06
2800 275 -3.91381e-06
2825 275 -5.32857e-06
2850 275 -8.34091e-06
2875 275 -1.6532e-05
2900 275 -1.95856e-05
2925 275 6.18711e-06
2950 275 3.33022e-05
2975 275 2.45951e-05
0 300 0
25 300 -5.01276e-08
50 300 -1.01125e-07
75 300 -1.53902e-07
100 300 -2.0945e-07
125 300 -2.68893e-07
150 300 -3.33548e-07
175 300 -4.05012e-07
200 300 -4.85271e-07
225 300 -5.76863e-07
250 300 -6.83108e-07
275 300 -8.08465e-07
300 300 -9.59084e-07
325 300 -1.14369e-06
350 300 -1.37512e-06
375 300 -1.67301e-06
400 300 -2.06899e-06
425 300 -2.61768e-06
450 300 -3.42328e-06
475 300 -4.72404e-06
500 300 -7.19982e-06
525 300 -1.22258e-05
550 300 -1.81716e-05
575 300 -1.30176e-05
600 300 1.17692e-05
625 300 3.59819e-05
650 300 3.63825e-05
675 300 2.11215e-05
700 300 8.64655e-06
725 300 3.67113e-06
750 300 2.69541e-06
775 300 2.96562e-06
800 300 3.6657e-06
825 300 4.82491e-06
850 300 6.94024e-06
875 300 1.29158e-05
900 300 2.12533e-05
925 300 6.35965e-06
950 300 -2.72019e-05
975 300 -3.54169e-05
1000 300 -1.94929e-05
1025 300 -5.94156e-06
1050 300 -1.02775e-06
1075 300 -6.61999e-10
1100 300 1.37133e-07
1125 300 1.50251e-07
1150 300 1.51892e-07
1175 300 1.52942e-07
1200 300 1.54125e-07
1225 300 1.55479e-07
1250 300 1.57014e-07
1275 300 1.58734e-07
1300 300 1.6065e-07
1325 300 1.6277e-07
1350 300 1.65104e-07
1375 300 1.67664e-07
1400 300 1.70463e-07
1425 300 1.73517e-07
1450 300 1.76842e-07
1475 300 1.80455e-07
1500 300 1.84379e-07
1525 300 1.88636e-07
1550 300 1.93252e-07
1575 300 1.98257e-07
1600 300 2.03684e-07
1625 300 2.09569e-07
1650 300 2.15955e-07
1675 300 2.2289e-07
1700 300 2.30427e-07
1725 300 2.38626e-07
1750 300 2.4756e-07
1775 300 2.57306e-07
1800 300 2.67957e-07
1825 300 2.79619e-07
1850 300 2.92415e-07
1875 300 3.06486e-07
1900 300 3.22001e-07
1925 300 3.39153e-07
1950 300 3.58173e-07
1975 300 3.79336e-07
2000 300 4.02969e-07
2025 300 4.29464e-07
2050 300 4.59299e-07
2075 300 4.93055e-07
2100 300 5.31451e-07
2125 300 5.75379e-07
2150 300 6.25963e-07
2175 300 6.84631e-07
2200 300 7.53228e-07
2225 300 8.34168e-07
2250 300 9.30667e-07
2275 300 1.04709e-06
2300 300 1.18951e-06
2325 300 1.36658e-06
2350 300 1.59108e-06
2375 300 1.88258e-06
2400 300 2.27268e-06
2425 300 2.81594e-06
2450 300 3.61654e-06
2475 300 4.91268e-06
2500 300 7.3842e-06
2525 300 1.24063e-05
2550 300 1.83484e-05
2575 300 1.31911e-05
2600 300 -1.15988e-05
2625 300 -3.58143e-05
2650 300 -3.62174e-05
2675 300 -2.09587e-05
2700 300 -8.4859e-06
2725 300 -3.51239e-06
2750 300 -2.53839e-06
2775 300 -2.81014e-06
2800 300 -3.51158e-06
2825 300 -4.67197e-06
2850 300 -6.78844e-06
2875 300 -1.27673e-05
2900 300 -2.11394e-05
2925 300 -6.56887e-06
2950 300 2.49574e-05
2975 300 2.52241e-05
0 325 0
25 325 -5.79927e-08
50 325 -1.17045e-07
75 325 -1.78268e-07
100 325 -2.42877e-07
125 325 -3.12263e-07
150 325 -3.88072e-07
175 325 -4.72318e-07
200 325 -5.67539e-07
225 325 -6.77023e-07
250 325 -8.05146e-07
275 325 -9.57892e-07
300 325 -1.14369e-06
325 325 -1.37485e-06
350 325 -1.67002e-06
375 325 -2.05898e-06
400 325 -2.59248e-06
425 325 -3.36566e-06
450 325 -4.58953e-06
475 325 -6.85053e-06
500 325 -1.14403e-05
525 325 -1.76326e-05
550 325 -1.52826e-05
575 325 6.48994e-06
600 325 3.28438e-05
625 325 3.81088e-05
650 325 2.44077e-05
675 325 1.04889e-05
700 325 4.03948e-06
725 325 2.39174e-06
750 325 2.35577e-06
775 325 2.74467e-06
800 325 3.36494e-06
825 325 4.32868e-06
850 325 5.96971e-06
875 325 9.94592e-06
900 325 1.93398e-05
925 325 1.56438e-05
950 325 -1.63868e-05
975 325 -3.65715e-05
1000 325 -2.56981e-05
1025 325 -9.4388e-06
1050 325 -1.99377e-06
1075 325 -1.49563e-07
1100 325 1.35191e-07
1125 325 1.65143e-07
1150 325 1.6818e-07
1175 325 1.69424e-07
1200 325 1.70754e-07
1225 325 1.72275e-07
1250 325 1.73997e-07
1275 325 1.7593e-07
1300 325 1.78081e-07
1325 325 1.80463e-07
1350 325 1.83086e-07
1375 325 1.85965e-07
1400 325 1.89114e-07
1425 325 1.9255e-07
1450 325 1.96292e-07
1475 325 2.00362e-07
1500 325 2.04783e-07
1525 325 2.09582e-07
1550 325 2.1479e-07
1575 325 2.2044e-07
1600 325 2.2657e-07
1625 325 2.33223e-07
1650 325 2.40447e-07
1675 325 2.48299e-07
1700 325 2.5684e-07
1725 325 2.66142e-07
1750 325 2.76287e-07
1775 325 2.87368e-07
1800 325 2.99493e-07
1825 325 3.12786e-07
1850 325 3.27393e-07
1875 325 3.43482e-07
1900 325 3.6125e-07
1925 325 3.80932e-07
1950 325 4.02802e-07
1975 325 4.2719e-07
2000 325 4.54491e-07
2025 325 4.85182e-07
2050 325 5.19847e-07
2075 325 5.59199e-07
2100 325 6.04127e-07
2125 325 6.55745e-07
2150 325 7.15465e-07
2175 325 7.85104e-07
2200 325 8.67032e-07
2225 325 9.64391e-07
2250 325 1.08143e-06
2275 325 1.22403e-06
2300 325 1.40053e-06
2325 325 1.62315e-06
2350 325 1.91047e-06
2375 325 2.2922e-06
2400 325 2.81905e-06
2425 325 3.5861e-06
2450 325 4.80432e-06
2475 325 7.06012e-06
2500 325 1.16451e-05
2525 325 1.7833e-05
2550 325 1.54789e-05
2575 325 -6.29739e-06
2600 325 -3.26547e-05
2625 325 -3.79229e-05
2650 325 -2.42246e-05
2675 325 -1.03085e-05
2700 325 -3.8614e-06
2725 325 -2.21581e-06
2750 325 -2.18177e-06
2775 325 -2.5724e-06
2800 325 -3.19419e-06
2825 325 -4.15927e-06
2850 325 -5.8018e-06
2875 325 -9.7852e-06
2900 325 -1.92557e-05
2925 325 -1.61926e-05
2950 325 1.24084e-05
2975 325 2.14951e-05
0 350 0
25 350 -6.72005e-08
50 350 -1.35702e-07
75 350 -2.06871e-07
100 350 -2.82216e-07
125 350 -3.63473e-07
150 350 -4.52724e-07
175 350 -5.52545e-07
200 350 -6.66234e-07
225 350 -7.98135e-07
250 350 -9.5414e-07
275 350 -1.14249e-06
300 350 -1.37512e-06
325 350 -1.67002e-06
350 350 -2.05564e-06
375 350 -2.57999e-06
400 350 -3.33193e-06
425 350 -4.50414e-06
450 350 -6.61941e-06
475 350 -1.08793e-05
500 350 -1.70861e-05
525 350 -1.66603e-05
550 350 2.30259e-06
575 350 2.95546e-05
600 350 3.89505e-05
625 350 2.73227e-05
650 350 1.2479e-05
675 350 4.63696e-06
700 350 2.28862e-06
725 350 1.98718e-06
750 350 2.19937e-06
775 350 2.57802e-06
800 350 3.12212e-06
825 350 3.93865e-06
850 350 5.28386e-06
875 350 7.97397e-06
900 350 1.59324e-05
925 350 2.05475e-05
950 350 -4.22998e-06
975 350 -3.37095e-05
1000 350 -3.12751e-05
1025 350 -1.39129e-05
1050 350 -3.51035e-06
1075 350 -4.33432e-07
1100 350 1.14659e-07
1125 350 1.79244e-07
1150 350 1.85407e-07
1175 350 1.86969e-07
1200 350 1.88466e-07
1225 350 1.90169e-07
1250 350 1.92099e-07
1275 350 1.94264e-07
1300 350 1.96675e-07
1325 350 1.99345e-07
1350 350 2.02287e-07
1375 350 2.05516e-07
1400 350 2.0905e-07
1425 350 2.12908e-07
1450 350 2.17112e-07
1475 350 2.21686e-07
1500 350 2.26658e-07
1525 350 2.32058e-07
1550 350 2.37922e-07
1575 350 2.44288e-07
1600 350 2.51201e-07
1625 350 2.58709e-07
1650 350 2.6687e-07
1675 350 2.75748e-07
1700 350 2.85416e-07
1725 350 2.95956e-07
1750 350 3.07465e-07
1775 350 3.20053e-07
1800 350 3.33845e-07
1825 350 3.48991e-07
1850 350 3.6566e-07
1875 350 3.84053e-07
1900 350 4.04406e-07
1925 350 4.26999e-07
1950 350 4.52163e-07
1975 350 4.80297e-07
2000 350 5.1188e-07
2025 350 5.47497e-07
2050 350 5.87865e-07
2075 350 6.3387e-07
2100 350 6.86622e-07
2125 350 7.47526e-07
2150 350 8.18383e-07
2175 350 9.01536e-07
2200 350 1.00008e-06
2225 350 1.11819e-06
2250 350 1.26161e-06
2275 350 1.43845e-06
2300 350 1.66054e-06
2325 350 1.94577e-06
2350 350 2.32251e-06
2375 350 2.8387e-06
2400 350 3.58313e-06
2425 350 4.74843e-06
2450 350 6.85733e-06
2475 350 1.11113e-05
2500 350 1.73128e-05
2525 350 1.6882e-05
2550 350 -2.08548e-06
2575 350 -2.93417e-05
2600 350 -3.87414e-05
2625 350 -2.71172e-05
2650 350 -1.22767e-05
2675 350 -4.43762e-06
2700 350 -2.09195e-06
2725 350 -1.79291e-06
2750 350 -2.00727e-06
2775 350 -2.38785e-06
2800 350 -2.93366e-06
2825 350 -3.75171e-06
2850 350 -5.09915e-06
2875 350 -7.80493e-06
2900 350 -1.59222e-05
2925 350 -2.1691e-05
2950 350 -2.27336e-06
2975 350 1.30249e-05
0 375 0
25 375 -7.8116e-08
50 375 -1.57844e-07
75 375 -2.40887e-07
100 375 -3.29134e-07
125 375 -4.24786e-07
150 375 -5.30511e-07
175 375 -6.4967e-07
200 375 -7.86632e-07
225 375 -9.47275e-07
250 375 -1.13976e-06
275 375 -1.37581e-06
300 375 -1.67301e-06
325 375 -2.05898e-06
350 375 -2.57999e-06
375 375 -3.32082e-06
400 375 -4.46265e-06
425 375 -6.48759e-06
450 375 -1.05203e-05
475 375 -1.66439e-05
500 375 -1.7448e-05
525 375 -8.03927e-07
550 375 2.65337e-05
575 375 3.91369e-05
600 375 2.97327e-05
625 375 1.44447e-05
650 375 5.37566e-06
675 375 2.32038e-06
700 375 1.76042e-06
725 375 1.8497e-06
750 375 2.09706e-06
775 375 2.44243e-06
800 375 2.92327e-06
825 375 3.6282e-06
850 375 4.75337e-06
875 375 6.74717e-06
900 375 1.25393e-05
925 375 2.1452e-05
950 375 6.9166e-06
975 375 -2.70181e-05
1000 375 -3.51541e-05
1025 375 -1.91151e-05
1050 375 -5.71046e-06
1075 375 -9.25866e-07
1100 375 5.98771e-08
1125 375 1.90763e-07
1150 375 2.03577e-07
1175 375 2.05732e-07
1200 375 2.07425e-07
1225 375 2.0933e-07
1250 375 2.11488e-07
1275 375 2.1391e-07
1300 375 2.16609e-07
1325 375 2.19598e-07
1350 375 2.22893e-07
1375 375 2.26511e-07
1400 375 2.30472e-07
1425 375 2.34799e-07
1450 375 2.39516e-07
1475 375 2.44652e-07
1500 375 2.50238e-07
1525 375 2.56309e-07
1550 375 2.62907e-07
1575 375 2.70075e-07
1600 375 2.77865e-07
1625 375 2.86335e-07
1650 375 2.9555e-07
1675 375 3.05586e-07
1700 375 3.16526e-07
1725 375 3.2847e-07
1750 375 3.41529e-07
1775 375 3.55832e-07
1800 375 3.7153e-07
1825 375 3.88797e-07
1850 375 4.07837e-07
1875 375 4.2889e-07
1900 375 4.52238e-07
1925 375 4.78218e-07
1950 375 5.07233e-07
1975 375 5.39768e-07
2000 375 5.76411e-07
2025 375 6.17884e-07
2050 375 6.65078e-07
2075 375 7.19105e-07
2100 375 7.81372e-07
2125 375 8.53676e-07
2150 375 9.38349e-07
2175 375 1.03847e-06
2200 375 1.15816e-06
2225 375 1.30311e-06
2250 375 1.48128e-06
2275 375 1.70428e-06
2300 375 1.98954e-06
2325 375 2.36457e-06
2350 375 2.87554e-06
2375 375 3.60716e-06
2400 375 4.74051e-06
2425 375 6.75767e-06
2450 375 1.07832e-05
2475 375 1.69003e-05
2500 375 1.76983e-05
2525 375 1.04858e-06
2550 375 -2.62942e-05
2575 375 -3.89021e-05
2600 375 -2.95022e-05
2625 375 -1.42182e-05
2650 375 -5.15277e-06
2675 375 -2.10079e-06
2700 375 -1.54381e-06
2725 375 -1.63579e-06
2750 375 -1.88557e-06
2775 375 -2.2331e-06
2800 375 -2.71585e-06
2825 375 -3.42255e-06
2850 375 -4.55146e-06
2875 375 -6.57833e-06
2900 375 -1.26783e-05
2925 375 -2.35552e-05
2950 375 -1.68071e-05
2975 375 6.11434e-07
0 400 0
25 400 -9.12299e-08
50 400 -1.84483e-07
75 400 -2.81906e-07
100 400 -3.85903e-07
125 400 -4.99308e-07
150 400 -6.25611e-07
175 400 -7.69286e-07
200 400 -9.36277e-07
225 400 -1.13477e-06
250 400 -1.37647e-06
275 400 -1.67879e-06
300 400 -2.06899e-06
325 400 -2.59248e-06
350 400 -3.33193e-06
375 400 -4.46265e-06
400 400 -6.44475e-06
425 400 -1.03456e-05
450 400 -1.63623e-05
475 400 -1.7861e-05
500 400 -2.91663e-06
525 400 2.40733e-05
550 400 3.8936e-05
575 400 3.15916e-05
600 400 1.62359e-05
625 400 6.16766e-06
650 400 2.44086e-06
675 400 1.62507e-06
700 400 1.61534e-06
725 400 1.78134e-06
750 400 2.01691e-06
775 400 2.33016e-06
800 400 2.75941e-06
825 400 3.37706e-06
850 400 4.33142e-06
875 400 5.94592e-06
900 400 9.89505e-06
925 400 1.96443e-05
950 400 1.53099e-05
975 400 -1.7548e-05
1000 400 -3.64374e-05
1025 400 -2.45674e-05
1050 400 -8.66814e-06
1075 400 -1.71495e-06
1100 400 -5.28835e-08
1125 400 1.96427e-07
1150 400 2.2256e-07
1175 400 2.25878e-07
1200 400 2.27819e-07
1225 400 2.2995e-07
1250 400 2.32362e-07
1275 400 2.35071e-07
1300 400 2.38089e-07
1325 400 2.41434e-07
1350 400 2.45122e-07
1375 400 2.49175e-07
1400 400 2.53614e-07
1425 400 2.58465e-07
1450 400 2.63758e-07
1475 400 2.69524e-07
1500 400 2.75799e-07
1525 400 2.82626e-07
1550 400 2.90049e-07
1575 400 2.98123e-07
1600 400 3.06905e-07
1625 400 3.16464e-07
1650 400 3.26875e-07
1675 400 3.38227e-07
1700 400 3.50619e-07
1725 400 3.64166e-07
1750 400 3.79001e-07
1775 400 3.95277e-07
1800 400 4.13172e-07
1825 400 4.32894e-07
1850 400 4.54688e-07
1875 400 4.78841e-07
1900 400 5.05697e-07
1925 400 5.35663e-07
1950 400 5.69233e-07
1975 400 6.07003e-07
2000 400 6.49702e-07
2025 400 6.98232e-07
2050 400 7.53716e-07
2075 400 8.1757e-07
2100 400 8.916e-07
2125 400 9.7815e-07
2150 400 1.0803e-06
2175 400 1.20218e-06
2200 400 1.34945e-06
2225 400 1.53005e-06
2250 400 1.75547e-06
2275 400 2.04296e-06
2300 400 2.41961e-06
