0 0 0
25 0 0
50 0 0
75 0 0
100 0 0
125 0 0
150 0 0
175 0 0
200 0 0
225 0 0
250 0 0
275 0 0
300 0 0
325 0 0
350 0 0
375 0 0
400 0 0
425 0 0
450 0 0
475 0 0
500 0 0
525 0 0
550 0 0
575 0 0
600 0 0
625 0 0
650 0 0
675 0 0
700 0 0
725 0 0
750 0 0
775 0 0
800 0 0
825 0 0
850 0 0
875 0 0
900 0 0
925 0 0
950 0 0
975 0 0
1000 0 0
1025 0 0
1050 0 0
1075 0 0
1100 0 0
1125 0 0
1150 0 0
1175 0 0
1200 0 0
1225 0 0
1250 0 0
1275 0 0
1300 0 0
1325 0 0
1350 0 0
1375 0 0
1400 0 0
1425 0 0
1450 0 0
1475 0 0
1500 0 0
1525 0 0
1550 0 0
1575 0 0
1600 0 0
1625 0 0
1650 0 0
1675 0 0
1700 0 0
1725 0 0
1750 0 0
1775 0 0
1800 0 0
1825 0 0
1850 0 0
1875 0 0
1900 0 0
1925 0 0
1950 0 0
1975 0 0
2000 0 0
2025 0 0
2050 0 0
2075 0 0
2100 0 0
2125 0 0
2150 0 0
2175 0 0
2200 0 0
2225 0 0
2250 0 0
2275 0 0
2300 0 0
2325 0 0
2350 0 0
2375 0 0
2400 0 0
2425 0 0
2450 0 0
2475 0 0
2500 0 0
2525 0 0
2550 0 0
2575 0 0
2600 0 0
2625 0 0
2650 0 0
2675 0 0
2700 0 0
2725 0 0
2750 0 0
2775 0 0
2800 0 0
2825 0 0
2850 0 0
2875 0 0
2900 0 0
2925 0 0
2950 0 0
2975 0 0
0 25 0
25 25 -8.98297e-10
50 25 -1.80335e-09
75 25 -2.72205e-09
100 25 -3.66152e-09
125 25 -4.62928e-09
150 25 -5.63339e-09
175 25 -6.68261e-09
200 25 -7.7866e-09
225 25 -8.95614e-09
250 25 -1.02034e-08
275 25 -1.15423e-08
300 25 -1.29889e-08
325 25 -1.45618e-08
350 25 -1.62829e-08
375 25 -1.81783e-08
400 25 -2.02788e-08
425 25 -2.26219e-08
450 25 -2.52528e-08
475 25 -2.82273e-08
500 25 -3.16141e-08
525 25 -3.54995e-08
550 25 -3.99922e-08
575 25 -4.52313e-08
600 25 -5.1397e-08
625 25 -5.87257e-08
650 25 -6.75327e-08
675 25 -7.82457e-08
700 25 -9.14559e-08
725 25 -1.07999e-07
750 25 -1.29087e-07
775 25 -1.56528e-07
800 25 -1.93118e-07
825 25 -2.43357e-07
850 25 -3.14877e-07
875 25 -4.21473e-07
900 25 -5.90338e-07
925 25 -8.82151e-07
950 25 -1.44347e-06
975 25 -3.11239e-06
1000 25 -7.8389e-06
1025 25 -2.10869e-06
1050 25 2.31497e-05
1075 25 2.56303e-05
1100 25 -1.09631e-06
1125 25 -1.48254e-05
1150 25 -9.85224e-06
1175 25 -3.28938e-06
1200 25 -6.71895e-07
1225 25 -8.69458e-08
1250 25 -2.56777e-09
1275 25 5.86332e-09
1300 25 6.51614e-09
1325 25 6.6082e-09
1350 25 6.67578e-09
1375 25 6.74812e-09
1400 25 6.82661e-09
1425 25 6.91159e-09
1450 25 7.00334e-09
1475 25 7.10221e-09
1500 25 7.20854e-09
1525 25 7.32276e-09
1550 25 7.44529e-09
1575 25 7.57661e-09
1600 25 7.71727e-09
1625 25 7.86784e-09
1650 25 8.02896e-09
1675 25 8.20134e-09
1700 25 8.38577e-09
1725 25 8.5831e-09
1750 25 8.79427e-09
1775 25 9.02034e-09
1800 25 9.26246e-09
1825 25 9.52193e-09
1850 25 9.80017e-09
1875 25 1.00988e-08
1900 25 1.04195e-08
1925 25 1.07644e-08
1950 25 1.11357e-08
1975 25 1.15357e-08
2000 25 1.19675e-08
2025 25 1.2434e-08
2050 25 1.2939e-08
2075 25 1.34865e-08
2100 25 1.40811e-08
2125 25 1.47281e-08
2150 25 1.54336e-08
2175 25 1.62045e-08
2200 25 1.70491e-08
2225 25 1.79765e-08
2250 25 1.89977e-08
2275 25 2.01254e-08
2300 25 2.13747e-08
2325 25 2.27631e-08
2350 25 2.43119e-08
2375 25 2.60461e-08
2400 25 2.79961e-08
2425 25 3.01985e-08
2450 25 3.26981e-08
2475 25 3.555e-08
2500 25 3.88227e-08
2525 25 4.26017e-08
2550 25 4.69955e-08
2575 25 5.21429e-08
2600 25 5.82236e-08
2625 25 6.54738e-08
2650 25 7.42084e-08
2675 25 8.48503e-08
2700 25 9.78942e-08
2725 25 1.12597e-07
2750 25 1.11631e-07
2775 25 -5.28731e-08
2800 25 -1.14483e-06
2825 25 -5.20199e-06
2850 25 -1.25534e-05
2875 25 -1.19578e-05
2900 25 1.07917e-05
2925 25 3.06963e-05
2950 25 1.42147e-05
2975 25 -4.22814e-06
0 50 0
25 50 -1.80335e-09
50 50 -3.62031e-09
75 50 -5.46472e-09
100 50 -7.35093e-09
125 50 -9.2941e-09
150 50 -1.13104e-08
175 50 -1.34176e-08
200 50 -1.5635e-08
225 50 -1.79844e-08
250 50 -2.04903e-08
275 50 -2.31809e-08
300 50 -2.60884e-08
325 50 -2.92505e-08
350 50 -3.27114e-08
375 50 -3.65237e-08
400 50 -4.07498e-08
425 50 -4.54654e-08
450 50 -5.07623e-08
475 50 -5.67531e-08
500 50 -6.35774e-08
525 50 -7.14099e-08
550 50 -8.04716e-08
575 50 -9.10453e-08
600 50 -1.03498e-07
625 50 -1.18311e-07
650 50 -1.36129e-07
675 50 -1.57827e-07
700 50 -1.84618e-07
725 50 -2.18221e-07
750 50 -2.6114e-07
775 50 -3.17124e-07
800 50 -3.92004e-07
825 50 -4.95245e-07
850 50 -6.43056e-07
875 50 -8.65194e-07
900 50 -1.22142e-06
925 50 -1.85069e-06
950 50 -3.15548e-06
975 50 -7.36131e-06
1000 50 -1.32224e-05
1025 50 2.23254e-06
1050 50 4.07089e-05
1075 50 4.31678e-05
1100 50 7.75085e-07
1125 50 -2.53598e-05
1150 50 -1.93672e-05
1175 50 -7.34441e-06
1200 50 -1.70125e-06
1225 50 -2.53373e-07
1250 50 -1.59861e-08
1275 50 1.07453e-08
1300 50 1.29889e-08
1325 50 1.3236e-08
1350 50 1.33746e-08
1375 50 1.35197e-08
1400 50 1.36771e-08
1425 50 1.38475e-08
1450 50 1.40316e-08
1475 50 1.42298e-08
1500 50 1.44431e-08
1525 50 1.46722e-08
1550 50 1.49179e-08
1575 50 1.51813e-08
1600 50 1.54634e-08
1625 50 1.57655e-08
1650 50 1.60887e-08
1675 50 1.64345e-08
1700 50 1.68044e-08
1725 50 1.72003e-08
1750 50 1.7624e-08
1775 50 1.80775e-08
1800 50 1.85633e-08
1825 50 1.90839e-08
1850 50 1.96423e-08
1875 50 2.02415e-08
1900 50 2.08852e-08
1925 50 2.15774e-08
1950 50 2.23225e-08
1975 50 2.31256e-08
2000 50 2.39923e-08
2025 50 2.49289e-08
2050 50 2.59428e-08
2075 50 2.70421e-08
2100 50 2.82362e-08
2125 50 2.95356e-08
2150 50 3.09527e-08
2175 50 3.25015e-08
2200 50 3.41983e-08
2225 50 3.60619e-08
2250 50 3.81143e-08
2275 50 4.03812e-08
2300 50 4.28928e-08
2325 50 4.5685e-08
2350 50 4.88001e-08
2375 50 5.22891e-08
2400 50 5.62133e-08
2425 50 6.06467e-08
2450 50 6.56802e-08
2475 50 7.14252e-08
2500 50 7.80205e-08
2525 50 8.56397e-08
2550 50 9.45032e-08
2575 50 1.04893e-07
2600 50 1.17175e-07
2625 50 1.31831e-07
2650 50 1.49503e-07
2675 50 1.71048e-07
2700 50 1.97313e-07
2725 50 2.24721e-07
2750 50 2.00893e-07
2775 50 -2.56656e-07
2800 50 -2.82913e-06
2825 50 -1.10637e-05
2850 50 -2.33557e-05
2875 50 -1.87189e-05
2900 50 2.04726e-05
2925 50 5.15207e-05
2950 50 2.89424e-05
2975 50 -8.54835e-07
0 75 0
25 75 -2.72205e-09
50 75 -5.46472e-09
75 75 -8.24899e-09
100 75 -1.10966e-08
125 75 -1.40306e-08
150 75 -1.70756e-08
175 75 -2.02582e-08
200 75 -2.36081e-08
225 75 -2.71583e-08
250 75 -3.0946e-08
275 75 -3.5014e-08
300 75 -3.94115e-08
325 75 -4.41958e-08
350 75 -4.94344e-08
375 75 -5.52072e-08
400 75 -6.16099e-08
425 75 -6.87579e-08
450 75 -7.67918e-08
475 75 -8.5884e-08
500 75 -9.62489e-08
525 75 -1.08155e-07
550 75 -1.21941e-07
575 75 -1.38045e-07
600 75 -1.57032e-07
625 75 -1.7965e-07
650 75 -2.06899e-07
675 75 -2.40143e-07
700 75 -2.81281e-07
725 75 -3.33019e-07
750 75 -3.99318e-07
775 75 -4.8616e-07
800 75 -6.0294e-07
825 75 -7.65101e-07
850 75 -9.99577e-07
875 75 -1.35711e-06
900 75 -1.94487e-06
925 75 -3.01622e-06
950 75 -5.72816e-06
975 75 -1.26264e-05
1000 75 -1.26656e-05
1025 75 1.41658e-05
1050 75 4.90881e-05
1075 75 4.86958e-05
1100 75 6.34845e-06
1125 75 -2.86611e-05
1150 75 -2.76577e-05
1175 75 -1.26334e-05
1200 75 -3.46013e-06
1225 75 -6.09304e-07
1250 75 -5.90301e-08
1275 75 1.25703e-08
1300 75 1.92783e-08
1325 75 1.98972e-08
1350 75 2.01192e-08
1375 75 2.03385e-08
1400 75 2.05757e-08
1425 75 2.08325e-08
1450 75 2.11098e-08
1475 75 2.14085e-08
1500 75 2.17299e-08
1525 75 2.20751e-08
1550 75 2.24455e-08
1575 75 2.28425e-08
1600 75 2.32677e-08
1625 75 2.3723e-08
1650 75 2.42102e-08
1675 75 2.47315e-08
1700 75 2.52892e-08
1725 75 2.58861e-08
1750 75 2.65249e-08
1775 75 2.72088e-08
1800 75 2.79414e-08
1825 75 2.87266e-08
1850 75 2.95687e-08
1875 75 3.04727e-08
1900 75 3.14438e-08
1925 75 3.24881e-08
1950 75 3.36124e-08
1975 75 3.48243e-08
2000 75 3.61325e-08
2025 75 3.75464e-08
2050 75 3.90771e-08
2075 75 4.07371e-08
2100 75 4.25404e-08
2125 75 4.45033e-08
2150 75 4.66443e-08
2175 75 4.89848e-08
2200 75 5.15495e-08
2225 75 5.43671e-08
2250 75 5.74709e-08
2275 75 6.09001e-08
2300 75 6.47007e-08
2325 75 6.89273e-08
2350 75 7.36445e-08
2375 75 7.89302e-08
2400 75 8.48776e-08
2425 75 9.16004e-08
2450 75 9.92373e-08
2475 75 1.07959e-07
2500 75 1.17979e-07
2525 75 1.29563e-07
2550 75 1.43051e-07
2575 75 1.58877e-07
2600 75 1.77608e-07
2625 75 1.99988e-07
2650 75 2.27016e-07
2675 75 2.59985e-07
2700 75 2.99604e-07
2725 75 3.33465e-07
2750 75 2.30667e-07
2775 75 -8.00446e-07
2800 75 -5.53317e-06
2825 75 -1.7745e-05
2850 75 -3.0525e-05
2875 75 -1.7486e-05
2900 75 2.77504e-05
2925 75 5.80542e-05
2950 75 4.279e-05
2975 75 1.29082e-05
0 100 0
25 100 -3.66152e-09
50 100 -7.35093e-09
75 100 -1.10966e-08
100 100 -1.49281e-08
125 100 -1.88764e-08
150 100 -2.29749e-08
175 100 -2.72599e-08
200 100 -3.17714e-08
225 100 -3.65543e-08
250 100 -4.16591e-08
275 100 -4.7144e-08
300 100 -5.3076e-08
325 100 -5.95331e-08
350 100 -6.66073e-08
375 100 -7.44078e-08
400 100 -8.30654e-08
425 100 -9.27381e-08
450 100 -1.03618e-07
475 100 -1.15944e-07
500 100 -1.30008e-07
525 100 -1.46183e-07
550 100 -1.64936e-07
575 100 -1.86874e-07
600 100 -2.12784e-07
625 100 -2.43708e-07
650 100 -2.81047e-07
675 100 -3.26724e-07
700 100 -3.83429e-07
725 100 -4.55021e-07
750 100 -5.472e-07
775 100 -6.68678e-07
800 100 -8.33321e-07
825 100 -1.06438e-06
850 100 -1.40349e-06
875 100 -1.93229e-06
900 100 -2.83284e-06
925 100 -4.66155e-06
950 100 -9.84483e-06
975 100 -1.6256e-05
1000 100 -3.57725e-06
1025 100 2.86474e-05
1050 100 4.79285e-05
1075 100 4.37676e-05
1100 100 1.36703e-05
1125 100 -2.41024e-05
1150 100 -3.31914e-05
1175 100 -1.90618e-05
1200 100 -6.30102e-06
1225 100 -1.31853e-06
1250 100 -1.68031e-07
1275 100 6.42655e-09
1300 100 2.49573e-08
1325 100 2.65862e-08
1350 100 2.69322e-08
1375 100 2.72285e-08
1400 100 2.75469e-08
1425 100 2.78915e-08
1450 100 2.82635e-08
1475 100 2.86645e-08
1500 100 2.90958e-08
1525 100 2.95591e-08
1550 100 3.00562e-08
1575 100 3.05891e-08
1600 100 3.11599e-08
1625 100 3.17711e-08
1650 100 3.24252e-08
1675 100 3.31251e-08
1700 100 3.38741e-08
1725 100 3.46756e-08
1750 100 3.55336e-08
1775 100 3.64523e-08
1800 100 3.74364e-08
1825 100 3.84914e-08
1850 100 3.9623e-08
1875 100 4.08377e-08
1900 100 4.2143e-08
1925 100 4.35469e-08
1950 100 4.50585e-08
1975 100 4.66883e-08
2000 100 4.84477e-08
2025 100 5.03498e-08
2050 100 5.24095e-08
2075 100 5.46435e-08
2100 100 5.70711e-08
2125 100 5.97142e-08
2150 100 6.25979e-08
2175 100 6.57513e-08
2200 100 6.92079e-08
2225 100 7.30065e-08
2250 100 7.71927e-08
2275 100 8.18197e-08
2300 100 8.69501e-08
2325 100 9.26582e-08
2350 100 9.90325e-08
2375 100 1.06179e-07
2400 100 1.14225e-07
2425 100 1.23327e-07
2450 100 1.33675e-07
2475 100 1.45503e-07
2500 100 1.59104e-07
2525 100 1.74847e-07
2550 100 1.932e-07
2575 100 2.14766e-07
2600 100 2.40331e-07
2625 100 2.70936e-07
2650 100 3.07971e-07
2675 100 3.53125e-07
2700 100 4.05548e-07
2725 100 4.29928e-07
2750 100 1.33574e-07
2775 100 -1.92906e-06
2800 100 -9.56501e-06
2825 100 -2.45919e-05
2850 100 -3.23413e-05
2875 100 -8.96373e-06
2900 100 3.15173e-05
2925 100 5.29503e-05
2950 100 5.29334e-05
2975 100 3.17727e-05
0 125 0
25 125 -4.62928e-09
50 125 -9.2941e-09
75 125 -1.40306e-08
100 125 -1.88764e-08
125 125 -2.38712e-08
150 125 -2.90573e-08
175 125 -3.44812e-08
200 125 -4.01941e-08
225 125 -4.62533e-08
250 125 -5.27236e-08
275 125 -5.96795e-08
300 125 -6.7207e-08
325 125 -7.54063e-08
350 125 -8.4396e-08
375 125 -9.43167e-08
400 125 -1.05337e-07
425 125 -1.17662e-07
450 125 -1.31541e-07
475 125 -1.47282e-07
500 125 -1.65268e-07
525 125 -1.85984e-07
550 125 -2.10044e-07
575 125 -2.38244e-07
600 125 -2.71623e-07
625 125 -3.11563e-07
650 125 -3.59935e-07
675 125 -4.19318e-07
700 125 -4.93352e-07
725 125 -5.87308e-07
750 125 -7.09067e-07
775 125 -8.70848e-07
800 125 -1.09249e-06
825 125 -1.40815e-06
850 125 -1.88132e-06
875 125 -2.64468e-06
900 125 -4.02096e-06
925 125 -7.44904e-06
950 125 -1.4875e-05
975 125 -1.36539e-05
1000 125 1.23102e-05
1025 125 3.8497e-05
1050 125 3.99068e-05
1075 125 3.33775e-05
1100 125 1.96219e-05
1125 125 -1.35618e-05
1150 125 -3.43049e-05
1175 125 -2.58242e-05
1200 125 -1.04497e-05
1225 125 -2.60334e-06
1250 125 -4.08448e-07
1275 125 -1.84682e-08
1300 125 2.88946e-08
1325 125 3.32413e-08
1350 125 3.38333e-08
1375 125 3.42145e-08
1400 125 3.4616e-08
1425 125 3.50503e-08
1450 125 3.55193e-08
1475 125 3.60246e-08
1500 125 3.65683e-08
1525 125 3.71524e-08
1550 125 3.77791e-08
1575 125 3.8451e-08
1600 125 3.91708e-08
1625 125 3.99415e-08
1650 125 4.07664e-08
1675 125 4.16493e-08
1700 125 4.25941e-08
1725 125 4.36054e-08
1750 125 4.46879e-08
1775 125 4.58473e-08
1800 125 4.70895e-08
1825 125 4.84212e-08
1850 125 4.98499e-08
1875 125 5.13839e-08
1900 125 5.30324e-08
1925 125 5.4806e-08
1950 125 5.6716e-08
1975 125 5.87758e-08
2000 125 6.09999e-08
2025 125 6.3405e-08
2050 125 6.60101e-08
2075 125 6.88366e-08
2100 125 7.19089e-08
2125 125 7.52551e-08
2150 125 7.89072e-08
2175 125 8.29024e-08
2200 125 8.72836e-08
2225 125 9.21006e-08
2250 125 9.74116e-08
2275 125 1.03285e-07
2300 125 1.09801e-07
2325 125 1.17056e-07
2350 125 1.25162e-07
2375 125 1.34258e-07
2400 125 1.44508e-07
2425 125 1.56113e-07
2450 125 1.6932e-07
2475 125 1.84434e-07
2500 125 2.01837e-07
2525 125 2.22009e-07
2550 125 2.45563e-07
2575 125 2.73294e-07
2600 125 3.06239e-07
2625 125 3.45777e-07
2650 125 3.93738e-07
2675 125 4.51987e-07
2700 125 5.14497e-07
2725 125 4.93688e-07
2750 125 -2.02127e-07
2775 125 -3.9196e-06
2800 125 -1.48902e-05
2825 125 -3.01677e-05
2850 125 -2.79565e-05
2875 125 3.35501e-06
2900 125 3.1613e-05
2925 125 4.32291e-05
2950 125 5.66505e-05
2975 125 4.42446e-05
0 150 0
25 150 -5.63339e-09
50 150 -1.13104e-08
75 150 -1.70756e-08
100 150 -2.29749e-08
125 150 -2.90573e-08
150 150 -3.5375e-08
175 150 -4.19851e-08
200 150 -4.89507e-08
225 150 -5.63426e-08
250 150 -6.4241e-08
275 150 -7.2738e-08
300 150 -8.19401e-08
325 150 -9.19721e-08
350 150 -1.02981e-07
375 150 -1.15143e-07
400 150 -1.28668e-07
425 150 -1.43812e-07
450 150 -1.60889e-07
475 150 -1.80286e-07
500 150 -2.02488e-07
525 150 -2.28106e-07
550 150 -2.57925e-07
575 150 -2.92958e-07
600 150 -3.34542e-07
625 150 -3.84463e-07
650 150 -4.45151e-07
675 150 -5.19991e-07
700 150 -6.13804e-07
725 150 -7.33661e-07
750 150 -8.90289e-07
775 150 -1.10065e-06
800 150 -1.39301e-06
825 150 -1.81778e-06
850 150 -2.47392e-06
875 150 -3.58252e-06
900 150 -5.90112e-06
925 150 -1.1928e-05
950 150 -1.73053e-05
975 150 -2.03281e-06
1000 150 2.84432e-05
1025 150 3.96261e-05
1050 150 2.9145e-05
1075 150 2.26325e-05
1100 150 2.20177e-05
1125 150 -6.39767e-07
1150 150 -3.00664e-05
1175 150 -3.14943e-05
1200 150 -1.58457e-05
1225 150 -4.71658e-06
1250 150 -8.85781e-07
1275 150 -8.35688e-08
1300 150 2.84107e-08
1325 150 3.96572e-08
1350 150 4.08339e-08
1375 150 4.13216e-08
1400 150 4.18093e-08
1425 150 4.23357e-08
1450 150 4.29042e-08
1475 150 4.35169e-08
1500 150 4.41761e-08
1525 150 4.48843e-08
1550 150 4.56443e-08
1575 150 4.64592e-08
1600 150 4.73322e-08
1625 150 4.82671e-08
1650 150 4.9268e-08
1675 150 5.03392e-08
1700 150 5.14858e-08
1725 150 5.27132e-08
1750 150 5.40273e-08
1775 150 5.5435e-08
1800 150 5.69434e-08
1825 150 5.85609e-08
1850 150 6.02966e-08
1875 150 6.21605e-08
1900 150 6.41642e-08
1925 150 6.63202e-08
1950 150 6.86428e-08
1975 150 7.11482e-08
2000 150 7.38543e-08
2025 150 7.67816e-08
2050 150 7.99533e-08
2075 150 8.33957e-08
2100 150 8.71391e-08
2125 150 9.12178e-08
2150 150 9.56716e-08
2175 150 1.00546e-07
2200 150 1.05894e-07
2225 150 1.11778e-07
2250 150 1.18268e-07
2275 150 1.25451e-07
2300 150 1.33426e-07
2325 150 1.42311e-07
2350 150 1.52249e-07
2375 150 1.6341e-07
2400 150 1.76e-07
2425 150 1.90271e-07
2450 150 2.06533e-07
2475 150 2.2517e-07
2500 150 2.46664e-07
2525 150 2.71623e-07
2550 150 3.00829e-07
2575 150 3.35294e-07
2600 150 3.76352e-07
2625 150 4.2578e-07
2650 150 4.85886e-07
2675 150 5.58018e-07
2700 150 6.22717e-07
2725 150 4.85207e-07
2750 150 -9.38454e-07
2775 150 -7.0043e-06
2800 150 -2.0973e-05
2825 150 -3.26873e-05
2850 150 -1.80411e-05
2875 150 1.51772e-05
2900 150 2.93791e-05
2925 150 3.54531e-05
2950 150 5.1657e-05
2975 150 4.07498e-05
0 175 0
25 175 -6.68261e-09
50 175 -1.34176e-08
75 175 -2.02582e-08
100 175 -2.72599e-08
125 175 -3.44812e-08
150 175 -4.19851e-08
175 175 -4.98401e-08
200 175 -5.81225e-08
225 175 -6.69176e-08
250 175 -7.63224e-08
275 175 -8.64483e-08
300 175 -9.74246e-08
325 175 -1.09403e-07
350 175 -1.22562e-07
375 175 -1.37117e-07
400 175 -1.53326e-07
425 175 -1.71502e-07
450 175 -1.92032e-07
475 175 -2.15393e-07
500 175 -2.42187e-07
525 175 -2.73176e-07
550 175 -3.09339e-07
575 175 -3.51954e-07
600 175 -4.02711e-07
625 175 -4.63886e-07
650 175 -5.38607e-07
675 175 -6.3127e-07
700 175 -7.48218e-07
725 175 -8.98895e-07
750 175 -1.09791e-06
775 175 -1.36894e-06
800 175 -1.75278e-06
825 175 -2.32575e-06
850 175 -3.249e-06
875 175 -4.95478e-06
900 175 -9.24454e-06
925 175 -1.66781e-05
950 175 -1.20347e-05
975 175 1.55899e-05
1000 175 3.75667e-05
1025 175 3.31381e-05
1050 175 1.92149e-05
1075 175 1.45075e-05
1100 175 2.06889e-05
1125 175 1.08166e-05
1150 175 -2.09581e-05
1175 175 -3.44121e-05
1200 175 -2.20008e-05
1225 175 -7.87191e-06
1250 175 -1.74973e-06
1275 175 -2.2747e-07
1300 175 1.77525e-08
1325 175 4.52912e-08
1350 175 4.79214e-08
1375 175 4.85748e-08
1400 175 4.91542e-08
1425 175 4.97758e-08
1450 175 5.04471e-08
1475 175 5.11706e-08
1500 175 5.19492e-08
1525 175 5.27857e-08
1550 175 5.36835e-08
1575 175 5.46461e-08
1600 175 5.56777e-08
1625 175 5.67826e-08
1650 175 5.79655e-08
1675 175 5.92319e-08
1700 175 6.05876e-08
1725 175 6.2039e-08
1750 175 6.35934e-08
1775 175 6.52586e-08
1800 175 6.70436e-08
1825 175 6.89579e-08
1850 175 7.10127e-08
1875 175 7.32199e-08
1900 175 7.55931e-08
1925 175 7.81476e-08
1950 175 8.09004e-08
1975 175 8.38708e-08
2000 175 8.70802e-08
2025 175 9.05534e-08
2050 175 9.4318e-08
2075 175 9.84059e-08
2100 175 1.02853e-07
2125 175 1.07701e-07
2150 175 1.12998e-07
2175 175 1.18798e-07
2200 175 1.25166e-07
2225 175 1.32176e-07
2250 175 1.39916e-07
2275 175 1.48487e-07
2300 175 1.58012e-07
2325 175 1.68635e-07
2350 175 1.80528e-07
2375 175 1.939e-07
2400 175 2.09004e-07
2425 175 2.26148e-07
2450 175 2.45715e-07
2475 175 2.68179e-07
2500 175 2.94136e-07
2525 175 3.24347e-07
2550 175 3.59787e-07
2575 175 4.0173e-07
2600 175 4.51864e-07
2625 175 5.12446e-07
2650 175 5.86235e-07
2675 175 6.72266e-07
2700 175 7.20609e-07
2725 175 3.3762e-07
2750 175 -2.27502e-06
2775 175 -1.12473e-05
2800 175 -2.67421e-05
2825 175 -3.07205e-05
2850 175 -4.8111e-06
2875 175 2.35337e-05
2900 175 2.7352e-05
2925 175 3.13089e-05
2950 175 3.64604e-05
2975 175 2.188e-05
0 200 0
25 200 -7.7866e-09
50 200 -1.5635e-08
75 200 -2.36081e-08
100 200 -3.17714e-08
125 200 -4.01941e-08
150 200 -4.89507e-08
175 200 -5.81225e-08
200 200 -6.78e-08
225 200 -7.80845e-08
250 200 -8.90917e-08
275 200 -1.00954e-07
300 200 -1.13827e-07
325 200 -1.27892e-07
350 200 -1.43365e-07
375 200 -1.60503e-07
400 200 -1.79618e-07
425 200 -2.01092e-07
450 200 -2.25394e-07
475 200 -2.53108e-07
500 200 -2.84972e-07
525 200 -3.21927e-07
550 200 -3.65187e-07
575 200 -4.16347e-07
600 200 -4.77534e-07
625 200 -5.51638e-07
650 200 -6.42672e-07
675 200 -7.56343e-07
700 200 -9.01016e-07
725 200 -1.08938e-06
750 200 -1.34155e-06
775 200 -1.69116e-06
800 200 -2.19879e-06
825 200 -2.98566e-06
850 200 -4.33589e-06
875 200 -7.33696e-06
900 200 -1.41931e-05
925 200 -1.69957e-05
950 200 2.63776e-06
975 200 3.11747e-05
1000 200 3.67883e-05
1025 200 2.33665e-05
1050 200 1.1953e-05
1075 200 9.57452e-06
1100 200 1.7069e-05
1125 200 1.8171e-05
1150 200 -8.92639e-06
1175 200 -3.32771e-05
1200 200 -2.79709e-05
1225 200 -1.21397e-05
1250 200 -3.18322e-06
1275 200 -5.1279e-07
1300 200 -1.43345e-08
1325 200 4.8883e-08
1350 200 5.50228e-08
1375 200 5.59968e-08
1400 200 5.66793e-08
1425 200 5.74001e-08
1450 200 5.81781e-08
1475 200 5.90167e-08
1500 200 5.99192e-08
1525 200 6.0889e-08
1550 200 6.193e-08
1575 200 6.30464e-08
1600 200 6.42429e-08
1625 200 6.55246e-08
1650 200 6.68971e-08
1675 200 6.83667e-08
1700 200 6.99403e-08
1725 200 7.16253e-08
1750 200 7.34303e-08
1775 200 7.53645e-08
1800 200 7.74382e-08
1825 200 7.96629e-08
1850 200 8.20513e-08
1875 200 8.46178e-08
1900 200 8.73783e-08
1925 200 9.03506e-08
1950 200 9.35549e-08
1975 200 9.70136e-08
2000 200 1.00752e-07
2025 200 1.048e-07
2050 200 1.0919e-07
2075 200 1.13959e-07
2100 200 1.1915e-07
2125 200 1.24812e-07
2150 200 1.31002e-07
2175 200 1.37785e-07
2200 200 1.45238e-07
2225 200 1.53449e-07
2250 200 1.62522e-07
2275 200 1.7258e-07
2300 200 1.83768e-07
2325 200 1.96259e-07
2350 200 2.10262e-07
2375 200 2.26028e-07
2400 200 2.43861e-07
2425 200 2.64139e-07
2450 200 2.87324e-07
2475 200 3.13997e-07
2500 200 3.44892e-07
2525 200 3.80944e-07
2550 200 4.23365e-07
2575 200 4.73747e-07
2600 200 5.34211e-07
2625 200 6.0759e-07
2650 200 6.9689e-07
2675 200 7.94726e-07
2700 200 7.88814e-07
2725 200 -4.85493e-08
2750 200 -4.40836e-06
2775 200 -1.64135e-05
2800 200 -3.07706e-05
2825 200 -2.38532e-05
2850 200 8.75195e-06
2875 200 2.80619e-05
2900 200 2.73554e-05
2925 200 2.6365e-05
2950 200 1.28638e-05
2975 200 -1.691e-06
0 225 0
25 225 -8.95614e-09
50 225 -1.79844e-08
75 225 -2.71583e-08
100 225 -3.65543e-08
125 225 -4.62533e-08
150 225 -5.63426e-08
175 225 -6.69176e-08
200 225 -7.80845e-08
225 225 -8.99627e-08
250 225 -1.02689e-07
275 225 -1.16419e-07
300 225 -1.31338e-07
325 225 -1.47661e-07
350 225 -1.65646e-07
375 225 -1.856e-07
400 225 -2.07898e-07
425 225 -2.32998e-07
450 225 -2.6147e-07
475 225 -2.94023e-07
500 225 -3.31558e-07
525 225 -3.75232e-07
550 225 -4.26547e-07
575 225 -4.87492e-07
600 225 -5.60743e-07
625 225 -6.49976e-07
650 225 -7.60355e-07
675 225 -8.99342e-07
700 225 -1.07807e-06
725 225 -1.31385e-06
750 225 -1.63491e-06
775 225 -2.0905e-06
800 225 -2.77472e-06
825 225 -3.89284e-06
850 225 -6.09156e-06
875 225 -1.15012e-05
900 225 -1.79363e-05
925 225 -7.82399e-06
950 225 2.12974e-05
975 225 3.75596e-05
1000 225 2.87993e-05
1025 225 1.44455e-05
1050 225 7.51451e-06
1075 225 7.01147e-06
1100 225 1.29878e-05
1125 225 2.07236e-05
1150 225 3.27351e-06
1175 225 -2.77027e-05
1200 225 -3.25082e-05
1225 225 -1.73391e-05
1250 225 -5.36936e-06
1275 225 -1.0307e-06
1300 225 -8.79549e-08
1325 225 4.77798e-08
1350 225 6.19287e-08
1375 225 6.36028e-08
1400 225 6.44149e-08
1425 225 6.52401e-08
1450 225 6.61295e-08
1475 225 6.70882e-08
1500 225 6.81201e-08
1525 225 6.92291e-08
1550 225 7.04197e-08
1575 225 7.16968e-08
1600 225 7.30657e-08
1625 225 7.45324e-08
1650 225 7.61034e-08
1675 225 7.77858e-08
1700 225 7.95877e-08
1725 225 8.15176e-08
1750 225 8.35855e-08
1775 225 8.5802e-08
1800 225 8.81791e-08
1825 225 9.07301e-08
1850 225 9.34698e-08
1875 225 9.64147e-08
1900 225 9.95834e-08
1925 225 1.02997e-07
1950 225 1.06678e-07
1975 225 1.10653e-07
2000 225 1.14952e-07
2025 225 1.19609e-07
2050 225 1.24662e-07
2075 225 1.30155e-07
2100 225 1.36138e-07
2125 225 1.42668e-07
2150 225 1.49812e-07
2175 225 1.57648e-07
2200 225 1.66264e-07
2225 225 1.75765e-07
2250 225 1.86274e-07
2275 225 1.97937e-07
2300 225 2.10926e-07
2325 225 2.25447e-07
2350 225 2.41749e-07
2375 225 2.60132e-07
2400 225 2.80963e-07
2425 225 3.04695e-07
2450 225 3.3189e-07
2475 225 3.63252e-07
2500 225 3.99678e-07
2525 225 4.4232e-07
2550 225 4.92676e-07
2575 225 5.52732e-07
2600 225 6.25152e-07
2625 225 7.13451e-07
2650 225 8.20235e-07
2675 225 9.2323e-07
2700 225 7.93738e-07
2725 225 -8.02338e-07
2750 225 -7.46222e-06
2775 225 -2.18912e-05
2800 225 -3.16589e-05
2825 225 -1.29533e-05
2850 225 2.02255e-05
2875 225 3.05699e-05
2900 225 2.74922e-05
2925 225 1.44599e-05
2950 225 -1.19978e-05
2975 225 -1.79607e-05
0 250 0
25 250 -1.02034e-08
50 250 -2.04903e-08
75 250 -3.0946e-08
100 250 -4.16591e-08
125 250 -5.27236e-08
150 250 -6.4241e-08
175 250 -7.63224e-08
200 250 -8.90917e-08
225 250 -1.02689e-07
250 250 -1.17273e-07
275 250 -1.3303e-07
300 250 -1.50175e-07
325 250 -1.68965e-07
350 250 -1.89703e-07
375 250 -2.12757e-07
400 250 -2.38576e-07
425 250 -2.6771e-07
450 250 -3.00845e-07
475 250 -3.38843e-07
500 250 -3.82805e-07
525 250 -4.3415e-07
550 250 -4.94744e-07
575 250 -5.67072e-07
600 250 -6.54518e-07
625 250 -7.61784e-07
650 250 -8.95582e-07
675 250 -1.06578e-06
700 250 -1.28746e-06
725 250 -1.58471e-06
750 250 -1.99843e-06
775 250 -2.60385e-06
800 250 -3.55682e-06
825 250 -5.27125e-06
850 250 -9.31211e-06
875 250 -1.65575e-05
900 250 -1.4543e-05
925 250 1.00414e-05
950 250 3.45335e-05
975 250 3.3661e-05
1000 250 1.87985e-05
1025 250 8.32741e-06
1050 250 5.15784e-06
1075 250 5.73421e-06
1100 250 9.68175e-06
1125 250 1.94653e-05
1150 250 1.30927e-05
1175 250 -1.84618e-05
1200 250 -3.43838e-05
1225 250 -2.29755e-05
1250 250 -8.43609e-06
1275 250 -1.89909e-06
1300 250 -2.35906e-07
1325 250 3.6866e-08
1350 250 6.81461e-08
1375 250 7.13881e-08
1400 250 7.23921e-08
1425 250 7.33295e-08
1450 250 7.43357e-08
1475 250 7.54204e-08
1500 250 7.65881e-08
1525 250 7.78432e-08
1550 250 7.9191e-08
1575 250 8.06369e-08
1600 250 8.21871e-08
1625 250 8.38483e-08
1650 250 8.56281e-08
1675 250 8.75346e-08
1700 250 8.9577e-08
1725 250 9.17652e-08
1750 250 9.41105e-08
1775 250 9.66251e-08
1800 250 9.93228e-08
1825 250 1.02219e-07
1850 250 1.0533e-07
1875 250 1.08676e-07
1900 250 1.12278e-07
1925 250 1.16159e-07
1950 250 1.20347e-07
1975 250 1.24872e-07
2000 250 1.29769e-07
2025 250 1.35075e-07
2050 250 1.40837e-07
2075 250 1.47105e-07
2100 250 1.53937e-07
2125 250 1.614e-07
2150 250 1.69571e-07
2175 250 1.78541e-07
2200 250 1.88414e-07
2225 250 1.99314e-07
2250 250 2.11384e-07
2275 250 2.24795e-07
2300 250 2.39752e-07
2325 250 2.56499e-07
2350 250 2.75331e-07
2375 250 2.96606e-07
2400 250 3.20763e-07
2425 250 3.48347e-07
2450 250 3.80036e-07
2475 250 4.16686e-07
2500 250 4.59393e-07
2525 250 5.09571e-07
2550 250 5.6908e-07
2575 250 6.40401e-07
2600 250 7.26893e-07
2625 250 8.32835e-07
2650 250 9.58855e-07
2675 250 1.05189e-06
2700 250 6.84022e-07
2725 250 -2.06534e-06
2750 250 -1.14021e-05
2775 250 -2.6726e-05
2800 250 -2.84839e-05
2825 250 1.80899e-07
2850 250 2.88984e-05
2875 250 3.21e-05
2900 250 2.18922e-05
2925 250 -4.79297e-06
2950 250 -2.87621e-05
2975 250 -2.21537e-05
0 275 0
25 275 -1.15423e-08
50 275 -2.31809e-08
75 275 -3.5014e-08
100 275 -4.7144e-08
125 275 -5.96795e-08
150 275 -7.2738e-08
175 275 -8.64483e-08
200 275 -1.00954e-07
225 275 -1.16419e-07
250 275 -1.3303e-07
275 275 -1.51003e-07
300 275 -1.70592e-07
325 275 -1.92099e-07
350 275 -2.15886e-07
375 275 -2.42389e-07
400 275 -2.72143e-07
425 275 -3.05812e-07
450 275 -3.44222e-07
475 275 -3.88423e-07
500 275 -4.39762e-07
525 275 -4.99991e-07
550 275 -5.71433e-07
575 275 -6.57219e-07
600 275 -7.6166e-07
625 275 -8.90843e-07
650 275 -1.05361e-06
675 275 -1.26325e-06
700 275 -1.54064e-06
725 275 -1.9204e-06
750 275 -2.46423e-06
775 275 -3.2945e-06
800 275 -4.70146e-06
825 275 -7.73391e-06
850 275 -1.43232e-05
875 275 -1.76727e-05
900 275 -4.1276e-07
925 275 2.80864e-05
950 275 3.6563e-05
975 275 2.40201e-05
1000 275 1.07142e-05
1025 275 4.94552e-06
1050 275 4.00939e-06
1075 275 4.99693e-06
1100 275 7.51458e-06
1125 275 1.61908e-05
1150 275 1.90325e-05
1175 275 -7.28404e-06
1200 275 -3.27748e-05
1225 275 -2.82686e-05
1250 275 -1.23894e-05
1275 275 -3.2504e-06
1300 275 -5.06972e-07
1325 275 7.06429e-09
1350 275 7.2644e-08
1375 275 7.93025e-08
1400 275 8.06417e-08
1425 275 8.17046e-08
1450 275 8.28341e-08
1475 275 8.40517e-08
1500 275 8.53624e-08
1525 275 8.67718e-08
1550 275 8.82853e-08
1575 275 8.99095e-08
1600 275 9.16512e-08
1625 275 9.35182e-08
1650 275 9.55189e-08
1675 275 9.76626e-08
1700 275 9.99597e-08
1725 275 1.02422e-07
1750 275 1.05061e-07
1775 275 1.07892e-07
1800 275 1.10931e-07
1825 275 1.14194e-07
1850 275 1.17701e-07
1875 275 1.21474e-07
1900 275 1.25538e-07
1925 275 1.29919e-07
1950 275 1.34649e-07
1975 275 1.39763e-07
2000 275 1.453e-07
2025 275 1.51306e-07
2050 275 1.5783e-07
2075 275 1.64933e-07
2100 275 1.72682e-07
2125 275 1.81154e-07
2150 275 1.90439e-07
2175 275 2.00642e-07
2200 275 2.11885e-07
2225 275 2.24312e-07
2250 275 2.38091e-07
2275 275 2.53424e-07
2300 275 2.70552e-07
2325 275 2.89762e-07
2350 275 3.11405e-07
2375 275 3.35907e-07
2400 275 3.63795e-07
2425 275 3.95721e-07
2450 275 4.32508e-07
2475 275 4.75195e-07
2500 275 5.25124e-07
2525 275 5.84043e-07
2550 275 6.54267e-07
2575 275 7.38921e-07
2600 275 8.42255e-07
2625 275 9.69313e-07
2650 275 1.1154e-06
2675 275 1.16934e-06
2700 275 3.90405e-07
2725 275 -3.95778e-06
2750 275 -1.59609e-05
2775 275 -2.97846e-05
2800 275 -2.10943e-05
2825 275 1.37781e-05
2850 275 3.51357e-05
2875 275 2.95513e-05
2900 275 6.53179e-06
2925 275 -2.36174e-05
2950 275 -3.25168e-05
2975 275 -1.75823e-05
0 300 0
25 300 -1.29889e-08
50 300 -2.60884e-08
75 300 -3.94115e-08
100 300 -5.3076e-08
125 300 -6.7207e-08
150 300 -8.19401e-08
175 300 -9.74246e-08
200 300 -1.13827e-07
225 300 -1.31338e-07
250 300 -1.50175e-07
275 300 -1.70592e-07
300 300 -1.92887e-07
325 300 -2.17417e-07
350 300 -2.4461e-07
375 300 -2.74987e-07
400 300 -3.09188e-07
425 300 -3.48011e-07
450 300 -3.92459e-07
475 300 -4.43815e-07
500 300 -5.03734e-07
525 300 -5.74397e-07
550 300 -6.58718e-07
575 300 -7.60681e-07
600 300 -8.8585e-07
625 300 -1.04222e-06
650 300 -1.24166e-06
675 300 -1.50251e-06
700 300 -1.85456e-06
725 300 -2.34961e-06
750 300 -3.08651e-06
775 300 -4.28357e-06
800 300 -6.64084e-06
825 300 -1.21079e-05
850 300 -1.81809e-05
875 300 -8.61576e-06
900 300 1.94855e-05
925 300 3.6711e-05
950 300 2.91728e-05
975 300 1.42598e-05
1000 300 5.77442e-06
1025 300 3.36497e-06
1050 300 3.44167e-06
1075 300 4.46095e-06
1100 300 6.25799e-06
1125 300 1.25679e-05
1150 300 2.09426e-05
1175 300 3.70623e-06
1200 300 -2.75621e-05
1225 300 -3.22874e-05
1250 300 -1.70564e-05
1275 300 -5.20741e-06
1300 300 -9.67021e-07
1325 300 -5.64777e-08
1350 300 7.34516e-08
1375 300 8.72036e-08
1400 300 8.91911e-08
1425 300 9.04043e-08
1450 300 9.16654e-08
1475 300 9.30235e-08
1500 300 9.4486e-08
1525 300 9.60588e-08
1550 300 9.77483e-08
1575 300 9.95616e-08
1600 300 1.01507e-07
1625 300 1.03592e-07
1650 300 1.05828e-07
1675 300 1.08224e-07
1700 300 1.10792e-07
1725 300 1.13546e-07
1750 300 1.16499e-07
1775 300 1.19668e-07
1800 300 1.23071e-07
1825 300 1.26727e-07
1850 300 1.30658e-07
1875 300 1.34889e-07
1900 300 1.39449e-07
1925 300 1.44367e-07
1950 300 1.49681e-07
1975 300 1.5543e-07
2000 300 1.61658e-07
2025 300 1.68418e-07
2050 300 1.7577e-07
2075 300 1.83779e-07
2100 300 1.92525e-07
2125 300 2.02096e-07
2150 300 2.12598e-07
2175 300 2.24151e-07
2200 300 2.36898e-07
2225 300 2.51007e-07
2250 300 2.66675e-07
2275 300 2.84138e-07
2300 300 3.0368e-07
2325 300 3.25641e-07
2350 300 3.50438e-07
2375 300 3.78579e-07
2400 300 4.10694e-07
2425 300 4.47572e-07
2450 300 4.90208e-07
2475 300 5.39874e-07
2500 300 5.9822e-07
2525 300 6.6742e-07
2550 300 7.50383e-07
2575 300 8.5108e-07
2600 300 9.74922e-07
2625 300 1.1275e-06
2650 300 1.29241e-06
2675 300 1.25736e-06
2700 300 -1.67995e-07
2725 300 -6.5301e-06
2750 300 -2.06068e-05
2775 300 -2.99947e-05
2800 300 -9.9729e-06
2825 300 2.67103e-05
2850 300 3.7174e-05
2875 300 1.76491e-05
2900 300 -1.40971e-05
2925 300 -3.27493e-05
2950 300 -2.59104e-05
2975 300 -1.03973e-05
0 325 0
25 325 -1.45618e-08
50 325 -2.92505e-08
75 325 -4.41958e-08
100 325 -5.95331e-08
125 325 -7.54063e-08
150 325 -9.19721e-08
175 325 -1.09403e-07
200 325 -1.27892e-07
225 325 -1.47661e-07
250 325 -1.68965e-07
275 325 -1.92099e-07
300 325 -2.17417e-07
325 325 -2.4534e-07
350 325 -2.76375e-07
375 325 -3.11147e-07
400 325 -3.50424e-07
425 325 -3.95173e-07
450 325 -4.46617e-07
475 325 -5.06329e-07
500 325 -5.76368e-07
525 325 -6.59466e-07
550 325 -7.59328e-07
575 325 -8.81085e-07
600 325 -1.03204e-06
625 325 -1.2229e-06
650 325 -1.47e-06
675 325 -1.79941e-06
700 325 -2.25546e-06
725 325 -2.9201e-06
750 325 -3.9655e-06
775 325 -5.87897e-06
800 325 -1.02699e-05
825 325 -1.71899e-05
850 325 -1.40828e-05
875 325 1.02903e-05
900 325 3.40275e-05
925 325 3.33734e-05
950 325 1.85797e-05
975 325 7.46552e-06
1000 325 3.35418e-06
1025 325 2.69556e-06
1050 325 3.11627e-06
1075 325 4.02758e-06
1100 325 5.51519e-06
1125 325 9.60408e-06
1150 325 1.9743e-05
1175 325 1.26568e-05
1200 325 -1.94088e-05
1225 325 -3.4165e-05
1250 325 -2.20627e-05
1275 325 -7.8493e-06
1300 325 -1.69607e-06
1325 325 -1.76179e-07
1350 325 6.70942e-08
1375 325 9.47758e-08
1400 325 9.80574e-08
1425 325 9.9471e-08
1450 325 1.00874e-07
1475 325 1.02382e-07
1500 325 1.04006e-07
1525 325 1.05753e-07
1550 325 1.0763e-07
1575 325 1.09645e-07
1600 325 1.11807e-07
1625 325 1.14126e-07
1650 325 1.16612e-07
1675 325 1.19278e-07
1700 325 1.22137e-07
1725 325 1.25203e-07
1750 325 1.28493e-07
1775 325 1.32025e-07
1800 325 1.35819e-07
1825 325 1.39897e-07
1850 325 1.44284e-07
1875 325 1.4901e-07
1900 325 1.54104e-07
1925 325 1.59604e-07
1950 325 1.6555e-07
1975 325 1.71987e-07
2000 325 1.78966e-07
2025 325 1.86548e-07
2050 325 1.948e-07
2075 325 2.038e-07
2100 325 2.13638e-07
2125 325 2.24416e-07
2150 325 2.36256e-07
2175 325 2.49299e-07
2200 325 2.63711e-07
2225 325 2.79686e-07
2250 325 2.97458e-07
2275 325 3.17303e-07
2300 325 3.39554e-07
2325 325 3.64618e-07
2350 325 3.92987e-07
2375 325 4.25272e-07
2400 325 4.62231e-07
2425 325 5.04818e-07
2450 325 5.54246e-07
2475 325 6.12082e-07
2500 325 6.80374e-07
2525 325 7.61848e-07
2550 325 8.60201e-07
2575 325 9.80542e-07
2600 325 1.12981e-06
2625 325 1.31348e-06
2650 325 1.49238e-06
2675 325 1.29124e-06
2700 325 -1.06824e-06
2725 325 -9.70789e-06
2750 325 -2.45669e-05
2775 325 -2.6492e-05
2800 325 4.20942e-06
2825 325 3.67815e-05
2850 325 2.97958e-05
2875 325 -3.09236e-06
2900 325 -2.91722e-05
2925 325 -2.97775e-05
2950 325 -1.56965e-05
2975 325 -4.71636e-06
0 350 0
25 350 -1.62829e-08
50 350 -3.27114e-08
75 350 -4.94344e-08
100 350 -6.66073e-08
125 350 -8.4396e-08
150 350 -1.02981e-07
175 350 -1.22562e-07
200 350 -1.43365e-07
225 350 -1.65646e-07
250 350 -1.89703e-07
275 350 -2.15886e-07
300 350 -2.4461e-07
325 350 -2.76375e-07
350 350 -3.11789e-07
375 350 -3.51599e-07
400 350 -3.96736e-07
425 350 -4.48377e-07
450 350 -5.08024e-07
475 350 -5.77631e-07
500 350 -6.59776e-07
525 350 -7.57931e-07
550 350 -8.76869e-07
575 350 -1.02332e-06
600 350 -1.20706e-06
625 350 -1.44281e-06
650 350 -1.75373e-06
675 350 -2.17843e-06
700 350 -2.7865e-06
725 350 -3.71841e-06
750 350 -5.33339e-06
775 350 -8.86653e-06
800 350 -1.55833e-05
825 350 -1.7077e-05
850 350 1.81744e-06
875 350 2.90599e-05
900 350 3.59669e-05
925 350 2.31979e-05
950 350 9.91766e-06
975 350 3.85057e-06
1000 350 2.35859e-06
1025 350 2.40141e-06
1050 350 2.88803e-06
1075 350 3.67781e-06
1100 350 4.9901e-06
1125 350 7.59845e-06
1150 350 1.68271e-05
1175 350 1.84762e-05
1200 350 -9.58507e-06
1225 350 -3.33249e-05
1250 350 -2.68636e-05
1275 350 -1.11756e-05
1300 350 -2.77999e-06
1325 350 -3.83228e-07
1350 350 4.78877e-08
1375 350 1.01407e-07
1400 350 1.07236e-07
1425 350 1.08949e-07
1450 350 1.10508e-07
1475 350 1.12177e-07
1500 350 1.13973e-07
1525 350 1.15907e-07
1550 350 1.17984e-07
1575 350 1.20216e-07
1600 350 1.2261e-07
1625 350 1.2518e-07
1650 350 1.27936e-07
1675 350 1.30892e-07
1700 350 1.34064e-07
1725 350 1.37466e-07
1750 350 1.41119e-07
1775 350 1.45042e-07
1800 350 1.49258e-07
1825 350 1.53793e-07
1850 350 1.58675e-07
1875 350 1.63936e-07
1900 350 1.69612e-07
1925 350 1.75744e-07
1950 350 1.82378e-07
1975 350 1.89566e-07
2000 350 1.97367e-07
2025 350 2.05849e-07
2050 350 2.15089e-07
2075 350 2.25179e-07
2100 350 2.3622e-07
2125 350 2.48332e-07
2150 350 2.61656e-07
2175 350 2.76356e-07
2200 350 2.92623e-07
2225 350 3.10688e-07
2250 350 3.30822e-07
2275 350 3.53352e-07
2300 350 3.78674e-07
2325 350 4.07268e-07
2350 350 4.39725e-07
2375 350 4.76779e-07
2400 350 5.19347e-07
2425 350 5.68592e-07
2450 350 6.26008e-07
2475 350 6.93537e-07
2500 350 7.73749e-07
2525 350 8.70108e-07
2550 350 9.87376e-07
2575 350 1.13224e-06
2600 350 1.31366e-06
2625 350 1.53558e-06
2650 350 1.71842e-06
2675 350 1.24347e-06
2700 350 -2.35693e-06
2725 350 -1.32389e-05
2750 350 -2.68597e-05
2775 350 -1.85074e-05
2800 350 1.9695e-05
2825 350 3.81554e-05
2850 350 1.04919e-05
2875 350 -2.29329e-05
2900 350 -3.15635e-05
2925 350 -1.98829e-05
2950 350 -7.25851e-06
2975 350 -1.54724e-06
0 375 0
25 375 -1.81783e-08
50 375 -3.65237e-08
75 375 -5.52072e-08
100 375 -7.44078e-08
125 375 -9.43167e-08
150 375 -1.15143e-07
175 375 -1.37117e-07
200 375 -1.60503e-07
225 375 -1.856e-07
250 375 -2.12757e-07
275 375 -2.42389e-07
300 375 -2.74987e-07
325 375 -3.11147e-07
350 375 -3.51599e-07
375 375 -3.97247e-07
400 375 -4.49226e-07
425 375 -5.0898e-07
450 375 -5.78375e-07
475 375 -6.59861e-07
500 375 -7.56717e-07
525 375 -8.73416e-07
550 375 -1.01622e-06
575 375 -1.19415e-06
600 375 -1.42063e-06
625 375 -1.71652e-06
650 375 -2.11604e-06
675 375 -2.6795e-06
700 375 -3.52479e-06
725 375 -4.93143e-06
750 375 -7.83314e-06
775 375 -1.39022e-05
800 375 -1.82284e-05
825 375 -5.14055e-06
850 375 2.27098e-05
875 375 3.66616e-05
900 375 2.75992e-05
925 375 1.29824e-05
950 375 4.8208e-06
975 375 2.30802e-06
1000 375 1.9861e-06
1025 375 2.24106e-06
1050 375 2.70593e-06
1075 375 3.39868e-06
1100 375 4.54822e-06
1125 375 6.39451e-06
1150 375 1.34834e-05
1175 375 2.09848e-05
1200 375 3.86663e-07
1225 375 -2.96415e-05
1250 375 -3.0828e-05
1275 375 -1.50785e-05
1300 375 -4.29681e-06
1325 375 -7.17477e-07
1350 375 7.18955e-09
1375 375 1.06011e-07
1400 375 1.16678e-07
1425 375 1.18886e-07
1450 375 1.20623e-07
1475 375 1.22464e-07
1500 375 1.24446e-07
1525 375 1.2658e-07
1550 375 1.28874e-07
1575 375 1.31338e-07
1600 375 1.33984e-07
1625 375 1.36823e-07
1650 375 1.3987e-07
1675 375 1.4314e-07
1700 375 1.46649e-07
1725 375 1.50416e-07
1750 375 1.54462e-07
1775 375 1.5881e-07
1800 375 1.63485e-07
1825 375 1.68516e-07
1850 375 1.73937e-07
1875 375 1.79782e-07
1900 375 1.86093e-07
1925 375 1.92916e-07
1950 375 2.00304e-07
1975 375 2.08316e-07
2000 375 2.17021e-07
2025 375 2.26495e-07
2050 375 2.36828e-07
2075 375 2.48124e-07
2100 375 2.60501e-07
2125 375 2.74099e-07
2150 375 2.89079e-07
2175 375 3.05634e-07
2200 375 3.23988e-07
2225 375 3.44409e-07
2250 375 3.67219e-07
2275 375 3.92805e-07
2300 375 4.21636e-07
2325 375 4.54287e-07
2350 375 4.91469e-07
2375 375 5.3407e-07
2400 375 5.83209e-07
2425 375 6.40318e-07
2450 375 7.07249e-07
2475 375 7.86441e-07
2500 375 8.81163e-07
2525 375 9.9588e-07
2550 375 1.13684e-06
2575 375 1.31296e-06
2600 375 1.53594e-06
2625 375 1.80574e-06
2650 375 1.97661e-06
2675 375 1.09379e-06
2700 375 -4.00961e-06
2725 375 -1.66257e-05
2750 375 -2.61744e-05
2775 375 -5.98594e-06
2800 375 3.067e-05
2825 375 2.50446e-05
2850 375 -1.31583e-05
2875 375 -3.11812e-05
2900 375 -2.35843e-05
2925 375 -9.89462e-06
2950 375 -2.32402e-06
2975 375 -2.0024e-07
0 400 0
25 400 -2.02788e-08
50 400 -4.07498e-08
75 400 -6.16099e-08
100 400 -8.30654e-08
125 400 -1.05337e-07
150 400 -1.28668e-07
175 400 -1.53326e-07
200 400 -1.79618e-07
225 400 -2.07898e-07
250 400 -2.38576e-07
275 400 -2.72143e-07
300 400 -3.09188e-07
325 400 -3.50424e-07
350 400 -3.96736e-07
375 400 -4.49226e-07
400 400 -5.09288e-07
425 400 -5.78719e-07
450 400 -6.59861e-07
475 400 -7.55833e-07
500 400 -8.70865e-07
525 400 -1.01084e-06
550 400 -1.18415e-06
575 400 -1.4032e-06
600 400 -1.68703e-06
625 400 -2.06643e-06
650 400 -2.59468e-06
675 400 -3.37319e-06
700 400 -4.62945e-06
725 400 -7.08043e-06
750 400 -1.2407e-05
775 400 -1.82142e-05
800 400 -1.03259e-05
825 400 1.59228e-05
850 400 3.55477e-05
875 400 3.13313e-05
900 400 1.64402e-05
925 400 6.23765e-06
950 400 2.5046e-06
975 400 1.75421e-06
1000 400 1.83515e-06
1025 400 2.12793e-06
1050 400 2.55378e-06
1075 400 3.17206e-06
1100 400 4.1605e-06
1125 400 5.68418e-06
1150 400 1.05584e-05
1175 400 2.07444e-05
1200 400 9.12692e-06
1225 400 -2.34798e-05
1250 400 -3.3358e-05
1275 400 -1.93344e-05
1300 400 -6.29952e-06
1325 400 -1.2254e-06
1350 400 -6.72288e-08
1375 400 1.06813e-07
1400 400 1.26265e-07
1425 400 1.29329e-07
1450 400 1.31278e-07
1475 400 1.33306e-07
1500 400 1.35489e-07
1525 400 1.37839e-07
1550 400 1.40366e-07
1575 400 1.43082e-07
1600 400 1.46e-07
1625 400 1.49132e-07
1650 400 1.52495e-07
1675 400 1.56105e-07
1700 400 1.59981e-07
1725 400 1.64145e-07
1750 400 1.68619e-07
1775 400 1.7343e-07
1800 400 1.78606e-07
1825 400 1.84181e-07
1850 400 1.90191e-07
1875 400 1.96676e-07
1900 400 2.03685e-07
1925 400 2.11269e-07
1950 400 2.19489e-07
1975 400 2.28411e-07
2000 400 2.38116e-07
2025 400 2.4869e-07
2050 400 2.60238e-07
2075 400 2.72879e-07
2100 400 2.8675e-07
2125 400 3.02014e-07
2150 400 3.18858e-07
