0 0 0
25 0 0
50 0 0
75 0 0
100 0 0
125 0 0
150 0 0
175 0 0
200 0 0
225 0 0
250 0 0
275 0 0
300 0 0
325 0 0
350 0 0
375 0 0
400 0 0
425 0 0
450 0 0
475 0 0
500 0 0
525 0 0
550 0 0
575 0 0
600 0 0
625 0 0
650 0 0
675 0 0
700 0 0
725 0 0
750 0 0
775 0 0
800 0 0
825 0 0
850 0 0
875 0 0
900 0 0
925 0 0
950 0 0
975 0 0
1000 0 0
1025 0 0
1050 0 0
1075 0 0
1100 0 0
1125 0 0
1150 0 0
1175 0 0
1200 0 0
1225 0 0
1250 0 0
1275 0 0
1300 0 0
1325 0 0
1350 0 0
1375 0 0
1400 0 0
1425 0 0
1450 0 0
1475 0 0
1500 0 0
1525 0 0
1550 0 0
1575 0 0
1600 0 0
1625 0 0
1650 0 0
1675 0 0
1700 0 0
1725 0 0
1750 0 0
1775 0 0
1800 0 0
1825 0 0
1850 0 0
1875 0 0
1900 0 0
1925 0 0
1950 0 0
1975 0 0
2000 0 0
2025 0 0
2050 0 0
2075 0 0
2100 0 0
2125 0 0
2150 0 0
2175 0 0
2200 0 0
2225 0 0
2250 0 0
2275 0 0
2300 0 0
2325 0 0
2350 0 0
2375 0 0
2400 0 0
2425 0 0
2450 0 0
2475 0 0
2500 0 0
2525 0 0
2550 0 0
2575 0 0
2600 0 0
2625 0 0
2650 0 0
2675 0 0
2700 0 0
2725 0 0
2750 0 0
2775 0 0
2800 0 0
2825 0 0
2850 0 0
2875 0 0
2900 0 0
2925 0 0
2950 0 0
2975 0 0
0 25 0
25 25 -2.81479e-05
50 25 -3.45749e-05
75 25 -2.15308e-05
100 25 -6.31189e-06
125 25 1.38457e-06
150 25 3.08417e-06
175 25 2.6634e-06
200 25 2.00027e-06
225 25 1.51035e-06
250 25 1.18008e-06
275 25 9.5176e-07
300 25 7.87468e-07
325 25 6.65156e-07
350 25 5.71579e-07
375 25 4.98375e-07
400 25 4.4004e-07
425 25 3.92826e-07
450 25 3.54101e-07
475 25 3.21978e-07
500 25 2.9507e-07
525 25 2.72341e-07
550 25 2.53005e-07
575 25 2.36456e-07
600 25 2.22221e-07
625 25 2.09929e-07
650 25 1.99282e-07
675 25 1.90043e-07
700 25 1.82019e-07
725 25 1.75052e-07
750 25 1.69016e-07
775 25 1.63805e-07
800 25 1.59332e-07
825 25 1.55528e-07
850 25 1.52333e-07
875 25 1.49702e-07
900 25 1.47597e-07
925 25 1.45988e-07
950 25 1.44854e-07
975 25 1.44179e-07
1000 25 1.43956e-07
1025 25 1.44179e-07
1050 25 1.44854e-07
1075 25 1.45988e-07
1100 25 1.47597e-07
1125 25 1.49702e-07
1150 25 1.52333e-07
1175 25 1.55528e-07
1200 25 1.59332e-07
1225 25 1.63805e-07
1250 25 1.69016e-07
1275 25 1.75052e-07
1300 25 1.82019e-07
1325 25 1.90043e-07
1350 25 1.99282e-07
1375 25 2.09929e-07
1400 25 2.22221e-07
1425 25 2.36456e-07
1450 25 2.53005e-07
1475 25 2.72341e-07
1500 25 2.9507e-07
1525 25 3.21978e-07
1550 25 3.54101e-07
1575 25 3.92826e-07
1600 25 4.4004e-07
1625 25 4.98375e-07
1650 25 5.71579e-07
1675 25 6.65156e-07
1700 25 7.87468e-07
1725 25 9.51766e-07
1750 25 1.18022e-06
1775 25 1.51279e-06
1800 25 2.03038e-06
1825 25 2.9281e-06
1850 25 4.71176e-06
1875 25 8.20809e-06
1900 25 1.24012e-05
1925 25 9.15687e-06
1950 25 -1.33186e-05
1975 25 -4.62018e-05
2000 25 -5.27839e-05
2025 25 -1.80539e-05
2050 25 2.12564e-05
2075 25 3.06877e-05
2100 25 1.87131e-05
2125 25 6.82352e-06
2150 25 1.62759e-06
2175 25 2.64703e-07
2200 25 3.01107e-08
2225 25 2.44067e-09
2250 25 1.43103e-10
2275 25 6.14793e-12
2300 25 1.95755e-13
2325 25 4.66752e-15
2350 25 8.41318e-17
2375 25 1.15645e-18
2400 25 1.22208e-20
2425 25 1.00035e-22
2450 25 6.38758e-25
2475 25 3.20262e-27
2500 25 1.26862e-29
2525 25 3.99321e-32
2550 25 1.00422e-34
2575 25 2.02801e-37
2600 25 3.30464e-40
2625 25 4.36475e-43
2650 25 4.69278e-46
2675 25 4.12371e-49
2700 25 2.97296e-52
2725 25 1.76483e-55
2750 25 8.65587e-59
2775 25 3.51905e-62
2800 25 1.18955e-65
2825 25 3.35312e-69
2850 25 7.90379e-73
2875 25 1.56202e-76
2900 25 2.59476e-80
2925 25 3.63165e-84
2950 25 4.29241e-88
2975 25 4.2937e-92
0 50 0
25 50 -3.45749e-05
50 50 -5.48789e-05
75 50 -4.75915e-05
100 50 -2.20397e-05
125 50 -1.41412e-06
150 50 5.9434e-06
175 50 5.99785e-06
200 50 4.52813e-06
225 50 3.34396e-06
250 50 2.56068e-06
275 50 2.03577e-06
300 50 1.66726e-06
325 50 1.39774e-06
350 50 1.19421e-06
375 50 1.03655e-06
400 50 9.11891e-07
425 50 8.11621e-07
450 50 7.29798e-07
475 50 6.6221e-07
500 50 6.05794e-07
525 50 5.58284e-07
550 50 5.17969e-07
575 50 4.83541e-07
600 50 4.53985e-07
625 50 4.28504e-07
650 50 4.06466e-07
675 50 3.87366e-07
700 50 3.70795e-07
725 50 3.56424e-07
750 50 3.43981e-07
775 50 3.33248e-07
800 50 3.24041e-07
825 50 3.16214e-07
850 50 3.09645e-07
875 50 3.04236e-07
900 50 2.9991e-07
925 50 2.96605e-07
950 50 2.94276e-07
975 50 2.9289e-07
1000 50 2.92431e-07
1025 50 2.9289e-07
1050 50 2.94276e-07
1075 50 2.96605e-07
1100 50 2.9991e-07
1125 50 3.04236e-07
1150 50 3.09645e-07
1175 50 3.16214e-07
1200 50 3.24041e-07
1225 50 3.33248e-07
1250 50 3.43981e-07
1275 50 3.56424e-07
1300 50 3.70795e-07
1325 50 3.87366e-07
1350 50 4.06466e-07
1375 50 4.28504e-07
1400 50 4.53985e-07
1425 50 4.83541e-07
1450 50 5.17969e-07
1475 50 5.58284e-07
1500 50 6.05794e-07
1525 50 6.6221e-07
1550 50 7.29798e-07
1575 50 8.11621e-07
1600 50 9.11891e-07
1625 50 1.03655e-06
1650 50 1.19421e-06
1675 50 1.39774e-06
1700 50 1.66726e-06
1725 50 2.03584e-06
1750 50 2.56207e-06
1775 50 3.36297e-06
1800 50 4.71344e-06
1825 50 7.26389e-06
1850 50 1.18826e-05
1875 50 1.71996e-05
1900 50 1.52421e-05
1925 50 -4.59278e-06
1950 50 -3.87259e-05
1975 50 -6.52062e-05
2000 50 -6.38064e-05
2025 50 -3.06312e-05
2050 50 1.6153e-05
2075 50 4.29987e-05
2100 50 3.72818e-05
2125 50 1.86137e-05
2150 50 5.93915e-06
2175 50 1.26604e-06
2200 50 1.85309e-07
2225 50 1.90089e-08
2250 50 1.38971e-09
2275 50 7.34689e-11
2300 50 2.84506e-12
2325 50 8.16465e-14
2350 50 1.75487e-15
2375 50 2.85256e-17
2400 50 3.53834e-19
2425 50 3.37703e-21
2450 50 2.49909e-23
2475 50 1.44426e-25
2500 50 6.56173e-28
2525 50 2.35832e-30
2550 50 6.74416e-33
2575 50 1.54298e-35
2600 50 2.83871e-38
2625 50 4.21988e-41
2650 50 5.09169e-44
2675 50 5.00793e-47
2700 50 4.03121e-50
2725 50 2.66589e-53
2750 50 1.45358e-56
2775 50 6.55695e-60
2800 50 2.45487e-63
2825 50 7.65147e-67
2850 50 1.99117e-70
2875 50 4.33827e-74
2900 50 7.93421e-78
2925 50 1.2211e-81
2950 50 1.58521e-85
2975 50 1.73976e-89
0 75 0
25 75 -2.15308e-05
50 75 -4.75915e-05
75 75 -6.4165e-05
100 75 -5.12446e-05
125 75 -1.91599e-05
150 75 4.00257e-06
175 75 1.02512e-05
200 75 8.60467e-06
225 75 6.1346e-06
250 75 4.4826e-06
275 75 3.45273e-06
300 75 2.76965e-06
325 75 2.28826e-06
350 75 1.93392e-06
375 75 1.66459e-06
400 75 1.45468e-06
425 75 1.28775e-06
450 75 1.15279e-06
475 75 1.04215e-06
500 75 9.5038e-07
525 75 8.73507e-07
550 75 8.08572e-07
575 75 7.53334e-07
600 75 7.06072e-07
625 75 6.65444e-07
650 75 6.30395e-07
675 75 6.00084e-07
700 75 5.73839e-07
725 75 5.51115e-07
750 75 5.3147e-07
775 75 5.14545e-07
800 75 5.00043e-07
825 75 4.87726e-07
850 75 4.77397e-07
875 75 4.68898e-07
900 75 4.62104e-07
925 75 4.56916e-07
950 75 4.5326e-07
975 75 4.51087e-07
1000 75 4.50366e-07
1025 75 4.51087e-07
1050 75 4.5326e-07
1075 75 4.56916e-07
1100 75 4.62104e-07
1125 75 4.68898e-07
1150 75 4.77397e-07
1175 75 4.87726e-07
1200 75 5.00043e-07
1225 75 5.14545e-07
1250 75 5.3147e-07
1275 75 5.51115e-07
1300 75 5.73839e-07
1325 75 6.00084e-07
1350 75 6.30395e-07
1375 75 6.65444e-07
1400 75 7.06072e-07
1425 75 7.53334e-07
1450 75 8.08572e-07
1475 75 8.73507e-07
1500 75 9.5038e-07
1525 75 1.04215e-06
1550 75 1.15279e-06
1575 75 1.28775e-06
1600 75 1.45468e-06
1625 75 1.66459e-06
1650 75 1.93392e-06
1675 75 2.28826e-06
1700 75 2.76969e-06
1725 75 3.45343e-06
1750 75 4.49326e-06
1775 75 6.25014e-06
1800 75 9.48046e-06
1825 75 1.47961e-05
1850 75 1.972e-05
1875 75 1.56607e-05
1900 75 -5.32719e-06
1925 75 -3.55404e-05
1950 75 -5.43347e-05
1975 75 -5.31762e-05
2000 75 -4.34497e-05
2025 75 -3.16454e-05
2050 75 -6.74321e-06
2075 75 2.86246e-05
2100 75 4.59174e-05
2125 75 3.48206e-05
2150 75 1.57174e-05
2175 75 4.54493e-06
2200 75 8.75783e-07
2225 75 1.15541e-07
2250 75 1.06585e-08
2275 75 6.99687e-10
2300 75 3.31868e-11
2325 75 1.15273e-12
2350 75 2.96786e-14
2375 75 5.72624e-16
2400 75 8.3628e-18
2425 75 9.32981e-20
2450 75 8.01864e-22
2475 75 5.35088e-24
2500 75 2.79247e-26
2525 75 1.14738e-28
2550 75 3.73508e-31
2575 75 9.68951e-34
2600 75 2.01411e-36
2625 75 3.37183e-39
2650 75 4.56805e-42
2675 75 5.0308e-45
2700 75 4.52299e-48
2725 75 3.33298e-51
2750 75 2.02067e-54
2775 75 1.01148e-57
2800 75 4.19456e-61
2825 75 1.44565e-64
2850 75 4.15339e-68
2875 75 9.9758e-72
2900 75 2.00853e-75
2925 75 3.39876e-79
2950 75 4.84549e-83
2975 75 5.83375e-87
0 100 0
25 100 -6.31189e-06
50 100 -2.20397e-05
75 100 -5.12446e-05
100 100 -7.18133e-05
125 100 -5.58401e-05
150 100 -1.75524e-05
175 100 8.60343e-06
200 100 1.44298e-05
225 100 1.13716e-05
250 100 7.85724e-06
275 100 5.65693e-06
300 100 4.34512e-06
325 100 3.49352e-06
350 100 2.8974e-06
375 100 2.45923e-06
400 100 2.12599e-06
425 100 1.86591e-06
450 100 1.65871e-06
475 100 1.49088e-06
500 100 1.35304e-06
525 100 1.23853e-06
550 100 1.14247e-06
575 100 1.06123e-06
600 100 9.92081e-07
625 100 9.32896e-07
650 100 8.82032e-07
675 100 8.38191e-07
700 100 8.00338e-07
725 100 7.67645e-07
750 100 7.39445e-07
775 100 7.15193e-07
800 100 6.94449e-07
825 100 6.76854e-07
850 100 6.62116e-07
875 100 6.50003e-07
900 100 6.40326e-07
925 100 6.32941e-07
950 100 6.27741e-07
975 100 6.2465e-07
1000 100 6.23625e-07
1025 100 6.2465e-07
1050 100 6.27741e-07
1075 100 6.32941e-07
1100 100 6.40326e-07
1125 100 6.50003e-07
1150 100 6.62116e-07
1175 100 6.76854e-07
1200 100 6.94449e-07
1225 100 7.15193e-07
1250 100 7.39445e-07
1275 100 7.67645e-07
1300 100 8.00338e-07
1325 100 8.38191e-07
1350 100 8.82032e-07
1375 100 9.32896e-07
1400 100 9.92081e-07
1425 100 1.06123e-06
1450 100 1.14247e-06
1475 100 1.23853e-06
1500 100 1.35304e-06
1525 100 1.49088e-06
1550 100 1.65871e-06
1575 100 1.86591e-06
1600 100 2.12599e-06
1625 100 2.45923e-06
1650 100 2.8974e-06
1675 100 3.49354e-06
1700 100 4.34543e-06
1725 100 5.66227e-06
1750 100 7.92231e-06
1775 100 1.1925e-05
1800 100 1.76485e-05
1825 100 2.10549e-05
1850 100 1.32733e-05
1875 100 -1.01752e-05
1900 100 -3.7969e-05
1925 100 -5.10245e-05
1950 100 -4.42245e-05
1975 100 -3.00564e-05
2000 100 -2.2278e-05
2025 100 -2.37445e-05
2050 100 -2.21849e-05
2075 100 2.20107e-07
2100 100 3.38443e-05
2125 100 4.56649e-05
2150 100 3.08258e-05
2175 100 1.24515e-05
2200 100 3.21868e-06
2225 100 5.5347e-07
2250 100 6.50726e-08
2275 100 5.3458e-09
2300 100 3.1248e-10
2325 100 1.32023e-11
2350 100 4.08805e-13
2375 100 9.39299e-15
2400 100 1.61947e-16
2425 100 2.11662e-18
2450 100 2.11664e-20
2475 100 1.63339e-22
2500 100 9.80351e-25
2525 100 4.60976e-27
2550 100 1.70963e-29
2575 100 5.0323e-32
2600 100 1.18251e-34
2625 100 2.23035e-37
2650 100 3.39378e-40
2675 100 4.18604e-43
2700 100 4.20413e-46
2725 100 3.45244e-49
2750 100 2.3274e-52
2775 100 1.29281e-55
2800 100 5.93803e-59
2825 100 2.26278e-62
2850 100 7.17633e-66
2875 100 1.89984e-69
2900 100 4.21031e-73
2925 100 7.83178e-77
2950 100 1.22592e-80
2975 100 1.61872e-84
0 125 0
25 125 1.38457e-06
50 125 -1.41412e-06
75 125 -1.91599e-05
100 125 -5.58401e-05
125 125 -8.0799e-05
150 125 -6.15641e-05
175 125 -1.78981e-05
200 125 1.15358e-05
225 125 1.82796e-05
250 125 1.45727e-05
275 125 1.0013e-05
300 125 7.07758e-06
325 125 5.36855e-06
350 125 4.29654e-06
375 125 3.56065e-06
400 125 3.0248e-06
425 125 2.61934e-06
450 125 2.30381e-06
475 125 2.0529e-06
500 125 1.84987e-06
525 125 1.68325e-06
550 125 1.54489e-06
575 125 1.42889e-06
600 125 1.33086e-06
625 125 1.24749e-06
650 125 1.17622e-06
675 125 1.11508e-06
700 125 1.0625e-06
725 125 1.01726e-06
750 125 9.78342e-07
775 125 9.44966e-07
800 125 9.16482e-07
825 125 8.92369e-07
850 125 8.72206e-07
875 125 8.55655e-07
900 125 8.42448e-07
925 125 8.32379e-07
950 125 8.25292e-07
975 125 8.21082e-07
1000 125 8.19685e-07
1025 125 8.21082e-07
1050 125 8.25292e-07
1075 125 8.32379e-07
1100 125 8.42448e-07
1125 125 8.55655e-07
1150 125 8.72206e-07
1175 125 8.92369e-07
1200 125 9.16482e-07
1225 125 9.44966e-07
1250 125 9.78342e-07
1275 125 1.01726e-06
1300 125 1.0625e-06
1325 125 1.11508e-06
1350 125 1.17622e-06
1375 125 1.24749e-06
1400 125 1.33086e-06
1425 125 1.42889e-06
1450 125 1.54489e-06
1475 125 1.68325e-06
1500 125 1.84987e-06
1525 125 2.0529e-06
1550 125 2.30381e-06
1575 125 2.61934e-06
1600 125 3.0248e-06
1625 125 3.56065e-06
1650 125 4.29655e-06
1675 125 5.36867e-06
1700 125 7.07996e-06
1725 125 1.00459e-05
1750 125 1.48899e-05
1775 125 2.03732e-05
1800 125 2.07317e-05
1825 125 7.99267e-06
1850 125 -1.76244e-05
1875 125 -4.18936e-05
1900 125 -4.91398e-05
1925 125 -3.89659e-05
1950 125 -2.37747e-05
1975 125 -1.38554e-05
2000 125 -1.14053e-05
2025 125 -1.52399e-05
2050 125 -2.23605e-05
2075 125 -1.98059e-05
2100 125 6.70024e-06
2125 125 3.89053e-05
2150 125 4.39397e-05
2175 125 2.58907e-05
2200 125 9.19587e-06
2225 125 2.09357e-06
2250 125 3.17236e-07
2275 125 3.28868e-08
2300 125 2.38431e-09
2325 125 1.23149e-10
2350 125 4.60437e-12
2375 125 1.26385e-13
2400 125 2.57903e-15
2425 125 3.95694e-17
2450 125 4.61159e-19
2475 125 4.1208e-21
2500 125 2.84747e-23
2525 125 1.53353e-25
2550 125 6.48374e-28
2575 125 2.16654e-30
2600 125 5.75724e-33
2625 125 1.22371e-35
2650 125 2.09171e-38
2675 125 2.88981e-41
2700 125 3.24212e-44
2725 125 2.96687e-47
2750 125 2.22374e-50
2775 125 1.37051e-53
2800 125 6.97094e-57
2825 125 2.93643e-60
2850 125 1.02776e-63
2875 125 2.99819e-67
2900 125 7.31131e-71
2925 125 1.49455e-74
2950 125 2.56774e-78
2975 125 3.71715e-82
0 150 0
25 150 3.08417e-06
50 150 5.9434e-06
75 150 4.00257e-06
100 150 -1.75524e-05
125 150 -6.15641e-05
150 150 -8.88715e-05
175 150 -6.71093e-05
200 150 -2.09863e-05
225 150 1.13244e-05
250 150 2.09768e-05
275 150 1.82142e-05
300 150 1.29379e-05
325 150 9.02993e-06
350 150 6.69453e-06
375 150 5.28415e-06
400 150 4.35136e-06
425 150 3.68602e-06
450 150 3.18848e-06
475 150 2.80431e-06
500 150 2.50048e-06
525 150 2.25564e-06
550 150 2.05535e-06
575 150 1.8895e-06
600 150 1.75079e-06
625 150 1.63386e-06
650 150 1.53466e-06
675 150 1.4501e-06
700 150 1.3778e-06
725 150 1.31587e-06
750 150 1.26283e-06
775 150 1.2175e-06
800 150 1.17894e-06
825 150 1.14638e-06
850 150 1.11921e-06
875 150 1.09695e-06
900 150 1.07922e-06
925 150 1.06571e-06
950 150 1.05621e-06
975 150 1.05057e-06
1000 150 1.0487e-06
1025 150 1.05057e-06
1050 150 1.05621e-06
1075 150 1.06571e-06
1100 150 1.07922e-06
1125 150 1.09695e-06
1150 150 1.11921e-06
1175 150 1.14638e-06
1200 150 1.17894e-06
1225 150 1.2175e-06
1250 150 1.26283e-06
1275 150 1.31587e-06
1300 150 1.3778e-06
1325 150 1.4501e-06
1350 150 1.53466e-06
1375 150 1.63386e-06
1400 150 1.75079e-06
1425 150 1.8895e-06
1450 150 2.05535e-06
1475 150 2.25564e-06
1500 150 2.50048e-06
1525 150 2.80431e-06
1550 150 3.18848e-06
1575 150 3.68602e-06
1600 150 4.35136e-06
1625 150 5.28415e-06
1650 150 6.69457e-06
1675 150 9.03087e-06
1700 150 1.29527e-05
1725 150 1.83777e-05
1750 150 2.22158e-05
1775 150 1.75875e-05
1800 150 -6.11068e-07
1825 150 -2.67679e-05
1850 150 -4.55957e-05
1875 150 -4.65577e-05
1900 150 -3.38261e-05
1925 150 -1.92237e-05
1950 150 -1.01474e-05
1975 150 -6.90181e-06
2000 150 -7.20767e-06
2025 150 -9.98598e-06
2050 150 -1.60908e-05
2075 150 -2.32262e-05
2100 150 -1.62737e-05
2125 150 1.50064e-05
2150 150 4.32758e-05
2175 150 4.03414e-05
2200 150 2.03753e-05
2225 150 6.26313e-06
2250 150 1.23902e-06
2275 150 1.63575e-07
2300 150 1.48088e-08
2325 150 9.39837e-10
2350 150 4.25965e-11
2375 150 1.40106e-12
2400 150 3.39187e-14
2425 150 6.12037e-16
2450 150 8.32487e-18
2475 150 8.62327e-20
2500 150 6.86584e-22
2525 150 4.23768e-24
2550 150 2.04341e-26
2575 150 7.75345e-29
2600 150 2.33036e-31
2625 150 5.58222e-34
2650 150 1.07184e-36
2675 150 1.65844e-39
2700 150 2.07813e-42
2725 150 2.1187e-45
2750 150 1.76515e-48
2775 150 1.20666e-51
2800 150 6.79439e-55
2825 150 3.16265e-58
2850 150 1.22116e-61
2875 150 3.92388e-65
2900 150 1.05246e-68
2925 150 2.3632e-72
2950 150 4.45439e-76
2975 150 7.06635e-80
0 175 0
25 175 2.6634e-06
50 175 5.99785e-06
75 175 1.02512e-05
100 175 8.60343e-06
125 175 -1.78981e-05
150 175 -6.71093e-05
175 175 -9.32675e-05
200 175 -7.09325e-05
225 175 -2.72475e-05
250 175 6.29943e-06
275 175 2.08579e-05
300 175 2.16221e-05
325 175 1.68281e-05
350 175 1.19355e-05
375 175 8.62705e-06
400 175 6.63192e-06
425 175 5.37881e-06
450 175 4.52028e-06
475 175 3.8926e-06
500 175 3.4148e-06
525 175 3.04074e-06
550 175 2.74164e-06
575 175 2.49847e-06
600 175 2.29816e-06
625 175 2.13142e-06
650 175 1.99145e-06
675 175 1.87323e-06
700 175 1.77291e-06
725 175 1.68755e-06
750 175 1.61486e-06
775 175 1.55305e-06
800 175 1.50067e-06
825 175 1.4566e-06
850 175 1.41995e-06
875 175 1.38999e-06
900 175 1.36616e-06
925 175 1.34805e-06
950 175 1.33533e-06
975 175 1.32778e-06
1000 175 1.32528e-06
1025 175 1.32778e-06
1050 175 1.33533e-06
1075 175 1.34805e-06
1100 175 1.36616e-06
1125 175 1.38999e-06
1150 175 1.41995e-06
1175 175 1.4566e-06
1200 175 1.50067e-06
1225 175 1.55305e-06
1250 175 1.61486e-06
1275 175 1.68755e-06
1300 175 1.77291e-06
1325 175 1.87323e-06
1350 175 1.99145e-06
1375 175 2.13142e-06
1400 175 2.29816e-06
1425 175 2.49847e-06
1450 175 2.74164e-06
1475 175 3.04074e-06
1500 175 3.4148e-06
1525 175 3.8926e-06
1550 175 4.52028e-06
1575 175 5.37881e-06
1600 175 6.63192e-06
1625 175 8.62706e-06
1650 175 1.19358e-05
1675 175 1.6834e-05
1700 175 2.16974e-05
1725 175 2.15187e-05
1750 175 1.01889e-05
1775 175 -1.24224e-05
1800 175 -3.61534e-05
1825 175 -4.75749e-05
1850 175 -4.24231e-05
1875 175 -2.82184e-05
1900 175 -1.50888e-05
1925 175 -7.58191e-06
1950 175 -4.83641e-06
1975 175 -4.58233e-06
2000 175 -5.45828e-06
2025 175 -7.24572e-06
2050 175 -1.08343e-05
2075 175 -1.78331e-05
2100 175 -2.36922e-05
2125 175 -1.03203e-05
2150 175 2.46862e-05
2175 175 4.56926e-05
2200 175 3.47791e-05
2225 175 1.48251e-05
2250 175 3.88942e-06
2275 175 6.60716e-07
2300 175 7.52389e-08
2325 175 5.89839e-09
2350 175 3.25339e-10
2375 175 1.28603e-11
2400 175 3.70172e-13
2425 175 7.86839e-15
2450 175 1.25059e-16
2475 175 1.50295e-18
2500 175 1.37964e-20
2525 175 9.76249e-23
2550 175 5.36995e-25
2575 175 2.31383e-27
2600 175 7.86523e-30
2625 175 2.12299e-32
2650 175 4.57792e-35
2675 175 7.93068e-38
2700 175 1.10955e-40
2725 175 1.25979e-43
2750 175 1.16614e-46
2775 175 8.83804e-50
2800 175 5.50636e-53
2825 175 2.83084e-56
2850 175 1.20519e-59
2875 175 4.26321e-63
2900 175 1.25702e-66
2925 175 3.09863e-70
2950 175 6.40399e-74
2975 175 1.11264e-77
0 200 0
25 200 2.00027e-06
50 200 4.52813e-06
75 200 8.60467e-06
100 200 1.44298e-05
125 200 1.15358e-05
150 200 -2.09863e-05
175 200 -7.09325e-05
200 200 -9.15364e-05
225 200 -7.13497e-05
250 200 -3.58662e-05
275 200 -4.44383e-06
300 200 1.55574e-05
325 200 2.27994e-05
350 200 2.11072e-05
375 200 1.61787e-05
400 200 1.17089e-05
425 200 8.7071e-06
450 200 6.85434e-06
475 200 5.66094e-06
500 200 4.82752e-06
525 200 4.2093e-06
550 200 3.7335e-06
575 200 3.3579e-06
600 200 3.05561e-06
625 200 2.80867e-06
650 200 2.60459e-06
675 200 2.43444e-06
700 200 2.29164e-06
725 200 2.17125e-06
750 200 2.06955e-06
775 200 1.98363e-06
800 200 1.91125e-06
825 200 1.85064e-06
850 200 1.80043e-06
875 200 1.75953e-06
900 200 1.72709e-06
925 200 1.70248e-06
950 200 1.68522e-06
975 200 1.67499e-06
1000 200 1.6716e-06
1025 200 1.67499e-06
1050 200 1.68522e-06
1075 200 1.70248e-06
1100 200 1.72709e-06
1125 200 1.75953e-06
1150 200 1.80043e-06
1175 200 1.85064e-06
1200 200 1.91125e-06
1225 200 1.98363e-06
1250 200 2.06955e-06
1275 200 2.17125e-06
1300 200 2.29164e-06
1325 200 2.43444e-06
1350 200 2.60459e-06
1375 200 2.80867e-06
1400 200 3.05561e-06
1425 200 3.3579e-06
1450 200 3.7335e-06
1475 200 4.2093e-06
1500 200 4.82752e-06
1525 200 5.66094e-06
1550 200 6.85434e-06
1575 200 8.7071e-06
1600 200 1.17089e-05
1625 200 1.61788e-05
1650 200 2.11092e-05
1675 200 2.283e-05
1700 200 1.58718e-05
1725 200 -2.26671e-06
1750 200 -2.60271e-05
1775 200 -4.36411e-05
1800 200 -4.65563e-05
1825 200 -3.64969e-05
1850 200 -2.2263e-05
1875 200 -1.12906e-05
1900 200 -5.57005e-06
1925 200 -3.55232e-06
1950 200 -3.28507e-06
1975 200 -3.70059e-06
2000 200 -4.48016e-06
2025 200 -5.70086e-06
2050 200 -7.8132e-06
2075 200 -1.2157e-05
2100 200 -1.99999e-05
2125 200 -2.28264e-05
2150 200 -1.27663e-06
2175 200 3.44357e-05
2200 200 4.49801e-05
2225 200 2.77086e-05
2250 200 9.8391e-06
2275 200 2.17712e-06
2300 200 3.1436e-07
2325 200 3.06121e-08
2350 200 2.06295e-09
2375 200 9.82782e-11
2400 200 3.37018e-12
2425 200 8.45066e-14
2450 200 1.57094e-15
2475 200 2.19173e-17
2500 200 2.32034e-19
2525 200 1.88261e-21
2550 200 1.18121e-23
2575 200 5.77869e-26
2600 200 2.22094e-28
2625 200 6.75243e-31
2650 200 1.63449e-33
2675 200 3.16867e-36
2700 200 4.94694e-39
2725 200 6.25155e-42
2750 200 6.4255e-45
2775 200 5.39559e-48
2800 200 3.71709e-51
2825 200 2.10917e-54
2850 200 9.89391e-58
2875 200 3.85025e-61
2900 200 1.2471e-64
2925 200 3.37251e-68
2950 200 7.63697e-72
2975 200 1.45214e-75
0 225 0
25 225 1.51035e-06
50 225 3.34396e-06
75 225 6.1346e-06
100 225 1.13716e-05
125 225 1.82796e-05
150 225 1.13244e-05
175 225 -2.72475e-05
200 225 -7.13497e-05
225 225 -8.25264e-05
250 225 -6.69996e-05
275 225 -4.42807e-05
300 225 -1.96647e-05
325 225 3.22562e-06
350 225 1.83019e-05
375 225 2.32927e-05
400 225 2.11722e-05
425 225 1.64991e-05
450 225 1.2241e-05
475 225 9.2815e-06
500 225 7.40186e-06
525 225 6.17815e-06
550 225 5.32123e-06
575 225 4.6828e-06
600 225 4.18899e-06
625 225 3.79789e-06
650 225 3.4826e-06
675 225 3.22489e-06
700 225 3.0121e-06
725 225 2.83515e-06
750 225 2.68734e-06
775 225 2.56368e-06
800 225 2.46034e-06
825 225 2.37439e-06
850 225 2.30359e-06
875 225 2.24617e-06
900 225 2.20081e-06
925 225 2.1665e-06
950 225 2.14248e-06
975 225 2.12827e-06
1000 225 2.12356e-06
1025 225 2.12827e-06
1050 225 2.14248e-06
1075 225 2.1665e-06
1100 225 2.20081e-06
1125 225 2.24617e-06
1150 225 2.30359e-06
1175 225 2.37439e-06
1200 225 2.46034e-06
1225 225 2.56368e-06
1250 225 2.68734e-06
1275 225 2.83515e-06
1300 225 3.0121e-06
1325 225 3.22489e-06
1350 225 3.4826e-06
1375 225 3.79789e-06
1400 225 4.18899e-06
1425 225 4.6828e-06
1450 225 5.32123e-06
1475 225 6.17815e-06
1500 225 7.40186e-06
1525 225 9.2815e-06
1550 225 1.2241e-05
1575 225 1.64991e-05
1600 225 2.11723e-05
1625 225 2.32933e-05
1650 225 1.83128e-05
1675 225 3.35779e-06
1700 225 -1.85786e-05
1725 225 -3.84031e-05
1750 225 -4.69154e-05
1775 225 -4.19391e-05
1800 225 -2.91654e-05
1825 225 -1.64054e-05
1850 225 -7.99031e-06
1875 225 -3.99787e-06
1900 225 -2.67465e-06
1925 225 -2.50734e-06
1950 225 -2.75633e-06
1975 225 -3.19394e-06
2000 225 -3.81185e-06
2025 225 -4.70429e-06
2050 225 -6.10029e-06
2075 225 -8.64194e-06
2100 225 -1.40462e-05
2125 225 -2.22775e-05
2150 225 -1.93147e-05
2175 225 1.08422e-05
2200 225 4.21842e-05
2225 225 4.05872e-05
2250 225 2.00843e-05
2275 225 5.87754e-06
2300 225 1.08609e-06
2325 225 1.32164e-07
2350 225 1.09258e-08
2375 225 6.29017e-10
2400 225 2.57452e-11
2425 225 7.62426e-13
2450 225 1.65886e-14
2475 225 2.68771e-16
2500 225 3.28183e-18
2525 225 3.05262e-20
2550 225 2.18407e-22
2575 225 1.2126e-24
2600 225 5.26643e-27
2625 225 1.80243e-29
2650 225 4.89429e-32
2675 225 1.06102e-34
2700 225 1.84703e-37
2725 225 2.59585e-40
2750 225 2.96016e-43
2775 225 2.75177e-46
2800 225 2.09443e-49
2825 225 1.31057e-52
2850 225 6.76808e-56
2875 225 2.89502e-59
2900 225 1.0292e-62
2925 225 3.05072e-66
2950 225 7.56281e-70
2975 225 1.57248e-73
0 250 0
25 250 1.18008e-06
50 250 2.56068e-06
75 250 4.4826e-06
100 250 7.85724e-06
125 250 1.45727e-05
150 250 2.09768e-05
175 250 6.29943e-06
200 250 -3.58662e-05
225 250 -6.69996e-05
250 250 -6.72419e-05
275 250 -5.7592e-05
300 250 -4.88409e-05
325 250 -3.51591e-05
350 250 -1.50983e-05
375 250 5.05779e-06
400 250 1.86273e-05
425 250 2.35307e-05
450 250 2.20527e-05
475 250 1.7879e-05
500 250 1.36834e-05
525 250 1.05271e-05
550 250 8.42436e-06
575 250 7.04582e-06
600 250 6.09569e-06
625 250 5.3969e-06
650 250 4.85843e-06
675 250 4.43237e-06
700 250 4.08985e-06
725 250 3.8113e-06
750 250 3.58284e-06
775 250 3.39448e-06
800 250 3.23894e-06
825 250 3.11085e-06
850 250 3.00618e-06
875 250 2.92188e-06
900 250 2.85563e-06
925 250 2.80572e-06
950 250 2.7709e-06
975 250 2.75033e-06
1000 250 2.74353e-06
1025 250 2.75033e-06
1050 250 2.7709e-06
1075 250 2.80572e-06
1100 250 2.85563e-06
1125 250 2.92188e-06
1150 250 3.00618e-06
1175 250 3.11085e-06
1200 250 3.23894e-06
1225 250 3.39448e-06
1250 250 3.58284e-06
1275 250 3.8113e-06
1300 250 4.08985e-06
1325 250 4.43237e-06
1350 250 4.85843e-06
1375 250 5.3969e-06
1400 250 6.09569e-06
1425 250 7.04582e-06
1450 250 8.42436e-06
1475 250 1.05271e-05
1500 250 1.36834e-05
1525 250 1.7879e-05
1550 250 2.20527e-05
1575 250 2.35307e-05
1600 250 1.86274e-05
1625 250 5.06118e-06
1650 250 -1.50496e-05
1675 250 -3.46815e-05
1700 250 -4.57209e-05
1725 250 -4.4544e-05
1750 250 -3.42117e-05
1775 250 -2.13461e-05
1800 250 -1.11941e-05
1825 250 -5.35336e-06
1850 250 -2.83157e-06
1875 250 -2.06348e-06
1900 250 -1.99757e-06
1925 250 -2.17263e-06
1950 250 -2.45181e-06
1975 250 -2.82227e-06
2000 250 -3.31653e-06
2025 250 -4.00234e-06
2050 250 -5.01248e-06
2075 250 -6.65523e-06
2100 250 -9.85481e-06
2125 250 -1.66362e-05
2150 250 -2.38083e-05
2175 250 -1.16528e-05
2200 250 2.46721e-05
2225 250 4.56535e-05
2250 250 3.30302e-05
2275 250 1.3048e-05
2300 250 3.11996e-06
2325 250 4.77621e-07
2350 250 4.86412e-08
2375 250 3.39329e-09
2400 250 1.6604e-10
2425 250 5.8129e-12
2450 250 1.48095e-13
2475 250 2.78666e-15
2500 250 3.92369e-17
2525 250 4.18232e-19
2550 250 3.41021e-21
2575 250 2.14723e-23
2600 250 1.05299e-25
2625 250 4.05334e-28
2650 250 1.23354e-30
2675 250 2.98752e-33
2700 250 5.79333e-36
2725 250 9.04594e-39
2750 250 1.14331e-41
2775 250 1.17538e-44
2800 250 9.87367e-48
2825 250 6.80631e-51
2850 250 3.86559e-54
2875 250 1.8156e-57
2900 250 7.07712e-61
2925 250 2.29705e-64
2950 250 6.22767e-68
2975 250 1.41452e-71
0 275 0
25 275 9.5176e-07
50 275 2.03577e-06
75 275 3.45273e-06
100 275 5.65693e-06
125 275 1.0013e-05
150 275 1.82142e-05
175 275 2.08579e-05
200 275 -4.44383e-06
225 275 -4.42807e-05
250 275 -5.7592e-05
275 275 -4.8794e-05
300 275 -4.44614e-05
325 275 -4.67763e-05
350 275 -4.50228e-05
375 275 -3.38439e-05
400 275 -1.56805e-05
425 275 3.10184e-06
450 275 1.68033e-05
475 275 2.31925e-05
500 275 2.34601e-05
525 275 2.03595e-05
550 275 1.63689e-05
575 275 1.28814e-05
600 275 1.03132e-05
625 275 8.55753e-06
650 275 7.36369e-06
675 275 6.51889e-06
700 275 5.88847e-06
725 275 5.39786e-06
750 275 5.00658e-06
775 275 4.69087e-06
800 275 4.43502e-06
825 275 4.22778e-06
850 275 4.06079e-06
875 275 3.92782e-06
900 275 3.82426e-06
925 275 3.74676e-06
950 275 3.69296e-06
975 275 3.66127e-06
1000 275 3.65081e-06
1025 275 3.66127e-06
1050 275 3.69296e-06
1075 275 3.74676e-06
1100 275 3.82426e-06
1125 275 3.92782e-06
1150 275 4.06079e-06
1175 275 4.22778e-06
1200 275 4.43502e-06
1225 275 4.69087e-06
1250 275 5.00658e-06
1275 275 5.39786e-06
1300 275 5.88847e-06
1325 275 6.51889e-06
1350 275 7.36369e-06
1375 275 8.55753e-06
1400 275 1.03132e-05
1425 275 1.28814e-05
1450 275 1.63689e-05
1475 275 2.03595e-05
1500 275 2.34601e-05
1525 275 2.31925e-05
1550 275 1.68033e-05
1575 275 3.10188e-06
1600 275 -1.56796e-05
1625 275 -3.38284e-05
1650 275 -4.48396e-05
1675 275 -4.53223e-05
1700 275 -3.697e-05
1725 275 -2.49212e-05
1750 275 -1.41597e-05
1775 275 -7.06156e-06
1800 275 -3.4446e-06
1825 275 -2.02522e-06
1850 275 -1.64193e-06
1875 275 -1.64626e-06
1900 275 -1.78088e-06
1925 275 -1.9739e-06
1950 275 -2.21854e-06
1975 275 -2.52947e-06
2000 275 -2.93463e-06
2025 275 -3.48123e-06
2050 275 -4.2543e-06
2075 275 -5.42663e-06
2100 275 -7.4378e-06
2125 275 -1.16593e-05
2150 275 -1.98561e-05
2175 275 -2.28832e-05
2200 275 9.99232e-07
2225 275 3.72191e-05
2250 275 4.34323e-05
2275 275 2.38728e-05
2300 275 7.49141e-06
2325 275 1.45395e-06
2350 275 1.83245e-07
2375 275 1.5532e-08
2400 275 9.09999e-10
2425 275 3.76891e-11
2450 275 1.12454e-12
2475 275 2.45697e-14
2500 275 3.98723e-16
2525 275 4.86691e-18
2550 275 4.51874e-20
2575 275 3.22359e-22
2600 275 1.78311e-24
2625 275 7.71131e-27
2650 275 2.62711e-29
2675 275 7.09977e-32
2700 275 1.5318e-34
2725 275 2.65411e-37
2750 275 3.7134e-40
2775 275 4.21671e-43
2800 275 3.90467e-46
2825 275 2.96161e-49
2850 275 1.84758e-52
2875 275 9.51707e-56
2900 275 4.06267e-59
2925 275 1.44219e-62
2950 275 4.27114e-66
2975 275 1.05853e-69
0 300 0
25 300 7.87468e-07
50 300 1.66726e-06
75 300 2.76965e-06
100 300 4.34512e-06
125 300 7.07758e-06
150 300 1.29379e-05
175 300 2.16221e-05
200 300 1.55574e-05
225 300 -1.96647e-05
250 300 -4.88409e-05
275 300 -4.44614e-05
300 300 -3.11514e-05
325 300 -3.03086e-05
350 300 -3.82102e-05
375 300 -4.51549e-05
400 300 -4.50128e-05
425 300 -3.60082e-05
450 300 -2.03903e-05
475 300 -2.91527e-06
500 300 1.16905e-05
525 300 2.07525e-05
550 300 2.41265e-05
575 300 2.33588e-05
600 300 2.04546e-05
625 300 1.70107e-05
650 300 1.39267e-05
675 300 1.15189e-05
700 300 9.76765e-06
725 300 8.5265e-06
750 300 7.64068e-06
775 300 6.99153e-06
800 300 6.50078e-06
825 300 6.1206e-06
850 300 5.82244e-06
875 300 5.58892e-06
900 300 5.40902e-06
925 300 5.2754e-06
950 300 5.18313e-06
975 300 5.12898e-06
1000 300 5.11113e-06
1025 300 5.12898e-06
1050 300 5.18313e-06
1075 300 5.2754e-06
1100 300 5.40902e-06
1125 300 5.58892e-06
1150 300 5.82244e-06
1175 300 6.1206e-06
1200 300 6.50078e-06
1225 300 6.99153e-06
1250 300 7.64068e-06
1275 300 8.5265e-06
1300 300 9.76765e-06
1325 300 1.15189e-05
1350 300 1.39267e-05
1375 300 1.70107e-05
1400 300 2.04546e-05
1425 300 2.33588e-05
1450 300 2.41265e-05
1475 300 2.07525e-05
1500 300 1.16905e-05
1525 300 -2.91526e-06
1550 300 -2.03903e-05
1575 300 -3.6008e-05
1600 300 -4.50086e-05
1625 300 -4.50942e-05
1650 300 -3.7622e-05
1675 300 -2.65568e-05
1700 300 -1.60468e-05
1725 300 -8.48428e-06
1750 300 -4.17043e-06
1775 300 -2.20224e-06
1800 300 -1.50592e-06
1825 300 -1.35402e-06
1850 300 -1.39535e-06
1875 300 -1.50281e-06
1900 300 -1.64362e-06
1925 300 -1.81592e-06
1950 300 -2.0277e-06
1975 300 -2.29269e-06
2000 300 -2.63215e-06
2025 300 -3.08016e-06
2050 300 -3.69496e-06
2075 300 -4.58558e-06
2100 300 -5.98874e-06
2125 300 -8.58039e-06
2150 300 -1.43333e-05
2175 300 -2.29761e-05
2200 300 -1.70633e-05
2225 300 1.74624e-05
2250 300 4.46705e-05
2275 300 3.59771e-05
2300 300 1.51047e-05
2325 300 3.75181e-06
2350 300 5.8816e-07
2375 300 6.07417e-08
2400 300 4.26709e-09
2425 300 2.09184e-10
2450 300 7.3092e-12
2475 300 1.85337e-13
2500 300 3.46385e-15
2525 300 4.83697e-17
2550 300 5.10793e-19
2575 300 4.12339e-21
2600 300 2.56929e-23
2625 300 1.24662e-25
2650 300 4.74771e-28
2675 300 1.42969e-30
2700 300 3.42703e-33
2725 300 6.57962e-36
2750 300 1.01759e-38
2775 300 1.2745e-41
2800 300 1.2991e-44
2825 300 1.08264e-47
2850 300 7.40843e-51
2875 300 4.17946e-54
2900 300 1.95122e-57
2925 300 7.56533e-61
2950 300 2.44419e-64
2975 300 6.6008e-68
0 325 0
25 325 6.65156e-07
50 325 1.39774e-06
75 325 2.28826e-06
100 325 3.49352e-06
125 325 5.36855e-06
150 325 9.02993e-06
175 325 1.68281e-05
200 325 2.27994e-05
225 325 3.22562e-06
250 325 -3.51591e-05
275 325 -4.67763e-05
300 325 -3.03086e-05
325 325 -1.73677e-05
350 325 -1.80172e-05
375 325 -2.63143e-05
400 325 -3.63405e-05
425 325 -4.38936e-05
450 325 -4.57163e-05
475 325 -4.02938e-05
500 325 -2.85603e-05
525 325 -1.34534e-05
550 325 1.44378e-06
575 325 1.33117e-05
600 325 2.08413e-05
625 325 2.41711e-05
650 325 2.43244e-05
675 325 2.25739e-05
700 325 2.00067e-05
725 325 1.7351e-05
750 325 1.49902e-05
775 325 1.30616e-05
800 325 1.15628e-05
825 325 1.04309e-05
850 325 9.58959e-06
875 325 8.97067e-06
900 325 8.5213e-06
925 325 8.20364e-06
950 325 7.99225e-06
975 325 7.87118e-06
1000 325 7.83174e-06
1025 325 7.87118e-06
1050 325 7.99225e-06
1075 325 8.20364e-06
1100 325 8.5213e-06
1125 325 8.97067e-06
1150 325 9.58959e-06
1175 325 1.04309e-05
1200 325 1.15628e-05
1225 325 1.30616e-05
1250 325 1.49902e-05
1275 325 1.7351e-05
1300 325 2.00067e-05
1325 325 2.25739e-05
1350 325 2.43244e-05
1375 325 2.41711e-05
1400 325 2.08413e-05
1425 325 1.33117e-05
1450 325 1.44378e-06
1475 325 -1.34534e-05
1500 325 -2.85603e-05
1525 325 -4.02938e-05
1550 325 -4.57163e-05
1575 325 -4.38926e-05
1600 325 -3.63233e-05
1625 325 -2.61099e-05
1650 325 -1.63977e-05
1675 325 -9.11166e-06
1700 325 -4.6489e-06
1725 325 -2.39776e-06
1750 325 -1.47423e-06
1775 325 -1.1888e-06
1800 325 -1.15588e-06
1825 325 -1.21021e-06
1850 325 -1.297e-06
1875 325 -1.40365e-06
1900 325 -1.53076e-06
1925 325 -1.6832e-06
1950 325 -1.86856e-06
1975 325 -2.09786e-06
2000 325 -2.3875e-06
2025 325 -2.76301e-06
2050 325 -3.2663e-06
2075 325 -3.97146e-06
2100 325 -5.02428e-06
2125 325 -6.7722e-06
2150 325 -1.03269e-05
2175 325 -1.80383e-05
2200 325 -2.39553e-05
2225 325 -4.41442e-06
2250 325 3.36849e-05
2275 325 4.43785e-05
2300 325 2.56597e-05
2325 325 8.25608e-06
2350 325 1.61951e-06
2375 325 2.04395e-07
2400 325 1.72398e-08
2425 325 1.00069e-09
2450 325 4.09338e-11
2475 325 1.20369e-12
2500 325 2.58807e-14
2525 325 4.12927e-16
2550 325 4.9527e-18
2575 325 4.51735e-20
2600 325 3.16577e-22
2625 325 1.72054e-24
2650 325 7.31314e-27
2675 325 2.44981e-29
2700 325 6.51338e-32
2725 325 1.38336e-34
2750 325 2.36108e-37
2775 325 3.25635e-40
2800 325 3.64774e-43
2825 325 3.33475e-46
2850 325 2.4991e-49
2875 325 1.54168e-52
2900 325 7.85935e-56
2925 325 3.3232e-59
2950 325 1.16949e-62
2975 325 3.43652e-66
0 350 0
25 350 5.71579e-07
50 350 1.19421e-06
75 350 1.93392e-06
100 350 2.8974e-06
125 350 4.29654e-06
150 350 6.69453e-06
175 350 1.19355e-05
200 350 2.11072e-05
225 350 1.83019e-05
250 350 -1.50983e-05
275 350 -4.50228e-05
300 350 -3.82102e-05
325 350 -1.80172e-05
350 350 -8.48761e-06
375 350 -9.31446e-06
400 350 -1.51977e-05
425 350 -2.36501e-05
450 350 -3.29781e-05
475 350 -4.0991e-05
500 350 -4.53503e-05
525 350 -4.445e-05
550 350 -3.80723e-05
575 350 -2.74389e-05
600 350 -1.46804e-05
625 350 -2.05529e-06
650 350 8.69927e-06
675 350 1.66687e-05
700 350 2.17186e-05
725 350 2.42485e-05
750 350 2.4904e-05
775 350 2.43502e-05
800 350 2.31428e-05
825 350 2.16837e-05
850 350 2.02301e-05
875 350 1.89271e-05
900 350 1.78443e-05
925 350 1.70065e-05
950 350 1.64159e-05
975 350 1.6066e-05
1000 350 1.59502e-05
1025 350 1.6066e-05
1050 350 1.64159e-05
1075 350 1.70065e-05
1100 350 1.78443e-05
1125 350 1.89271e-05
1150 350 2.02301e-05
1175 350 2.16837e-05
1200 350 2.31428e-05
1225 350 2.43502e-05
1250 350 2.4904e-05
1275 350 2.42485e-05
1300 350 2.17186e-05
1325 350 1.66687e-05
1350 350 8.69927e-06
1375 350 -2.05529e-06
1400 350 -1.46804e-05
1425 350 -2.74389e-05
1450 350 -3.80723e-05
1475 350 -4.445e-05
1500 350 -4.53503e-05
1525 350 -4.09909e-05
1550 350 -3.29779e-05
1575 350 -2.36459e-05
1600 350 -1.51373e-05
1625 350 -8.7184e-06
1650 350 -4.63585e-06
1675 350 -2.43805e-06
1700 350 -1.44519e-06
1725 350 -1.08349e-06
1750 350 -9.97598e-07
1775 350 -1.01508e-06
1800 350 -1.06911e-06
1825 350 -1.13952e-06
1850 350 -1.2226e-06
1875 350 -1.31972e-06
1900 350 -1.43404e-06
1925 350 -1.57011e-06
1950 350 -1.73422e-06
1975 350 -1.93527e-06
2000 350 -2.18624e-06
2025 350 -2.50684e-06
2050 350 -2.92843e-06
2075 350 -3.50404e-06
2100 350 -4.33144e-06
2125 350 -5.61626e-06
2150 350 -7.91713e-06
2175 350 -1.3075e-05
2200 350 -2.21763e-05
2225 350 -1.9317e-05
2250 350 1.41007e-05
2275 350 4.39393e-05
2300 350 3.6765e-05
2325 350 1.55792e-05
2350 350 3.85176e-06
2375 350 5.96063e-07
2400 350 6.04438e-08
2425 350 4.15488e-09
2450 350 1.98859e-10
2475 350 6.77447e-12
2500 350 1.67349e-13
2525 350 3.04604e-15
2550 350 4.14256e-17
2575 350 4.26161e-19
2600 350 3.35282e-21
2625 350 2.03729e-23
2650 350 9.64626e-26
2675 350 3.58788e-28
2700 350 1.05606e-30
2725 350 2.47656e-33
2750 350 4.65607e-36
2775 350 7.0582e-39
2800 350 8.67334e-42
2825 350 8.68252e-45
2850 350 7.11334e-48
2875 350 4.79004e-51
2900 350 2.6619e-54
2925 350 1.22538e-57
2950 350 4.68945e-61
2975 350 1.49689e-64
0 375 0
25 375 4.98375e-07
50 375 1.03655e-06
75 375 1.66459e-06
100 375 2.45923e-06
125 375 3.56065e-06
150 375 5.28415e-06
175 375 8.62705e-06
200 375 1.61787e-05
225 375 2.32927e-05
250 375 5.05779e-06
275 375 -3.38439e-05
300 375 -4.51549e-05
325 375 -2.63143e-05
350 375 -9.31446e-06
375 375 -3.75887e-06
400 375 -4.2789e-06
425 375 -7.41654e-06
450 375 -1.2532e-05
475 375 -1.94482e-05
500 375 -2.75106e-05
525 375 -3.54828e-05
550 375 -4.1823e-05
575 375 -4.51474e-05
600 375 -4.46621e-05
625 375 -4.03744e-05
650 375 -3.30204e-05
675 375 -2.37793e-05
700 375 -1.39214e-05
725 375 -4.52093e-06
750 375 3.69673e-06
775 375 1.03777e-05
800 375 1.5473e-05
825 375 1.91357e-05
850 375 2.16209e-05
875 375 2.321e-05
900 375 2.41624e-05
925 375 2.46925e-05
950 375 2.49621e-05
975 375 2.50816e-05
1000 375 2.51145e-05
1025 375 2.50816e-05
1050 375 2.49621e-05
1075 375 2.46925e-05
1100 375 2.41624e-05
1125 375 2.321e-05
1150 375 2.16209e-05
1175 375 1.91357e-05
1200 375 1.5473e-05
1225 375 1.03777e-05
1250 375 3.69673e-06
1275 375 -4.52093e-06
1300 375 -1.39214e-05
1325 375 -2.37793e-05
1350 375 -3.30204e-05
1375 375 -4.03744e-05
1400 375 -4.46621e-05
1425 375 -4.51474e-05
1450 375 -4.1823e-05
1475 375 -3.54828e-05
1500 375 -2.75106e-05
1525 375 -1.94481e-05
1550 375 -1.25312e-05
1575 375 -7.40146e-06
1600 375 -4.09366e-06
1625 375 -2.24157e-06
1650 375 -1.34925e-06
1675 375 -9.89745e-07
1700 375 -8.81975e-07
1725 375 -8.76947e-07
1750 375 -9.09993e-07
1775 375 -9.5828e-07
1800 375 -1.01574e-06
1825 375 -1.08194e-06
1850 375 -1.15822e-06
1875 375 -1.24671e-06
1900 375 -1.35032e-06
1925 375 -1.47288e-06
1950 375 -1.61966e-06
1975 375 -1.79797e-06
2000 375 -2.01833e-06
2025 375 -2.29635e-06
2050 375 -2.65621e-06
2075 375 -3.13747e-06
2100 375 -3.80955e-06
2125 375 -4.80736e-06
2150 375 -6.44237e-06
2175 375 -9.70899e-06
2200 375 -1.71944e-05
2225 375 -2.4251e-05
2250 375 -5.96778e-06
2275 375 3.2967e-05
2300 375 4.42729e-05
2325 375 2.53246e-05
2350 375 7.96521e-06
2375 375 1.5173e-06
2400 375 1.85239e-07
2425 375 1.50798e-08
2450 375 8.43817e-10
2475 375 3.32598e-11
2500 375 9.42453e-13
2525 375 1.95343e-14
2550 375 3.00644e-16
2575 375 3.48126e-18
2600 375 3.06838e-20
2625 375 2.08012e-22
2650 375 1.09482e-24
2675 375 4.51184e-27
2700 375 1.46713e-29
2725 375 3.79098e-32
2750 375 7.83462e-35
2775 375 1.30275e-37
2800 375 1.75257e-40
2825 375 1.91731e-43
2850 375 1.71387e-46
2875 375 1.25737e-49
2900 375 7.60237e-53
2925 375 3.80303e-56
2950 375 1.57975e-59
2975 375 5.46785e-63
0 400 0
25 400 4.4004e-07
50 400 9.11891e-07
75 400 1.45468e-06
100 400 2.12599e-06
125 400 3.0248e-06
150 400 4.35136e-06
175 400 6.63192e-06
200 400 1.17089e-05
225 400 2.11722e-05
250 400 1.86273e-05
275 400 -1.56805e-05
300 400 -4.50128e-05
325 400 -3.63405e-05
350 400 -1.51977e-05
375 400 -4.2789e-06
400 400 -1.67332e-06
425 400 -1.89577e-06
450 400 -3.19136e-06
475 400 -5.52997e-06
500 400 -9.16068e-06
525 400 -1.41851e-05
550 400 -2.04025e-05
575 400 -2.72687e-05
600 400 -3.39775e-05
625 400 -3.96422e-05
650 400 -4.351e-05
675 400 -4.51318e-05
700 400 -4.44318e-05
725 400 -4.16737e-05
750 400 -3.73531e-05
775 400 -3.20643e-05
800 400 -2.63844e-05
825 400 -2.07956e-05
850 400 -1.56513e-05
875 400 -1.11768e-05
900 400 -7.49209e-06
925 400 -4.64192e-06
950 400 -2.62723e-06
975 400 -1.43046e-06
1000 400 -1.03391e-06
1025 400 -1.43046e-06
1050 400 -2.62723e-06
1075 400 -4.64192e-06
1100 400 -7.49209e-06
1125 400 -1.11768e-05
1150 400 -1.56513e-05
1175 400 -2.07956e-05
1200 400 -2.63844e-05
1225 400 -3.20643e-05
1250 400 -3.73531e-05
1275 400 -4.16737e-05
1300 400 -4.44318e-05
1325 400 -4.51318e-05
1350 400 -4.351e-05
1375 400 -3.96422e-05
1400 400 -3.39775e-05
1425 400 -2.72687e-05
1450 400 -2.04025e-05
1475 400 -1.41851e-05
1500 400 -9.16067e-06
1525 400 -5.52983e-06
1550 400 -3.18821e-06
1575 400 -1.84759e-06
1600 400 -1.17348e-06
1625 400 -8.83427e-07
1650 400 -7.85809e-07
1675 400 -7.72777e-07
1700 400 -7.93403e-07
1725 400 -8.27591e-07
1750 400 -8.6897e-07
1775 400 -9.16301e-07
1800 400 -9.70052e-07
1825 400 -1.03131e-06
1850 400 -1.10157e-06
1875 400 -1.18275e-06
1900 400 -1.27734e-06
1925 400 -1.38865e-06
1950 400 -1.52112e-06
1975 400 -1.68089e-06
2000 400 -1.87661e-06
2025 400 -2.12093e-06
2050 400 -2.43301e-06
2075 400 -2.84333e-06
2100 400 -3.40333e-06
2125 400 -4.20755e-06
2150 400 -5.45293e-06
2175 400 -7.66323e-06
2200 400 -1.26789e-05
2225 400 -2.20885e-05
2250 400 -1.94962e-05
2275 400 1.48529e-05
2300 400 4.42194e-05
2325 400 3.55677e-05
2350 400 1.44119e-05
2375 400 3.39548e-06
2400 400 4.9984e-07
2425 400 4.81854e-08
2450 400 3.14924e-09
2475 400 1.43402e-10
2500 400 4.6524e-12
