0 0 0
25 0 0
50 0 0
75 0 0
100 0 0
125 0 0
150 0 0
175 0 0
200 0 0
225 0 0
250 0 0
275 0 0
300 0 0
325 0 0
350 0 0
375 0 0
400 0 0
425 0 0
450 0 0
475 0 0
500 0 0
525 0 0
550 0 0
575 0 0
600 0 0
625 0 0
650 0 0
675 0 0
700 0 0
725 0 0
750 0 0
775 0 0
800 0 0
825 0 0
850 0 0
875 0 0
900 0 0
925 0 0
950 0 0
975 0 0
1000 0 0
1025 0 0
1050 0 0
1075 0 0
1100 0 0
1125 0 0
1150 0 0
1175 0 0
1200 0 0
1225 0 0
1250 0 0
1275 0 0
1300 0 0
1325 0 0
1350 0 0
1375 0 0
1400 0 0
1425 0 0
1450 0 0
1475 0 0
1500 0 0
1525 0 0
1550 0 0
1575 0 0
1600 0 0
1625 0 0
1650 0 0
1675 0 0
1700 0 0
1725 0 0
1750 0 0
1775 0 0
1800 0 0
1825 0 0
1850 0 0
1875 0 0
1900 0 0
1925 0 0
1950 0 0
1975 0 0
2000 0 0
2025 0 0
2050 0 0
2075 0 0
2100 0 0
2125 0 0
2150 0 0
2175 0 0
2200 0 0
2225 0 0
2250 0 0
2275 0 0
2300 0 0
2325 0 0
2350 0 0
2375 0 0
2400 0 0
2425 0 0
2450 0 0
2475 0 0
2500 0 0
2525 0 0
2550 0 0
2575 0 0
2600 0 0
2625 0 0
2650 0 0
2675 0 0
2700 0 0
2725 0 0
2750 0 0
2775 0 0
2800 0 0
2825 0 0
2850 0 0
2875 0 0
2900 0 0
2925 0 0
2950 0 0
2975 0 0
0 25 0
25 25 -1.51137e-09
50 25 -3.03727e-09
75 25 -4.59259e-09
100 25 -6.19289e-09
125 25 -7.85483e-09
150 25 -9.59659e-09
175 25 -1.14383e-08
200 25 -1.34029e-08
225 25 -1.55164e-08
250 25 -1.78093e-08
275 25 -2.03175e-08
300 25 -2.30834e-08
325 25 -2.61587e-08
350 25 -2.96058e-08
375 25 -3.3502e-08
400 25 -3.79433e-08
425 25 -4.30508e-08
450 25 -4.89787e-08
475 25 -5.59267e-08
500 25 -6.41562e-08
525 25 -7.40154e-08
550 25 -8.59759e-08
575 25 -1.00689e-07
600 25 -1.19075e-07
625 25 -1.42467e-07
650 25 -1.7285e-07
675 25 -2.13296e-07
700 25 -2.68744e-07
725 25 -3.47574e-07
750 25 -4.64948e-07
775 25 -6.50818e-07
800 25 -9.72289e-07
825 25 -1.61282e-06
850 25 -3.43131e-06
875 25 -7.74122e-06
900 25 -2.88492e-06
925 25 2.25907e-05
950 25 2.91829e-05
975 25 1.50786e-06
1000 25 -1.60859e-05
1025 25 -1.16304e-05
1050 25 -4.00435e-06
1075 25 -8.18493e-07
1100 25 -1.0299e-07
1125 25 -2.118e-09
1150 25 7.48515e-09
1175 25 8.16578e-09
1200 25 8.24712e-09
1225 25 8.30618e-09
1250 25 8.37168e-09
1275 25 8.44489e-09
1300 25 8.5261e-09
1325 25 8.61562e-09
1350 25 8.71379e-09
1375 25 8.82099e-09
1400 25 8.93763e-09
1425 25 9.0642e-09
1450 25 9.20119e-09
1475 25 9.34919e-09
1500 25 9.50882e-09
1525 25 9.68079e-09
1550 25 9.86587e-09
1575 25 1.00649e-08
1600 25 1.02789e-08
1625 25 1.05088e-08
1650 25 1.07558e-08
1675 25 1.10212e-08
1700 25 1.13065e-08
1725 25 1.16131e-08
1750 25 1.1943e-08
1775 25 1.2298e-08
1800 25 1.26804e-08
1825 25 1.30926e-08
1850 25 1.35375e-08
1875 25 1.40181e-08
1900 25 1.4538e-08
1925 25 1.51011e-08
1950 25 1.57121e-08
1975 25 1.63761e-08
2000 25 1.7099e-08
2025 25 1.78875e-08
2050 25 1.87494e-08
2075 25 1.96937e-08
2100 25 2.07308e-08
2125 25 2.18729e-08
2150 25 2.31341e-08
2175 25 2.4531e-08
2200 25 2.60833e-08
2225 25 2.78144e-08
2250 25 2.97523e-08
2275 25 3.19306e-08
2300 25 3.43899e-08
2325 25 3.71799e-08
2350 25 4.03616e-08
2375 25 4.40108e-08
2400 25 4.82222e-08
2425 25 5.31157e-08
2450 25 5.88446e-08
2475 25 6.56075e-08
2500 25 7.3665e-08
2525 25 8.33646e-08
2550 25 9.51771e-08
2575 25 1.09753e-07
2600 25 1.28013e-07
2625 25 1.51288e-07
2650 25 1.81564e-07
2675 25 2.21911e-07
2700 25 2.7727e-07
2725 25 3.56019e-07
2750 25 4.73319e-07
2775 25 6.59124e-07
2800 25 9.80533e-07
2825 25 1.6209e-06
2850 25 3.43739e-06
2875 25 7.72161e-06
2900 25 2.63303e-06
2925 25 -2.42254e-05
2950 25 -3.57578e-05
2975 25 -1.63385e-05
0 50 0
25 50 -3.03727e-09
50 50 -6.10385e-09
75 50 -9.22975e-09
100 50 -1.24464e-08
125 50 -1.57873e-08
150 50 -1.92892e-08
175 50 -2.29929e-08
200 50 -2.69444e-08
225 50 -3.11966e-08
250 50 -3.5811e-08
275 50 -4.08601e-08
300 50 -4.64303e-08
325 50 -5.26257e-08
350 50 -5.95734e-08
375 50 -6.743e-08
400 50 -7.63906e-08
425 50 -8.67015e-08
450 50 -9.86772e-08
475 50 -1.12725e-07
500 50 -1.29378e-07
525 50 -1.49351e-07
550 50 -1.7361e-07
575 50 -2.03497e-07
600 50 -2.40911e-07
625 50 -2.88614e-07
650 50 -3.50747e-07
675 50 -4.33747e-07
700 50 -5.48068e-07
725 50 -7.11648e-07
750 50 -9.57521e-07
775 50 -1.35277e-06
800 50 -2.05498e-06
825 50 -3.58527e-06
850 50 -7.90003e-06
875 50 -1.31069e-05
900 50 1.64968e-06
925 50 4.02541e-05
950 50 4.77527e-05
975 50 5.5253e-06
1000 50 -2.64239e-05
1025 50 -2.25135e-05
1050 50 -8.99892e-06
1075 50 -2.13209e-06
1100 50 -3.16515e-07
1125 50 -1.89127e-08
1150 50 1.37148e-08
1175 50 1.62859e-08
1200 50 1.65238e-08
1225 50 1.66455e-08
1250 50 1.67771e-08
1275 50 1.69239e-08
1300 50 1.70869e-08
1325 50 1.72665e-08
1350 50 1.74635e-08
1375 50 1.76785e-08
1400 50 1.79126e-08
1425 50 1.81665e-08
1450 50 1.84414e-08
1475 50 1.87384e-08
1500 50 1.90587e-08
1525 50 1.94039e-08
1550 50 1.97753e-08
1575 50 2.01748e-08
1600 50 2.06042e-08
1625 50 2.10656e-08
1650 50 2.15615e-08
1675 50 2.20942e-08
1700 50 2.26669e-08
1725 50 2.32825e-08
1750 50 2.39447e-08
1775 50 2.46575e-08
1800 50 2.54253e-08
1825 50 2.62531e-08
1850 50 2.71465e-08
1875 50 2.81117e-08
1900 50 2.9156e-08
1925 50 3.02873e-08
1950 50 3.15148e-08
1975 50 3.28489e-08
2000 50 3.43014e-08
2025 50 3.58861e-08
2050 50 3.76186e-08
2075 50 3.9517e-08
2100 50 4.16023e-08
2125 50 4.3899e-08
2150 50 4.64357e-08
2175 50 4.9246e-08
2200 50 5.23697e-08
2225 50 5.58542e-08
2250 50 5.97558e-08
2275 50 6.41426e-08
2300 50 6.90972e-08
2325 50 7.472e-08
2350 50 8.11349e-08
2375 50 8.84956e-08
2400 50 9.69948e-08
2425 50 1.06876e-07
2450 50 1.18453e-07
2475 50 1.32129e-07
2500 50 1.48437e-07
2525 50 1.68089e-07
2550 50 1.92051e-07
2575 50 2.21663e-07
2600 50 2.58823e-07
2625 50 3.06292e-07
2650 50 3.6821e-07
2675 50 4.51013e-07
2700 50 5.65155e-07
2725 50 7.28572e-07
2750 50 9.74298e-07
2775 50 1.36941e-06
2800 50 2.07149e-06
2825 50 3.60122e-06
2850 50 7.90866e-06
2875 50 1.30329e-05
2900 50 -2.36962e-06
2925 50 -4.42675e-05
2950 50 -6.16779e-05
2975 50 -3.25175e-05
0 75 0
25 75 -4.59259e-09
50 75 -9.22975e-09
75 75 -1.39571e-08
100 75 -1.88224e-08
125 75 -2.38769e-08
150 75 -2.91763e-08
175 75 -3.47828e-08
200 75 -4.07667e-08
225 75 -4.72087e-08
250 75 -5.42027e-08
275 75 -6.18596e-08
300 75 -7.03117e-08
325 75 -7.97188e-08
350 75 -9.02759e-08
375 75 -1.02224e-07
400 75 -1.15863e-07
425 75 -1.31574e-07
450 75 -1.49843e-07
475 75 -1.71301e-07
500 75 -1.9678e-07
525 75 -2.2739e-07
550 75 -2.64649e-07
575 75 -3.10666e-07
600 75 -3.68447e-07
625 75 -4.42394e-07
650 75 -5.39164e-07
675 75 -6.69221e-07
700 75 -8.49817e-07
725 75 -1.11118e-06
750 75 -1.51071e-06
775 75 -2.17115e-06
800 75 -3.4175e-06
825 75 -6.52867e-06
850 75 -1.31668e-05
875 75 -1.219e-05
900 75 1.48231e-05
925 75 4.91258e-05
950 75 5.14239e-05
975 75 1.20885e-05
1000 75 -2.75895e-05
1025 75 -3.11866e-05
1050 75 -1.54791e-05
1075 75 -4.44889e-06
1100 75 -7.99818e-07
1125 75 -7.77597e-08
1150 75 1.57402e-08
1175 75 2.4174e-08
1200 75 2.48518e-08
1225 75 2.50513e-08
1250 75 2.52502e-08
1275 75 2.54717e-08
1300 75 2.57174e-08
1325 75 2.59882e-08
1350 75 2.62853e-08
1375 75 2.66096e-08
1400 75 2.69626e-08
1425 75 2.73456e-08
1450 75 2.77602e-08
1475 75 2.82082e-08
1500 75 2.86914e-08
1525 75 2.9212e-08
1550 75 2.97723e-08
1575 75 3.0375e-08
1600 75 3.10229e-08
1625 75 3.17192e-08
1650 75 3.24674e-08
1675 75 3.32715e-08
1700 75 3.41357e-08
1725 75 3.5065e-08
1750 75 3.60647e-08
1775 75 3.71409e-08
1800 75 3.83002e-08
1825 75 3.95503e-08
1850 75 4.08996e-08
1875 75 4.23577e-08
1900 75 4.39354e-08
1925 75 4.56448e-08
1950 75 4.74999e-08
1975 75 4.95165e-08
2000 75 5.17127e-08
2025 75 5.41091e-08
2050 75 5.67297e-08
2075 75 5.96019e-08
2100 75 6.27578e-08
2125 75 6.62346e-08
2150 75 7.0076e-08
2175 75 7.43332e-08
2200 75 7.9067e-08
2225 75 8.43496e-08
2250 75 9.02674e-08
2275 75 9.69246e-08
2300 75 1.04447e-07
2325 75 1.1299e-07
2350 75 1.22743e-07
2375 75 1.33943e-07
2400 75 1.46886e-07
2425 75 1.61949e-07
2450 75 1.79616e-07
2475 75 2.00513e-07
2500 75 2.25471e-07
2525 75 2.55598e-07
2550 75 2.92409e-07
2575 75 3.38011e-07
2600 75 3.9541e-07
2625 75 4.69004e-07
2650 75 5.65449e-07
2675 75 6.95209e-07
2700 75 8.75535e-07
2725 75 1.13665e-06
2750 75 1.53596e-06
2775 75 2.1962e-06
2800 75 3.44229e-06
2825 75 6.55166e-06
2850 75 1.31668e-05
2875 75 1.1968e-05
2900 75 -1.6503e-05
2925 75 -5.68926e-05
2950 75 -7.34701e-05
2975 75 -4.59706e-05
0 100 0
25 100 -6.19289e-09
50 100 -1.24464e-08
75 100 -1.88224e-08
100 100 -2.53861e-08
125 100 -3.2207e-08
150 100 -3.93611e-08
175 100 -4.69332e-08
200 100 -5.50192e-08
225 100 -6.37294e-08
250 100 -7.31924e-08
275 100 -8.35601e-08
300 100 -9.50143e-08
325 100 -1.07774e-07
350 100 -1.2211e-07
375 100 -1.38352e-07
400 100 -1.56919e-07
425 100 -1.78336e-07
450 100 -2.03283e-07
475 100 -2.3264e-07
500 100 -2.67574e-07
525 100 -3.09652e-07
550 100 -3.61025e-07
575 100 -4.24703e-07
600 100 -5.05012e-07
625 100 -6.08349e-07
650 100 -7.44514e-07
675 100 -9.29165e-07
700 100 -1.1887e-06
725 100 -1.57084e-06
750 100 -2.1708e-06
775 100 -3.21077e-06
800 100 -5.43698e-06
825 100 -1.0976e-05
850 100 -1.62335e-05
875 100 -1.91574e-06
900 100 3.05564e-05
925 100 4.80265e-05
950 100 4.35171e-05
975 100 1.86729e-05
1000 100 -1.9819e-05
1025 100 -3.55331e-05
1050 100 -2.30426e-05
1075 100 -8.21393e-06
1100 100 -1.79514e-06
1125 100 -2.34687e-07
1150 100 6.00831e-09
1175 100 3.11949e-08
1200 100 3.32246e-08
1225 100 3.35561e-08
1250 100 3.38259e-08
1275 100 3.41234e-08
1300 100 3.44535e-08
1325 100 3.48173e-08
1350 100 3.52163e-08
1375 100 3.56521e-08
1400 100 3.61263e-08
1425 100 3.66409e-08
1450 100 3.7198e-08
1475 100 3.77999e-08
1500 100 3.84493e-08
1525 100 3.91489e-08
1550 100 3.99021e-08
1575 100 4.07122e-08
1600 100 4.15832e-08
1625 100 4.25194e-08
1650 100 4.35255e-08
1675 100 4.46068e-08
1700 100 4.57692e-08
1725 100 4.70192e-08
1750 100 4.83642e-08
1775 100 4.98122e-08
1800 100 5.13725e-08
1825 100 5.30551e-08
1850 100 5.48716e-08
1875 100 5.6835e-08
1900 100 5.89599e-08
1925 100 6.12628e-08
1950 100 6.37625e-08
1975 100 6.64806e-08
2000 100 6.94415e-08
2025 100 7.26735e-08
2050 100 7.62089e-08
2075 100 8.00852e-08
2100 100 8.4346e-08
2125 100 8.9042e-08
2150 100 9.42328e-08
2175 100 9.99883e-08
2200 100 1.06392e-07
2225 100 1.13542e-07
2250 100 1.21557e-07
2275 100 1.30579e-07
2300 100 1.40783e-07
2325 100 1.52381e-07
2350 100 1.65635e-07
2375 100 1.80872e-07
2400 100 1.98502e-07
2425 100 2.19048e-07
2450 100 2.43185e-07
2475 100 2.71789e-07
2500 100 3.06023e-07
2525 100 3.47452e-07
2550 100 3.98223e-07
2575 100 4.61344e-07
2600 100 5.41138e-07
2625 100 6.44002e-07
2650 100 7.7973e-07
2675 100 9.63982e-07
2700 100 1.22315e-06
2725 100 1.60497e-06
2750 100 2.20463e-06
2775 100 3.24431e-06
2800 100 5.46996e-06
2825 100 1.10034e-05
2850 100 1.6196e-05
2875 100 1.34389e-06
2900 100 -3.40437e-05
2925 100 -6.12358e-05
2950 100 -7.32674e-05
2975 100 -5.22863e-05
0 125 0
25 125 -7.85483e-09
50 125 -1.57873e-08
75 125 -2.38769e-08
100 125 -3.2207e-08
125 125 -4.08669e-08
150 125 -4.99544e-08
175 125 -5.95785e-08
200 125 -6.98628e-08
225 125 -8.09495e-08
250 125 -9.30051e-08
275 125 -1.06226e-07
300 125 -1.20849e-07
325 125 -1.3716e-07
350 125 -1.55508e-07
375 125 -1.7633e-07
400 125 -2.00171e-07
425 125 -2.27728e-07
450 125 -2.59895e-07
475 125 -2.97845e-07
500 125 -3.43136e-07
525 125 -3.97876e-07
550 125 -4.64976e-07
575 125 -5.48552e-07
600 125 -6.5458e-07
625 125 -7.92019e-07
650 125 -9.74828e-07
675 125 -1.22583e-06
700 125 -1.58471e-06
725 125 -2.12657e-06
750 125 -3.0129e-06
775 125 -4.69766e-06
800 125 -8.78751e-06
825 125 -1.58065e-05
850 125 -1.20201e-05
875 125 1.55063e-05
900 125 4.04092e-05
925 125 3.93459e-05
950 125 3.1074e-05
975 125 2.23604e-05
1000 125 -6.69188e-06
1025 125 -3.37579e-05
1050 125 -3.02599e-05
1075 125 -1.36107e-05
1100 125 -3.62503e-06
1125 125 -5.93626e-07
1150 125 -3.30107e-08
1175 125 3.5531e-08
1200 125 4.15457e-08
1225 125 4.21889e-08
1250 125 4.25398e-08
1275 125 4.29157e-08
1300 125 4.33322e-08
1325 125 4.37913e-08
1350 125 4.42949e-08
1375 125 4.48449e-08
1400 125 4.54435e-08
1425 125 4.60932e-08
1450 125 4.67965e-08
1475 125 4.75565e-08
1500 125 4.83765e-08
1525 125 4.92601e-08
1550 125 5.02113e-08
1575 125 5.12347e-08
1600 125 5.23351e-08
1625 125 5.35179e-08
1650 125 5.47893e-08
1675 125 5.6156e-08
1700 125 5.76254e-08
1725 125 5.92059e-08
1750 125 6.09067e-08
1775 125 6.27382e-08
1800 125 6.47121e-08
1825 125 6.68413e-08
1850 125 6.91405e-08
1875 125 7.16262e-08
1900 125 7.43171e-08
1925 125 7.72343e-08
1950 125 8.0402e-08
1975 125 8.38475e-08
2000 125 8.76023e-08
2025 125 9.17023e-08
2050 125 9.61893e-08
2075 125 1.01111e-07
2100 125 1.06524e-07
2125 125 1.12493e-07
2150 125 1.19095e-07
2175 125 1.2642e-07
2200 125 1.34575e-07
2225 125 1.43688e-07
2250 125 1.53912e-07
2275 125 1.65432e-07
2300 125 1.78475e-07
2325 125 1.93315e-07
2350 125 2.10297e-07
2375 125 2.29848e-07
2400 125 2.52506e-07
2425 125 2.78962e-07
2450 125 3.10106e-07
2475 125 3.47105e-07
2500 125 3.91512e-07
2525 125 4.45432e-07
2550 125 5.11772e-07
2575 125 5.94645e-07
2600 125 7.00023e-07
2625 125 8.36864e-07
2650 125 1.01912e-06
2675 125 1.26962e-06
2700 125 1.62804e-06
2725 125 2.16949e-06
2750 125 3.05544e-06
2775 125 4.73981e-06
2800 125 8.82825e-06
2825 125 1.58308e-05
2850 125 1.18781e-05
2875 125 -1.68097e-05
2900 125 -4.6929e-05
2925 125 -5.94116e-05
2950 125 -6.59895e-05
2975 125 -4.84107e-05
0 150 0
25 150 -9.59659e-09
50 150 -1.92892e-08
75 150 -2.91763e-08
100 150 -3.93611e-08
125 150 -4.99544e-08
150 150 -6.10776e-08
175 150 -7.28661e-08
200 150 -8.54741e-08
225 150 -9.90791e-08
250 150 -1.13889e-07
275 150 -1.30152e-07
300 150 -1.48163e-07
325 150 -1.68283e-07
350 150 -1.90957e-07
375 150 -2.16736e-07
400 150 -2.46318e-07
425 150 -2.80593e-07
450 150 -3.20714e-07
475 150 -3.68199e-07
500 150 -4.25079e-07
525 150 -4.94124e-07
550 150 -5.79198e-07
575 150 -6.85823e-07
600 150 -8.2213e-07
625 150 -1.00053e-06
650 150 -1.24079e-06
675 150 -1.57624e-06
700 150 -2.06737e-06
725 150 -2.83653e-06
750 150 -4.18498e-06
775 150 -7.15928e-06
800 150 -1.36362e-05
825 150 -1.66978e-05
850 150 1.99802e-06
875 150 3.20609e-05
900 150 4.00826e-05
925 150 2.7734e-05
950 150 1.99442e-05
975 150 2.20232e-05
1000 150 6.7372e-06
1025 150 -2.56276e-05
1050 150 -3.50115e-05
1075 150 -2.03041e-05
1100 150 -6.62611e-06
1125 150 -1.32275e-06
1150 150 -1.37542e-07
1175 150 3.2607e-08
1200 150 4.94673e-08
1225 150 5.09645e-08
1250 150 5.14286e-08
1275 150 5.18864e-08
1300 150 5.23921e-08
1325 150 5.29496e-08
1350 150 5.35612e-08
1375 150 5.42291e-08
1400 150 5.49561e-08
1425 150 5.57452e-08
1450 150 5.65996e-08
1475 150 5.75229e-08
1500 150 5.85193e-08
1525 150 5.9593e-08
1550 150 6.07491e-08
1575 150 6.19931e-08
1600 150 6.33309e-08
1625 150 6.47692e-08
1650 150 6.63154e-08
1675 150 6.79779e-08
1700 150 6.97657e-08
1725 150 7.1689e-08
1750 150 7.37593e-08
1775 150 7.59892e-08
1800 150 7.83931e-08
1825 150 8.09869e-08
1850 150 8.37886e-08
1875 150 8.68186e-08
1900 150 9.00999e-08
1925 150 9.36585e-08
1950 150 9.75241e-08
1975 150 1.01731e-07
2000 150 1.06317e-07
2025 150 1.11327e-07
2050 150 1.16813e-07
2075 150 1.22835e-07
2100 150 1.29461e-07
2125 150 1.36773e-07
2150 150 1.44866e-07
2175 150 1.53853e-07
2200 150 1.63867e-07
2225 150 1.75068e-07
2250 150 1.87649e-07
2275 150 2.01841e-07
2300 150 2.17928e-07
2325 150 2.36261e-07
2350 150 2.57272e-07
2375 150 2.81505e-07
2400 150 3.09649e-07
2425 150 3.42586e-07
2450 150 3.81463e-07
2475 150 4.27792e-07
2500 150 4.83598e-07
2525 150 5.51647e-07
2550 150 6.35798e-07
2575 150 7.41568e-07
2600 150 8.77086e-07
2625 150 1.05476e-06
2650 150 1.29435e-06
2675 150 1.62919e-06
2700 150 2.11976e-06
2725 150 2.88841e-06
2750 150 4.2364e-06
2775 150 7.2101e-06
2800 150 1.36832e-05
2825 150 1.67006e-05
2850 150 -2.38348e-06
2875 150 -3.47324e-05
2900 150 -5.11085e-05
2925 150 -5.50161e-05
2950 150 -5.53224e-05
2975 150 -3.53693e-05
0 175 0
25 175 -1.14383e-08
50 175 -2.29929e-08
75 175 -3.47828e-08
100 175 -4.69332e-08
125 175 -5.95785e-08
150 175 -7.28661e-08
175 175 -8.69612e-08
200 175 -1.02051e-07
225 175 -1.18354e-07
250 175 -1.36125e-07
275 175 -1.55668e-07
300 175 -1.77348e-07
325 175 -2.01613e-07
350 175 -2.29014e-07
375 175 -2.60241e-07
400 175 -2.9617e-07
425 175 -3.37922e-07
450 175 -3.86964e-07
475 175 -4.45235e-07
500 175 -5.15356e-07
525 175 -6.00935e-07
550 175 -7.07064e-07
575 175 -8.41123e-07
600 175 -1.01418e-06
625 175 -1.2435e-06
650 175 -1.55742e-06
675 175 -2.00567e-06
700 175 -2.6841e-06
725 175 -3.80833e-06
750 175 -6.0481e-06
775 175 -1.12684e-05
800 175 -1.75124e-05
825 175 -8.29184e-06
850 175 2.11513e-05
875 175 3.95701e-05
900 175 3.17266e-05
925 175 1.74125e-05
950 175 1.2522e-05
975 175 1.87126e-05
1000 175 1.63299e-05
1025 175 -1.30293e-05
1050 175 -3.52914e-05
1075 175 -2.72813e-05
1100 175 -1.10092e-05
1125 175 -2.65442e-06
1150 175 -3.74066e-07
1175 175 1.21359e-08
1200 175 5.60138e-08
1225 175 5.98543e-08
1250 175 6.05286e-08
1275 175 6.10756e-08
1300 175 6.16741e-08
1325 175 6.23337e-08
1350 175 6.30573e-08
1375 175 6.38477e-08
1400 175 6.47081e-08
1425 175 6.5642e-08
1450 175 6.66534e-08
1475 175 6.77466e-08
1500 175 6.89263e-08
1525 175 7.0198e-08
1550 175 7.15674e-08
1575 175 7.3041e-08
1600 175 7.46262e-08
1625 175 7.63308e-08
1650 175 7.81637e-08
1675 175 8.01349e-08
1700 175 8.22551e-08
1725 175 8.45368e-08
1750 175 8.69934e-08
1775 175 8.96403e-08
1800 175 9.24945e-08
1825 175 9.55754e-08
1850 175 9.89044e-08
1875 175 1.02506e-07
1900 175 1.06408e-07
1925 175 1.10642e-07
1950 175 1.15243e-07
1975 175 1.20252e-07
2000 175 1.25717e-07
2025 175 1.31691e-07
2050 175 1.38236e-07
2075 175 1.45425e-07
2100 175 1.53341e-07
2125 175 1.62085e-07
2150 175 1.71771e-07
2175 175 1.82537e-07
2200 175 1.94546e-07
2225 175 2.07995e-07
2250 175 2.23119e-07
2275 175 2.40205e-07
2300 175 2.59603e-07
2325 175 2.81748e-07
2350 175 3.07178e-07
2375 175 3.36572e-07
2400 175 3.70796e-07
2425 175 4.10963e-07
2450 175 4.58531e-07
2475 175 5.15433e-07
2500 175 5.84283e-07
2525 175 6.68682e-07
2550 175 7.73717e-07
2575 175 9.06765e-07
2600 175 1.07889e-06
2625 175 1.30734e-06
2650 175 1.62048e-06
2675 175 2.068e-06
2700 175 2.74577e-06
2725 175 3.8694e-06
2750 175 6.1086e-06
2775 175 1.13278e-05
2800 175 1.75615e-05
2825 175 8.23157e-06
2850 175 -2.2039e-05
2875 175 -4.45403e-05
2900 175 -4.86391e-05
2925 175 -5.05442e-05
2950 175 -4.25874e-05
2975 175 -1.80102e-05
0 200 0
25 200 -1.34029e-08
50 200 -2.69444e-08
75 200 -4.07667e-08
100 200 -5.50192e-08
125 200 -6.98628e-08
150 200 -8.54741e-08
175 200 -1.02051e-07
200 200 -1.19821e-07
225 200 -1.39046e-07
250 200 -1.60035e-07
275 200 -1.83158e-07
300 200 -2.08861e-07
325 200 -2.37693e-07
350 200 -2.70333e-07
375 200 -3.07636e-07
400 200 -3.50691e-07
425 200 -4.00905e-07
450 200 -4.6013e-07
475 200 -5.30839e-07
500 200 -6.16402e-07
525 200 -7.21522e-07
550 200 -8.52927e-07
575 200 -1.02055e-06
600 200 -1.2396e-06
625 200 -1.53453e-06
650 200 -1.94701e-06
675 200 -2.55431e-06
700 200 -3.51938e-06
725 200 -5.28972e-06
750 200 -9.31431e-06
775 200 -1.62419e-05
800 200 -1.46456e-05
825 200 9.53296e-06
850 200 3.5602e-05
875 200 3.59894e-05
900 200 2.0888e-05
925 200 1.03625e-05
950 200 8.45811e-06
975 200 1.44404e-05
1000 200 2.04205e-05
1025 200 6.46732e-07
1050 200 -3.0153e-05
1075 200 -3.29583e-05
1100 200 -1.66768e-05
1125 200 -4.85189e-06
1150 200 -8.50451e-07
1175 200 -4.66542e-08
1200 200 5.88017e-08
1225 200 6.87125e-08
1250 200 6.98718e-08
1275 200 7.05257e-08
1300 200 7.12215e-08
1325 200 7.19877e-08
1350 200 7.28283e-08
1375 200 7.37466e-08
1400 200 7.47464e-08
1425 200 7.58318e-08
1450 200 7.70074e-08
1475 200 7.82782e-08
1500 200 7.96499e-08
1525 200 8.11287e-08
1550 200 8.27216e-08
1575 200 8.4436e-08
1600 200 8.62806e-08
1625 200 8.82647e-08
1650 200 9.03987e-08
1675 200 9.26941e-08
1700 200 9.5164e-08
1725 200 9.78227e-08
1750 200 1.00686e-07
1775 200 1.03773e-07
1800 200 1.07102e-07
1825 200 1.10697e-07
1850 200 1.14584e-07
1875 200 1.1879e-07
1900 200 1.2335e-07
1925 200 1.283e-07
1950 200 1.33683e-07
1975 200 1.39546e-07
2000 200 1.45947e-07
2025 200 1.52949e-07
2050 200 1.60627e-07
2075 200 1.69067e-07
2100 200 1.78369e-07
2125 200 1.88653e-07
2150 200 2.00058e-07
2175 200 2.12749e-07
2200 200 2.26923e-07
2225 200 2.42819e-07
2250 200 2.60721e-07
2275 200 2.80981e-07
2300 200 3.04025e-07
2325 200 3.30388e-07
2350 200 3.60732e-07
2375 200 3.95901e-07
2400 200 4.36971e-07
2425 200 4.85341e-07
2450 200 5.42852e-07
2475 200 6.11967e-07
2500 200 6.96052e-07
2525 200 7.998e-07
2550 200 9.29934e-07
2575 200 1.09638e-06
2600 200 1.31435e-06
2625 200 1.60828e-06
2650 200 2.01984e-06
2675 200 2.6263e-06
2700 200 3.5906e-06
2725 200 5.36024e-06
2750 200 9.38411e-06
2775 200 1.63092e-05
2800 200 1.46867e-05
2825 200 -9.74088e-06
2850 200 -3.74242e-05
2875 200 -4.44339e-05
2900 200 -4.44549e-05
2925 200 -4.60696e-05
2950 200 -2.81827e-05
2975 200 -2.18367e-06
0 225 0
25 225 -1.55164e-08
50 225 -3.11966e-08
75 225 -4.72087e-08
100 225 -6.37294e-08
125 225 -8.09495e-08
150 225 -9.90791e-08
175 225 -1.18354e-07
200 225 -1.39046e-07
225 225 -1.61469e-07
250 225 -1.85995e-07
275 225 -2.13072e-07
300 225 -2.43241e-07
325 225 -2.77172e-07
350 225 -3.15698e-07
375 225 -3.59874e-07
400 225 -4.11054e-07
425 225 -4.71003e-07
450 225 -5.42059e-07
475 225 -6.27382e-07
500 225 -7.31331e-07
525 225 -8.60074e-07
550 225 -1.0226e-06
575 225 -1.23245e-06
600 225 -1.511e-06
625 225 -1.89382e-06
650 225 -2.44479e-06
675 225 -3.29208e-06
700 225 -4.75359e-06
725 225 -7.86863e-06
750 225 -1.42364e-05
775 225 -1.75367e-05
800 225 -8.23749e-07
825 225 2.85182e-05
850 225 3.84152e-05
875 225 2.58398e-05
900 225 1.20429e-05
925 225 6.43744e-06
950 225 6.43459e-06
975 225 1.0772e-05
1000 225 1.98218e-05
1025 225 1.1955e-05
1050 225 -2.02844e-05
1075 225 -3.56122e-05
1100 225 -2.30777e-05
1125 225 -8.13295e-06
1150 225 -1.71997e-06
1175 225 -1.81488e-07
1200 225 5.2611e-08
1225 225 7.71112e-08
1250 225 7.94742e-08
1275 225 8.02811e-08
1300 225 8.10808e-08
1325 225 8.19591e-08
1350 225 8.29226e-08
1375 225 8.39754e-08
1400 225 8.51217e-08
1425 225 8.63664e-08
1450 225 8.77146e-08
1475 225 8.91725e-08
1500 225 9.07463e-08
1525 225 9.24434e-08
1550 225 9.42718e-08
1575 225 9.62402e-08
1600 225 9.83586e-08
1625 225 1.00638e-07
1650 225 1.0309e-07
1675 225 1.05728e-07
1700 225 1.08568e-07
1725 225 1.11627e-07
1750 225 1.14922e-07
1775 225 1.18475e-07
1800 225 1.22309e-07
1825 225 1.26451e-07
1850 225 1.30931e-07
1875 225 1.35783e-07
1900 225 1.41045e-07
1925 225 1.46761e-07
1950 225 1.52981e-07
1975 225 1.59761e-07
2000 225 1.67168e-07
2025 225 1.75278e-07
2050 225 1.84178e-07
2075 225 1.9397e-07
2100 225 2.04775e-07
2125 225 2.16733e-07
2150 225 2.30011e-07
2175 225 2.44806e-07
2200 225 2.61355e-07
2225 225 2.79943e-07
2250 225 3.00917e-07
2275 225 3.24698e-07
2300 225 3.51809e-07
2325 225 3.829e-07
2350 225 4.18788e-07
2375 225 4.60512e-07
2400 225 5.09413e-07
2425 225 5.67243e-07
2450 225 6.36331e-07
2475 225 7.19826e-07
2500 225 8.22077e-07
2525 225 9.49247e-07
2550 225 1.11031e-06
2575 225 1.31882e-06
2600 225 1.59613e-06
2625 225 1.9778e-06
2650 225 2.52771e-06
2675 225 3.37404e-06
2700 225 4.83467e-06
2725 225 7.94891e-06
2750 225 1.43157e-05
2775 225 1.76102e-05
2800 225 8.34418e-07
2825 225 -2.903e-05
2850 225 -4.18174e-05
2875 225 -3.89973e-05
2900 225 -4.18827e-05
2925 225 -4.00916e-05
2950 225 -1.32124e-05
2975 225 8.22831e-06
0 250 0
25 250 -1.78093e-08
50 250 -3.5811e-08
75 250 -5.42027e-08
100 250 -7.31924e-08
125 250 -9.30051e-08
150 250 -1.13889e-07
175 250 -1.36125e-07
200 250 -1.60035e-07
225 250 -1.85995e-07
250 250 -2.14452e-07
275 250 -2.45946e-07
300 250 -2.81133e-07
325 250 -3.20829e-07
350 250 -3.66058e-07
375 250 -4.18124e-07
400 250 -4.78714e-07
425 250 -5.50047e-07
450 250 -6.35096e-07
475 250 -7.37927e-07
500 250 -8.64234e-07
525 250 -1.02222e-06
550 250 -1.22408e-06
575 250 -1.48873e-06
600 250 -1.84707e-06
625 250 -2.35308e-06
650 250 -3.11091e-06
675 250 -4.35957e-06
700 250 -6.83783e-06
725 250 -1.22495e-05
750 250 -1.80273e-05
775 250 -8.73903e-06
800 250 1.96375e-05
825 250 3.81326e-05
850 250 3.08526e-05
875 250 1.53516e-05
900 250 6.65582e-06
925 250 4.55477e-06
950 250 5.36468e-06
975 250 8.26623e-06
1000 250 1.66489e-05
1025 250 1.87728e-05
1050 250 -7.8536e-06
1075 250 -3.40029e-05
1100 250 -2.91974e-05
1125 250 -1.256e-05
1150 250 -3.16937e-06
1175 250 -4.53916e-07
1200 250 2.7094e-08
1225 250 8.40101e-08
1250 250 8.93081e-08
1275 250 9.03878e-08
1300 250 9.13025e-08
1325 250 9.22992e-08
1350 250 9.33926e-08
1375 250 9.45875e-08
1400 250 9.58888e-08
1425 250 9.73019e-08
1450 250 9.8833e-08
1475 250 1.00489e-07
1500 250 1.02277e-07
1525 250 1.04205e-07
1550 250 1.06283e-07
1575 250 1.08521e-07
1600 250 1.10931e-07
1625 250 1.13523e-07
1650 250 1.16314e-07
1675 250 1.19318e-07
1700 250 1.22552e-07
1725 250 1.26036e-07
1750 250 1.29792e-07
1775 250 1.33844e-07
1800 250 1.38218e-07
1825 250 1.42947e-07
1850 250 1.48064e-07
1875 250 1.53609e-07
1900 250 1.59627e-07
1925 250 1.66168e-07
1950 250 1.73291e-07
1975 250 1.81063e-07
2000 250 1.89561e-07
2025 250 1.98873e-07
2050 250 2.09103e-07
2075 250 2.20371e-07
2100 250 2.32819e-07
2125 250 2.46614e-07
2150 250 2.61953e-07
2175 250 2.79072e-07
2200 250 2.98253e-07
2225 250 3.19839e-07
2250 250 3.44244e-07
2275 250 3.71982e-07
2300 250 4.03685e-07
2325 250 4.40147e-07
2350 250 4.82372e-07
2375 250 5.31648e-07
2400 250 5.89645e-07
2425 250 6.58569e-07
2450 250 7.4138e-07
2475 250 8.42133e-07
2500 250 9.66511e-07
2525 250 1.1227e-06
2550 250 1.32291e-06
2575 250 1.58604e-06
2600 250 1.94296e-06
2625 250 2.44767e-06
2650 250 3.2043e-06
2675 250 4.45187e-06
2700 250 6.92914e-06
2725 250 1.23399e-05
2750 250 1.8116e-05
2775 250 8.81398e-06
2800 250 -1.97021e-05
2825 250 -3.92105e-05
2850 250 -3.66913e-05
2875 250 -3.42102e-05
2900 250 -4.09246e-05
2925 250 -3.13541e-05
2950 250 2.83907e-07
2975 250 1.24825e-05
0 275 0
25 275 -2.03175e-08
50 275 -4.08601e-08
75 275 -6.18596e-08
100 275 -8.35601e-08
125 275 -1.06226e-07
150 275 -1.30152e-07
175 275 -1.55668e-07
200 275 -1.83158e-07
225 275 -2.13072e-07
250 275 -2.45946e-07
275 275 -2.8243e-07
300 275 -3.23325e-07
325 275 -3.69626e-07
350 275 -4.22594e-07
375 275 -4.83849e-07
400 275 -5.55508e-07
425 275 -6.40381e-07
450 275 -7.42287e-07
475 275 -8.6652e-07
500 275 -1.02063e-06
525 275 -1.21572e-06
550 275 -1.46877e-06
575 275 -1.80702e-06
600 275 -2.27702e-06
625 275 -2.96575e-06
650 275 -4.06146e-06
675 275 -6.10288e-06
700 275 -1.05809e-05
725 275 -1.71876e-05
750 275 -1.39561e-05
775 275 1.04783e-05
800 275 3.51408e-05
825 275 3.4919e-05
850 275 1.95822e-05
875 275 8.07303e-06
900 275 4.03785e-06
925 275 3.6986e-06
950 275 4.68593e-06
975 275 6.74365e-06
1000 275 1.29484e-05
1025 275 2.08521e-05
1050 275 4.32022e-06
1075 275 -2.79026e-05
1100 275 -3.37434e-05
1125 275 -1.79316e-05
1150 275 -5.38426e-06
1175 275 -9.53763e-07
1200 275 -3.63949e-08
1225 275 8.71652e-08
1250 275 9.92416e-08
1275 275 1.0089e-07
1300 275 1.01941e-07
1325 275 1.03064e-07
1350 275 1.04296e-07
1375 275 1.05642e-07
1400 275 1.07108e-07
1425 275 1.087e-07
1450 275 1.10426e-07
1475 275 1.12292e-07
1500 275 1.14309e-07
1525 275 1.16484e-07
1550 275 1.18828e-07
1575 275 1.21354e-07
1600 275 1.24074e-07
1625 275 1.27003e-07
1650 275 1.30155e-07
1675 275 1.33551e-07
1700 275 1.37208e-07
1725 275 1.41149e-07
1750 275 1.454e-07
1775 275 1.49988e-07
1800 275 1.54945e-07
1825 275 1.60306e-07
1850 275 1.66112e-07
1875 275 1.72407e-07
1900 275 1.79244e-07
1925 275 1.86682e-07
1950 275 1.94788e-07
1975 275 2.0364e-07
2000 275 2.13329e-07
2025 275 2.23958e-07
2050 275 2.35648e-07
2075 275 2.48541e-07
2100 275 2.62804e-07
2125 275 2.78633e-07
2150 275 2.96263e-07
2175 275 3.15974e-07
2200 275 3.38103e-07
2225 275 3.6306e-07
2250 275 3.91346e-07
2275 275 4.2358e-07
2300 275 4.60533e-07
2325 275 5.03176e-07
2350 275 5.5275e-07
2375 275 6.10852e-07
2400 275 6.79582e-07
2425 275 7.61736e-07
2450 275 8.61115e-07
2475 275 9.83003e-07
2500 275 1.13494e-06
2525 275 1.32801e-06
2550 275 1.5792e-06
2575 275 1.91572e-06
2600 275 2.38413e-06
2625 275 3.07139e-06
2650 275 4.16575e-06
2675 275 6.20594e-06
2700 275 1.06828e-05
2725 275 1.72884e-05
2750 275 1.40537e-05
2775 275 -1.04121e-05
2800 275 -3.53633e-05
2825 275 -3.69632e-05
2850 275 -2.88509e-05
2875 275 -3.29902e-05
2900 275 -3.95426e-05
2925 275 -2.00249e-05
2950 275 1.0277e-05
2975 275 1.21916e-05
0 300 0
25 300 -2.30834e-08
50 300 -4.64303e-08
75 300 -7.03117e-08
100 300 -9.50143e-08
125 300 -1.20849e-07
150 300 -1.48163e-07
175 300 -1.77348e-07
200 300 -2.08861e-07
225 300 -2.43241e-07
250 300 -2.81133e-07
275 300 -3.23325e-07
300 300 -3.70792e-07
325 300 -4.24759e-07
350 300 -4.86789e-07
375 300 -5.58911e-07
400 300 -6.43802e-07
425 300 -7.45069e-07
450 300 -8.67677e-07
475 300 -1.01864e-06
500 300 -1.20818e-06
525 300 -1.45171e-06
550 300 -1.77362e-06
575 300 -2.2148e-06
600 300 -2.84965e-06
625 300 -3.83213e-06
650 300 -5.57091e-06
675 300 -9.28273e-06
700 300 -1.58059e-05
725 300 -1.68552e-05
750 300 2.22853e-06
775 300 3.00657e-05
800 300 3.73894e-05
825 300 2.41457e-05
850 300 1.03724e-05
875 300 4.26683e-06
900 300 2.9562e-06
925 300 3.2668e-06
950 300 4.18756e-06
975 300 5.8028e-06
1000 300 9.91931e-06
1025 300 1.94142e-05
1050 300 1.38218e-05
1075 300 -1.82612e-05
1100 300 -3.54942e-05
1125 300 -2.3727e-05
1150 300 -8.49253e-06
1175 300 -1.79717e-06
1200 300 -1.68428e-07
1225 300 8.21867e-08
1250 300 1.08921e-07
1275 300 1.1182e-07
1300 300 1.13056e-07
1325 300 1.14316e-07
1350 300 1.15695e-07
1375 300 1.17203e-07
1400 300 1.18845e-07
1425 300 1.20629e-07
1450 300 1.22563e-07
1475 300 1.24655e-07
1500 300 1.26916e-07
1525 300 1.29356e-07
1550 300 1.31987e-07
1575 300 1.34822e-07
1600 300 1.37876e-07
1625 300 1.41165e-07
1650 300 1.44708e-07
1675 300 1.48525e-07
1700 300 1.52639e-07
1725 300 1.57075e-07
1750 300 1.61861e-07
1775 300 1.67031e-07
1800 300 1.72619e-07
1825 300 1.78667e-07
1850 300 1.85222e-07
1875 300 1.92335e-07
1900 300 2.00066e-07
1925 300 2.08484e-07
1950 300 2.17668e-07
1975 300 2.27708e-07
2000 300 2.38709e-07
2025 300 2.50792e-07
2050 300 2.64099e-07
2075 300 2.78796e-07
2100 300 2.9508e-07
2125 300 3.13184e-07
2150 300 3.33384e-07
2175 300 3.56016e-07
2200 300 3.81481e-07
2225 300 4.10272e-07
2250 300 4.42994e-07
2275 300 4.804e-07
2300 300 5.23431e-07
2325 300 5.73284e-07
2350 300 6.31497e-07
2375 300 7.00076e-07
2400 300 7.81677e-07
2425 300 8.7989e-07
2450 300 9.99664e-07
2475 300 1.148e-06
2500 300 1.33509e-06
2525 300 1.57636e-06
2550 300 1.89618e-06
2575 300 2.33543e-06
2600 300 2.9685e-06
2625 300 3.94933e-06
2650 300 5.6866e-06
2675 300 9.39705e-06
2700 300 1.5919e-05
2725 300 1.69667e-05
2750 300 -2.12355e-06
2775 300 -3.00285e-05
2800 300 -3.79091e-05
2825 300 -2.77103e-05
2850 300 -2.40444e-05
2875 300 -3.46486e-05
2900 300 -3.57397e-05
2925 300 -7.65617e-06
2950 300 1.57676e-05
2975 300 9.72382e-06
0 325 0
25 325 -2.61587e-08
50 325 -5.26257e-08
75 325 -7.97188e-08
100 325 -1.07774e-07
125 325 -1.3716e-07
150 325 -1.68283e-07
175 325 -2.01613e-07
200 325 -2.37693e-07
225 325 -2.77172e-07
250 325 -3.20829e-07
275 325 -3.69626e-07
300 325 -4.24759e-07
325 325 -4.87746e-07
350 325 -5.60544e-07
375 325 -6.4572e-07
400 325 -7.46707e-07
425 325 -8.682e-07
450 325 -1.01678e-06
475 325 -1.20193e-06
500 325 -1.43786e-06
525 325 -1.74669e-06
550 325 -2.16496e-06
575 325 -2.75771e-06
600 325 -3.65485e-06
625 325 -5.17967e-06
650 325 -8.30843e-06
675 325 -1.43497e-05
700 325 -1.80775e-05
725 325 -4.4666e-06
750 325 2.38274e-05
775 325 3.80302e-05
800 325 2.84919e-05
825 325 1.33207e-05
850 325 5.05829e-06
875 325 2.68015e-06
900 325 2.52742e-06
925 325 2.99485e-06
950 325 3.80014e-06
975 325 5.14278e-06
1000 325 7.87391e-06
1025 325 1.62375e-05
1050 325 1.93916e-05
1075 325 -6.9133e-06
1100 325 -3.3689e-05
1125 325 -2.91468e-05
1150 325 -1.24979e-05
1175 325 -3.1144e-06
1200 325 -4.14585e-07
1225 325 6.12197e-08
1250 325 1.17568e-07
1275 325 1.23184e-07
1300 325 1.24712e-07
1325 325 1.26124e-07
1350 325 1.27661e-07
1375 325 1.29342e-07
1400 325 1.31173e-07
1425 325 1.33164e-07
1450 325 1.35322e-07
1475 325 1.37658e-07
1500 325 1.40182e-07
1525 325 1.42908e-07
1550 325 1.45847e-07
1575 325 1.49016e-07
1600 325 1.52432e-07
1625 325 1.56112e-07
1650 325 1.60078e-07
1675 325 1.64352e-07
1700 325 1.68962e-07
1725 325 1.73935e-07
1750 325 1.79305e-07
1775 325 1.85109e-07
1800 325 1.91387e-07
1825 325 1.98187e-07
1850 325 2.05562e-07
1875 325 2.13572e-07
1900 325 2.22287e-07
1925 325 2.31787e-07
1950 325 2.42161e-07
1975 325 2.53516e-07
2000 325 2.65973e-07
2025 325 2.79674e-07
2050 325 2.94787e-07
2075 325 3.11505e-07
2100 325 3.30062e-07
2125 325 3.50732e-07
2150 325 3.73845e-07
2175 325 3.998e-07
2200 325 4.2908e-07
2225 325 4.6228e-07
2250 325 5.00135e-07
2275 325 5.43561e-07
2300 325 5.93721e-07
2325 325 6.52098e-07
2350 325 7.20622e-07
2375 325 8.01831e-07
2400 325 8.99139e-07
2425 325 1.01722e-06
2450 325 1.16262e-06
2475 325 1.34484e-06
2500 325 1.57804e-06
2525 325 1.88435e-06
2550 325 2.30029e-06
2575 325 2.89088e-06
2600 325 3.78603e-06
2625 325 5.30901e-06
2650 325 8.43609e-06
2675 325 1.44759e-05
2700 325 1.82022e-05
2725 325 4.58917e-06
2750 325 -2.37187e-05
2775 325 -3.80594e-05
2800 325 -2.95253e-05
2825 325 -1.90978e-05
2850 325 -2.38632e-05
2875 325 -3.68545e-05
2900 325 -2.8758e-05
2925 325 3.65312e-06
2950 325 1.71047e-05
2975 325 6.94982e-06
0 350 0
25 350 -2.96058e-08
50 350 -5.95734e-08
75 350 -9.02759e-08
100 350 -1.2211e-07
125 350 -1.55508e-07
150 350 -1.90957e-07
175 350 -2.29014e-07
200 350 -2.70333e-07
225 350 -3.15698e-07
250 350 -3.66058e-07
275 350 -4.22594e-07
300 350 -4.86789e-07
325 350 -5.60544e-07
350 350 -6.46337e-07
375 350 -7.47464e-07
400 350 -8.68399e-07
425 350 -1.01537e-06
450 350 -1.1973e-06
475 350 -1.42738e-06
500 350 -1.72601e-06
525 350 -2.12636e-06
550 350 -2.68641e-06
575 350 -3.51879e-06
600 350 -4.88953e-06
625 350 -7.58932e-06
650 350 -1.30446e-05
675 350 -1.82539e-05
700 350 -9.45674e-06
725 350 1.73274e-05
750 350 3.69921e-05
775 350 3.21786e-05
800 350 1.66589e-05
825 350 6.32181e-06
850 350 2.72232e-06
875 350 2.11443e-06
900 350 2.32576e-06
925 350 2.78988e-06
950 350 3.49155e-06
975 350 4.62383e-06
1000 350 6.61198e-06
1025 350 1.28321e-05
1050 350 2.1082e-05
1075 350 4.03194e-06
1100 350 -2.82959e-05
1125 350 -3.32612e-05
1150 350 -1.72261e-05
1175 350 -5.02612e-06
1200 350 -8.36427e-07
1225 350 1.1357e-08
1250 350 1.23653e-07
1275 350 1.34927e-07
1300 350 1.36977e-07
1325 350 1.38562e-07
1350 350 1.40272e-07
1375 350 1.4214e-07
1400 350 1.44176e-07
1425 350 1.4639e-07
1450 350 1.48791e-07
1475 350 1.5139e-07
1500 350 1.54201e-07
1525 350 1.57236e-07
1550 350 1.60511e-07
1575 350 1.64043e-07
1600 350 1.67851e-07
1625 350 1.71957e-07
1650 350 1.76384e-07
1675 350 1.81158e-07
1700 350 1.8631e-07
1725 350 1.91871e-07
1750 350 1.97881e-07
1775 350 2.0438e-07
1800 350 2.11416e-07
1825 350 2.19044e-07
1850 350 2.27324e-07
1875 350 2.36327e-07
1900 350 2.46132e-07
1925 350 2.56832e-07
1950 350 2.68531e-07
1975 350 2.81354e-07
2000 350 2.95441e-07
2025 350 3.10959e-07
2050 350 3.28105e-07
2075 350 3.47108e-07
2100 350 3.68242e-07
2125 350 3.91835e-07
2150 350 4.18281e-07
2175 350 4.48058e-07
2200 350 4.8175e-07
2225 350 5.20077e-07
2250 350 5.63939e-07
2275 350 6.14465e-07
2300 350 6.73099e-07
2325 350 7.41702e-07
2350 350 8.22721e-07
2375 350 9.19421e-07
2400 350 1.03625e-06
2425 350 1.17941e-06
2450 350 1.35781e-06
2475 350 1.58462e-06
2500 350 1.88021e-06
2525 350 2.27775e-06
2550 350 2.8352e-06
2575 350 3.66518e-06
2600 350 5.0337e-06
2625 350 7.73146e-06
2650 350 1.31848e-05
2675 350 1.83925e-05
2700 350 9.59364e-06
2725 350 -1.71939e-05
2750 350 -3.68873e-05
2775 350 -3.23376e-05
2800 350 -1.85162e-05
2825 350 -1.50823e-05
2850 350 -2.6907e-05
2875 350 -3.74845e-05
2900 350 -1.91849e-05
2925 350 1.21853e-05
2950 350 1.55783e-05
2975 350 4.80038e-06
0 375 0
25 375 -3.3502e-08
50 375 -6.743e-08
75 375 -1.02224e-07
100 375 -1.38352e-07
125 375 -1.7633e-07
150 375 -2.16736e-07
175 375 -2.60241e-07
200 375 -3.07636e-07
225 375 -3.59874e-07
250 375 -4.18124e-07
275 375 -4.83849e-07
300 375 -5.58911e-07
325 375 -6.4572e-07
350 375 -7.47464e-07
375 375 -8.68447e-07
400 375 -1.01462e-06
425 375 -1.19445e-06
450 375 -1.42037e-06
475 375 -1.71139e-06
500 375 -2.09812e-06
525 375 -2.63322e-06
550 375 -3.41673e-06
575 375 -4.67544e-06
600 375 -7.06462e-06
625 375 -1.1971e-05
650 375 -1.78773e-05
675 375 -1.29151e-05
700 375 1.12525e-05
725 375 3.4689e-05
750 375 3.49401e-05
775 375 2.01066e-05
800 375 7.96661e-06
825 375 3.02179e-06
850 375 1.89908e-06
875 375 1.91165e-06
900 375 2.19704e-06
925 375 2.62267e-06
950 375 3.24003e-06
975 375 4.20146e-06
1000 375 5.8113e-06
1025 375 1.00477e-05
1050 375 1.98864e-05
1075 375 1.28361e-05
1100 375 -2.00468e-05
1125 375 -3.52267e-05
1150 375 -2.23072e-05
1175 375 -7.61081e-06
1200 375 -1.50868e-06
1225 375 -8.69085e-08
1250 375 1.24445e-07
1275 375 1.46874e-07
1300 375 1.49918e-07
1325 375 1.51718e-07
1350 375 1.53615e-07
1375 375 1.55687e-07
1400 375 1.57946e-07
1425 375 1.60403e-07
1450 375 1.63068e-07
1475 375 1.65954e-07
1500 375 1.69076e-07
1525 375 1.72449e-07
1550 375 1.7609e-07
1575 375 1.8002e-07
1600 375 1.84258e-07
1625 375 1.8883e-07
1650 375 1.93763e-07
1675 375 1.99086e-07
1700 375 2.04833e-07
1725 375 2.11043e-07
1750 375 2.17757e-07
1775 375 2.25025e-07
1800 375 2.32901e-07
1825 375 2.41447e-07
1850 375 2.50733e-07
1875 375 2.60841e-07
1900 375 2.71863e-07
1925 375 2.83905e-07
1950 375 2.97091e-07
1975 375 3.11564e-07
2000 375 3.2749e-07
2025 375 3.45066e-07
2050 375 3.64521e-07
2075 375 3.86129e-07
2100 375 4.10215e-07
2125 375 4.3717e-07
2150 375 4.67469e-07
2175 375 5.01688e-07
2200 375 5.40537e-07
2225 375 5.84899e-07
2250 375 6.35881e-07
2275 375 6.94892e-07
2300 375 7.63744e-07
2325 375 8.44805e-07
2350 375 9.41227e-07
2375 375 1.05728e-06
2400 375 1.19888e-06
2425 375 1.37447e-06
2450 375 1.59646e-06
2475 375 1.88384e-06
2500 375 2.2672e-06
2525 375 2.79917e-06
2550 375 3.5798e-06
2575 375 4.83584e-06
2600 375 7.22257e-06
2625 375 1.21267e-05
2650 375 1.80309e-05
2675 375 1.30668e-05
2700 375 -1.11028e-05
2725 375 -3.45452e-05
2750 375 -3.4853e-05
2775 375 -2.0495e-05
2800 375 -1.10565e-05
2825 375 -1.55123e-05
2850 375 -3.10442e-05
2875 375 -3.53733e-05
2900 375 -8.45948e-06
2925 375 1.71529e-05
2950 375 1.27184e-05
2975 375 3.44425e-06
0 400 0
25 400 -3.79433e-08
50 400 -7.63906e-08
75 400 -1.15863e-07
100 400 -1.56919e-07
125 400 -2.00171e-07
150 400 -2.46318e-07
175 400 -2.9617e-07
200 400 -3.50691e-07
225 400 -4.11054e-07
250 400 -4.78714e-07
275 400 -5.55508e-07
300 400 -6.43802e-07
325 400 -7.46707e-07
350 400 -8.68399e-07
375 400 -1.01462e-06
400 400 -1.19349e-06
425 400 -1.41686e-06
450 400 -1.70269e-06
475 400 -2.07963e-06
500 400 -2.59637e-06
525 400 -3.3438e-06
550 400 -4.52149e-06
575 400 -6.68868e-06
600 400 -1.11378e-05
625 400 -1.72811e-05
650 400 -1.51604e-05
675 400 6.01422e-06
700 400 3.16439e-05
725 400 3.67088e-05
750 400 2.34014e-05
775 400 9.87637e-06
800 400 3.53865e-06
825 400 1.82458e-06
850 400 1.64409e-06
875 400 1.8157e-06
900 400 2.09651e-06
925 400 2.48263e-06
950 400 3.03123e-06
975 400 3.85974e-06
1000 400 5.23653e-06
1025 400 8.11057e-06
1050 400 1.71414e-05
1075 400 1.85495e-05
1100 400 -1.02261e-05
1125 400 -3.45036e-05
1150 400 -2.72107e-05
1175 400 -1.0871e-05
1200 400 -2.5115e-06
1225 400 -2.60683e-07
1250 400 1.15456e-07
1275 400 1.58643e-07
1300 400 1.63599e-07
1325 400 1.65687e-07
1350 400 1.67791e-07
1375 400 1.70086e-07
1400 400 1.72588e-07
1425 400 1.7531e-07
1450 400 1.78265e-07
1475 400 1.81466e-07
1500 400 1.84929e-07
1525 400 1.88673e-07
1550 400 1.92717e-07
1575 400 1.97083e-07
1600 400 2.01795e-07
1625 400 2.06881e-07
1650 400 2.12371e-07
1675 400 2.18301e-07
1700 400 2.24708e-07
1725 400 2.31635e-07
1750 400 2.39133e-07
1775 400 2.47256e-07
1800 400 2.56067e-07
1825 400 2.65638e-07
1850 400 2.7605e-07
1875 400 2.87397e-07
1900 400 2.99786e-07
1925 400 3.13343e-07
1950 400 3.28209e-07
1975 400 3.44554e-07
2000 400 3.62573e-07
2025 400 3.82497e-07
2050 400 4.046e-07
2075 400 4.29206e-07
2100 400 4.56705e-07
2125 400 4.87568e-07
2150 400 5.22368e-07
2175 400 5.61807e-07
2200 400 6.06758e-07
2225 400 6.5831e-07
2250 400 7.17847e-07
