0 0 0
25 0 0
50 0 0
75 0 0
100 0 0
125 0 0
150 0 0
175 0 0
200 0 0
225 0 0
250 0 0
275 0 0
300 0 0
325 0 0
350 0 0
375 0 0
400 0 0
425 0 0
450 0 0
475 0 0
500 0 0
525 0 0
550 0 0
575 0 0
600 0 0
625 0 0
650 0 0
675 0 0
700 0 0
725 0 0
750 0 0
775 0 0
800 0 0
825 0 0
850 0 0
875 0 0
900 0 0
925 0 0
950 0 0
975 0 0
1000 0 0
1025 0 0
1050 0 0
1075 0 0
1100 0 0
1125 0 0
1150 0 0
1175 0 0
1200 0 0
1225 0 0
1250 0 0
1275 0 0
1300 0 0
1325 0 0
1350 0 0
1375 0 0
1400 0 0
1425 0 0
1450 0 0
1475 0 0
1500 0 0
1525 0 0
1550 0 0
1575 0 0
1600 0 0
1625 0 0
1650 0 0
1675 0 0
1700 0 0
1725 0 0
1750 0 0
1775 0 0
1800 0 0
1825 0 0
1850 0 0
1875 0 0
1900 0 0
1925 0 0
1950 0 0
1975 0 0
2000 0 0
2025 0 0
2050 0 0
2075 0 0
2100 0 0
2125 0 0
2150 0 0
2175 0 0
2200 0 0
2225 0 0
2250 0 0
2275 0 0
2300 0 0
2325 0 0
2350 0 0
2375 0 0
2400 0 0
2425 0 0
2450 0 0
2475 0 0
2500 0 0
2525 0 0
2550 0 0
2575 0 0
2600 0 0
2625 0 0
2650 0 0
2675 0 0
2700 0 0
2725 0 0
2750 0 0
2775 0 0
2800 0 0
2825 0 0
2850 0 0
2875 0 0
2900 0 0
2925 0 0
2950 0 0
2975 0 0
0 25 0
25 25 8.9565e-315
50 25 5.44891e-305
75 25 5.31337e-296
100 25 1.25198e-287
125 25 9.14409e-280
150 25 2.46141e-272
175 25 2.79867e-265
200 25 1.52004e-258
225 25 4.46829e-252
250 25 8.09143e-246
275 25 1.01268e-239
300 25 9.42153e-234
325 25 6.69677e-228
350 25 3.64663e-222
375 25 1.5138e-216
400 25 4.75886e-211
425 25 1.12461e-205
450 25 1.98196e-200
475 25 2.58239e-195
500 25 2.46422e-190
525 25 1.70449e-185
550 25 8.45011e-181
575 25 2.96548e-176
600 25 7.26697e-172
625 25 1.22481e-167
650 25 1.3962e-163
675 25 1.05648e-159
700 25 5.19656e-156
725 25 1.62292e-152
750 25 3.13397e-149
775 25 3.63163e-146
800 25 2.44112e-143
825 25 9.15992e-141
850 25 1.83743e-138
875 25 1.87739e-136
900 25 9.26697e-135
925 25 2.08967e-133
950 25 2.03669e-132
975 25 8.17097e-132
1000 25 1.30376e-131
1025 25 8.17097e-132
1050 25 2.03669e-132
1075 25 2.08967e-133
1100 25 9.26697e-135
1125 25 1.87739e-136
1150 25 1.83743e-138
1175 25 9.15992e-141
1200 25 2.44112e-143
1225 25 3.63163e-146
1250 25 3.13397e-149
1275 25 1.62292e-152
1300 25 5.19656e-156
1325 25 1.05648e-159
1350 25 1.3962e-163
1375 25 1.22481e-167
1400 25 7.26697e-172
1425 25 2.96548e-176
1450 25 8.45011e-181
1475 25 1.70449e-185
1500 25 2.46422e-190
1525 25 2.58239e-195
1550 25 1.98196e-200
1575 25 1.12461e-205
1600 25 4.75886e-211
1625 25 1.5138e-216
1650 25 3.64663e-222
1675 25 6.69677e-228
1700 25 9.42153e-234
1725 25 1.01268e-239
1750 25 8.09143e-246
1775 25 4.46829e-252
1800 25 1.52004e-258
1825 25 2.79867e-265
1850 25 2.46141e-272
1875 25 9.14409e-280
1900 25 1.25198e-287
1925 25 5.31337e-296
1950 25 5.44891e-305
1975 25 8.9565e-315
2000 25 0
2025 25 0
2050 25 0
2075 25 0
2100 25 0
2125 25 0
2150 25 0
2175 25 0
2200 25 0
2225 25 0
2250 25 0
2275 25 0
2300 25 0
2325 25 0
2350 25 0
2375 25 0
2400 25 0
2425 25 0
2450 25 0
2475 25 0
2500 25 0
2525 25 0
2550 25 0
2575 25 0
2600 25 0
2625 25 0
2650 25 0
2675 25 0
2700 25 0
2725 25 0
2750 25 0
2775 25 0
2800 25 0
2825 25 0
2850 25 0
2875 25 0
2900 25 0
2925 25 0
2950 25 0
2975 25 0
0 50 0
25 50 5.44891e-305
50 50 6.05811e-296
75 50 1.63314e-287
100 50 1.36956e-279
125 50 4.24872e-272
150 50 5.58935e-265
175 50 3.52695e-258
200 50 1.2099e-251
225 50 2.56923e-245
250 50 3.79061e-239
275 50 4.18074e-233
300 50 3.54379e-227
325 50 2.31578e-221
350 50 1.16145e-215
375 50 4.44322e-210
400 50 1.28777e-204
425 50 2.80692e-199
450 50 4.56463e-194
475 50 5.49046e-189
500 50 4.83889e-184
525 50 3.09279e-179
550 50 1.41752e-174
575 50 4.60166e-170
600 50 1.04372e-165
625 50 1.6293e-161
650 50 1.72148e-157
675 50 1.20838e-153
700 50 5.51918e-150
725 50 1.60244e-146
750 50 2.88084e-143
775 50 3.11331e-140
800 50 1.95594e-137
825 50 6.87869e-135
850 50 1.29786e-132
875 50 1.25312e-130
900 50 5.8807e-129
925 50 1.27064e-127
950 50 1.19846e-126
975 50 4.70913e-126
1000 50 7.46042e-126
1025 50 4.70913e-126
1050 50 1.19846e-126
1075 50 1.27064e-127
1100 50 5.8807e-129
1125 50 1.25312e-130
1150 50 1.29786e-132
1175 50 6.87869e-135
1200 50 1.95594e-137
1225 50 3.11331e-140
1250 50 2.88084e-143
1275 50 1.60244e-146
1300 50 5.51918e-150
1325 50 1.20838e-153
1350 50 1.72148e-157
1375 50 1.6293e-161
1400 50 1.04372e-165
1425 50 4.60166e-170
1450 50 1.41752e-174
1475 50 3.09279e-179
1500 50 4.83889e-184
1525 50 5.49046e-189
1550 50 4.56463e-194
1575 50 2.80692e-199
1600 50 1.28777e-204
1625 50 4.44322e-210
1650 50 1.16145e-215
1675 50 2.31578e-221
1700 50 3.54379e-227
1725 50 4.18074e-233
1750 50 3.79061e-239
1775 50 2.56923e-245
1800 50 1.2099e-251
1825 50 3.52695e-258
1850 50 5.58935e-265
1875 50 4.24872e-272
1900 50 1.36956e-279
1925 50 1.63314e-287
1950 50 6.05811e-296
1975 50 5.44891e-305
2000 50 7.88139e-315
2025 50 0
2050 50 0
2075 50 0
2100 50 0
2125 50 0
2150 50 0
2175 50 0
2200 50 0
2225 50 0
2250 50 0
2275 50 0
2300 50 0
2325 50 0
2350 50 0
2375 50 0
2400 50 0
2425 50 0
2450 50 0
2475 50 0
2500 50 0
2525 50 0
2550 50 0
2575 50 0
2600 50 0
2625 50 0
2650 50 0
2675 50 0
2700 50 0
2725 50 0
2750 50 0
2775 50 0
2800 50 0
2825 50 0
2850 50 0
2875 50 0
2900 50 0
2925 50 0
2950 50 0
2975 50 0
0 75 0
25 75 5.31337e-296
50 75 1.63314e-287
75 75 1.56687e-279
100 75 5.58095e-272
125 75 8.46107e-265
150 75 6.17701e-258
175 75 2.46184e-251
200 75 6.10119e-245
225 75 1.05573e-238
250 75 1.37279e-232
275 75 1.37953e-226
300 75 1.07503e-220
325 75 6.47e-215
350 75 2.99021e-209
375 75 1.05457e-203
400 75 2.81887e-198
425 75 5.66894e-193
450 75 8.50945e-188
475 75 9.45189e-183
500 75 7.69606e-178
525 75 4.54665e-173
550 75 1.92713e-168
575 75 5.78855e-164
600 75 1.21555e-159
625 75 1.75793e-155
650 75 1.722e-151
675 75 1.12159e-147
700 75 4.75809e-144
725 75 1.28461e-140
750 75 2.1506e-137
775 75 2.16806e-134
800 75 1.27341e-131
825 75 4.19851e-129
850 75 7.45346e-127
875 75 6.80296e-125
900 75 3.03632e-123
925 75 6.28866e-122
950 75 5.742e-121
975 75 2.21032e-120
1000 75 3.47708e-120
1025 75 2.21032e-120
1050 75 5.742e-121
1075 75 6.28866e-122
1100 75 3.03632e-123
1125 75 6.80296e-125
1150 75 7.45346e-127
1175 75 4.19851e-129
1200 75 1.27341e-131
1225 75 2.16806e-134
1250 75 2.1506e-137
1275 75 1.28461e-140
1300 75 4.75809e-144
1325 75 1.12159e-147
1350 75 1.722e-151
1375 75 1.75793e-155
1400 75 1.21555e-159
1425 75 5.78855e-164
1450 75 1.92713e-168
1475 75 4.54665e-173
1500 75 7.69606e-178
1525 75 9.45189e-183
1550 75 8.50945e-188
1575 75 5.66894e-193
1600 75 2.81887e-198
1625 75 1.05457e-203
1650 75 2.99021e-209
1675 75 6.47e-215
1700 75 1.07503e-220
1725 75 1.37953e-226
1750 75 1.37279e-232
1775 75 1.05573e-238
1800 75 6.10119e-245
1825 75 2.46184e-251
1850 75 6.17701e-258
1875 75 8.46107e-265
1900 75 5.58095e-272
1925 75 1.56687e-279
1950 75 1.63314e-287
1975 75 5.31337e-296
2000 75 4.20534e-305
2025 75 5.36938e-315
2050 75 0
2075 75 0
2100 75 0
2125 75 0
2150 75 0
2175 75 0
2200 75 0
2225 75 0
2250 75 0
2275 75 0
2300 75 0
2325 75 0
2350 75 0
2375 75 0
2400 75 0
2425 75 0
2450 75 0
2475 75 0
2500 75 0
2525 75 0
2550 75 0
2575 75 0
2600 75 0
2625 75 0
2650 75 0
2675 75 0
2700 75 0
2725 75 0
2750 75 0
2775 75 0
2800 75 0
2825 75 0
2850 75 0
2875 75 0
2900 75 0
2925 75 0
2950 75 0
2975 75 0
0 100 0
25 100 1.25198e-287
50 100 1.36956e-279
75 100 5.58095e-272
100 100 9.71441e-265
125 100 8.17285e-258
150 100 3.76852e-251
175 100 1.08513e-244
200 100 2.19161e-238
225 100 3.3426e-232
250 100 3.96029e-226
275 100 3.65864e-220
300 100 2.62572e-214
325 100 1.45616e-208
350 100 6.20381e-203
375 100 2.01771e-197
400 100 4.97573e-192
425 100 9.23555e-187
450 100 1.28004e-181
475 100 1.31337e-176
500 100 9.88274e-172
525 100 5.39815e-167
550 100 2.11653e-162
575 100 5.884e-158
600 100 1.14424e-153
625 100 1.53345e-149
650 100 1.39297e-145
675 100 8.42059e-142
700 100 3.31867e-138
725 100 8.33366e-135
750 100 1.29949e-131
775 100 1.22235e-128
800 100 6.71369e-126
825 100 2.07578e-123
850 100 3.46828e-121
875 100 2.99342e-119
900 100 1.27111e-117
925 100 2.52442e-116
950 100 2.23207e-115
975 100 8.41927e-115
1000 100 1.31525e-114
1025 100 8.41927e-115
1050 100 2.23207e-115
1075 100 2.52442e-116
1100 100 1.27111e-117
1125 100 2.99342e-119
1150 100 3.46828e-121
1175 100 2.07578e-123
1200 100 6.71369e-126
1225 100 1.22235e-128
1250 100 1.29949e-131
1275 100 8.33366e-135
1300 100 3.31867e-138
1325 100 8.42059e-142
1350 100 1.39297e-145
1375 100 1.53345e-149
1400 100 1.14424e-153
1425 100 5.884e-158
1450 100 2.11653e-162
1475 100 5.39815e-167
1500 100 9.88274e-172
1525 100 1.31337e-176
1550 100 1.28004e-181
1575 100 9.23555e-187
1600 100 4.97573e-192
1625 100 2.01771e-197
1650 100 6.20381e-203
1675 100 1.45616e-208
1700 100 2.62572e-214
1725 100 3.65864e-220
1750 100 3.96029e-226
1775 100 3.3426e-232
1800 100 2.19161e-238
1825 100 1.08513e-244
1850 100 3.76852e-251
1875 100 8.17285e-258
1900 100 9.71441e-265
1925 100 5.58095e-272
1950 100 1.36956e-279
1975 100 1.25198e-287
2000 100 3.58418e-296
2025 100 2.504e-305
2050 100 2.83063e-315
2075 100 0
2100 100 0
2125 100 0
2150 100 0
2175 100 0
2200 100 0
2225 100 0
2250 100 0
2275 100 0
2300 100 0
2325 100 0
2350 100 0
2375 100 0
2400 100 0
2425 100 0
2450 100 0
2475 100 0
2500 100 0
2525 100 0
2550 100 0
2575 100 0
2600 100 0
2625 100 0
2650 100 0
2675 100 0
2700 100 0
2725 100 0
2750 100 0
2775 100 0
2800 100 0
2825 100 0
2850 100 0
2875 100 0
2900 100 0
2925 100 0
2950 100 0
2975 100 0
0 125 0
25 125 9.14409e-280
50 125 4.24872e-272
75 125 8.46107e-265
100 125 8.17285e-258
125 125 4.34285e-251
150 125 1.44681e-244
175 125 3.3953e-238
200 125 6.04459e-232
225 125 8.40013e-226
250 125 9.14935e-220
275 125 7.78414e-214
300 125 5.14753e-208
325 125 2.63142e-202
350 125 1.03381e-196
375 125 3.10178e-191
400 125 7.05913e-186
425 125 1.20969e-180
450 125 1.54855e-175
475 125 1.46814e-170
500 125 1.02123e-165
525 125 5.15885e-161
550 125 1.87157e-156
575 125 4.81676e-152
600 125 8.67656e-148
625 125 1.07776e-143
650 125 9.08086e-140
675 125 5.09591e-136
700 125 1.8662e-132
725 125 4.35964e-129
750 125 6.33319e-126
775 125 5.55967e-123
800 125 2.85615e-120
825 125 8.28319e-118
850 125 1.3029e-115
875 125 1.06366e-113
900 125 4.29854e-112
925 125 8.18864e-111
950 125 7.01336e-110
975 125 2.59275e-109
1000 125 4.02255e-109
1025 125 2.59275e-109
1050 125 7.01336e-110
1075 125 8.18864e-111
1100 125 4.29854e-112
1125 125 1.06366e-113
1150 125 1.3029e-115
1175 125 8.28319e-118
1200 125 2.85615e-120
1225 125 5.55967e-123
1250 125 6.33319e-126
1275 125 4.35964e-129
1300 125 1.8662e-132
1325 125 5.09591e-136
1350 125 9.08086e-140
1375 125 1.07776e-143
1400 125 8.67656e-148
1425 125 4.81676e-152
1450 125 1.87157e-156
1475 125 5.15885e-161
1500 125 1.02123e-165
1525 125 1.46814e-170
1550 125 1.54855e-175
1575 125 1.20969e-180
1600 125 7.05913e-186
1625 125 3.10178e-191
1650 125 1.03381e-196
1675 125 2.63142e-202
1700 125 5.14753e-208
1725 125 7.78414e-214
1750 125 9.14935e-220
1775 125 8.40013e-226
1800 125 6.04459e-232
1825 125 3.3953e-238
1850 125 1.44681e-244
1875 125 4.34285e-251
1900 125 8.17285e-258
1925 125 8.46107e-265
1950 125 4.24872e-272
1975 125 9.14409e-280
2000 125 7.35501e-288
2025 125 1.8585e-296
2050 125 1.14948e-305
2075 125 1.15376e-315
2100 125 0
2125 125 0
2150 125 0
2175 125 0
2200 125 0
2225 125 0
2250 125 0
2275 125 0
2300 125 0
2325 125 0
2350 125 0
2375 125 0
2400 125 0
2425 125 0
2450 125 0
2475 125 0
2500 125 0
2525 125 0
2550 125 0
2575 125 0
2600 125 0
2625 125 0
2650 125 0
2675 125 0
2700 125 0
2725 125 0
2750 125 0
2775 125 0
2800 125 0
2825 125 0
2850 125 0
2875 125 0
2900 125 0
2925 125 0
2950 125 0
2975 125 0
0 150 0
25 150 2.46141e-272
50 150 5.58935e-265
75 150 6.17701e-258
100 150 3.76852e-251
125 150 1.44681e-244
150 150 3.92838e-238
175 150 8.12637e-232
200 150 1.31822e-225
225 150 1.68409e-219
250 150 1.68924e-213
275 150 1.32421e-207
300 150 8.07166e-202
325 150 3.80483e-196
350 150 1.3789e-190
375 150 3.81782e-185
400 150 8.02112e-180
425 150 1.26942e-174
450 150 1.50135e-169
475 150 1.31559e-164
500 150 8.46174e-160
525 150 3.95429e-155
550 150 1.32771e-150
575 150 3.16414e-146
600 150 5.28072e-142
625 150 6.0811e-138
650 150 4.75345e-134
675 150 2.47673e-130
700 150 8.42965e-127
725 150 1.83231e-123
750 150 2.48018e-120
775 150 2.03231e-117
800 150 9.76716e-115
825 150 2.65749e-112
850 150 3.93611e-110
875 150 3.04026e-108
900 150 1.16964e-106
925 150 2.13787e-105
950 150 1.77412e-104
975 150 6.42936e-104
1000 150 9.90712e-104
1025 150 6.42936e-104
1050 150 1.77412e-104
1075 150 2.13787e-105
1100 150 1.16964e-106
1125 150 3.04026e-108
1150 150 3.93611e-110
1175 150 2.65749e-112
1200 150 9.76716e-115
1225 150 2.03231e-117
1250 150 2.48018e-120
1275 150 1.83231e-123
1300 150 8.42965e-127
1325 150 2.47673e-130
1350 150 4.75345e-134
1375 150 6.0811e-138
1400 150 5.28072e-142
1425 150 3.16414e-146
1450 150 1.32771e-150
1475 150 3.95429e-155
1500 150 8.46174e-160
1525 150 1.31559e-164
1550 150 1.50135e-169
1575 150 1.26942e-174
1600 150 8.02112e-180
1625 150 3.81782e-185
1650 150 1.3789e-190
1675 150 3.80483e-196
1700 150 8.07166e-202
1725 150 1.32421e-207
1750 150 1.68924e-213
1775 150 1.68409e-219
1800 150 1.31822e-225
1825 150 8.12637e-232
1850 150 3.92838e-238
1875 150 1.44681e-244
1900 150 3.76852e-251
1925 150 6.17701e-258
1950 150 5.58935e-265
1975 150 2.46141e-272
2000 150 4.66079e-280
2025 150 3.30866e-288
2050 150 7.40098e-297
2075 150 4.06398e-306
2100 150 3.63161e-316
2125 150 0
2150 150 0
2175 150 0
2200 150 0
2225 150 0
2250 150 0
2275 150 0
2300 150 0
2325 150 0
2350 150 0
2375 150 0
2400 150 0
2425 150 0
2450 150 0
2475 150 0
2500 150 0
2525 150 0
2550 150 0
2575 150 0
2600 150 0
2625 150 0
2650 150 0
2675 150 0
2700 150 0
2725 150 0
2750 150 0
2775 150 0
2800 150 0
2825 150 0
2850 150 0
2875 150 0
2900 150 0
2925 150 0
2950 150 0
2975 150 0
0 175 0
25 175 2.79867e-265
50 175 3.52695e-258
75 175 2.46184e-251
100 175 1.08513e-244
125 175 3.3953e-238
150 175 8.12637e-232
175 175 1.53174e-225
200 175 2.2842e-219
225 175 2.68736e-213
250 175 2.48364e-207
275 175 1.79458e-201
300 175 1.00863e-195
325 175 4.38566e-190
350 175 1.46663e-184
375 175 3.74848e-179
400 175 7.27258e-174
425 175 1.06326e-168
450 175 1.16214e-163
475 175 9.41493e-159
500 175 5.60085e-154
525 175 2.42185e-149
550 175 7.52774e-145
575 175 1.66156e-140
600 175 2.56973e-136
625 175 2.74394e-132
650 175 1.99022e-128
675 175 9.62983e-125
700 175 3.04657e-121
725 175 6.16256e-118
750 175 7.77359e-115
775 175 5.94661e-112
800 175 2.67401e-109
825 175 6.82691e-107
850 175 9.52328e-105
875 175 6.96109e-103
900 175 2.55006e-101
925 175 4.47334e-100
950 175 3.59768e-99
975 175 1.27831e-98
1000 175 1.95652e-98
1025 175 1.27831e-98
1050 175 3.59768e-99
1075 175 4.47334e-100
1100 175 2.55006e-101
1125 175 6.96109e-103
1150 175 9.52328e-105
1175 175 6.82691e-107
1200 175 2.67401e-109
1225 175 5.94661e-112
1250 175 7.77359e-115
1275 175 6.16256e-118
1300 175 3.04657e-121
1325 175 9.62983e-125
1350 175 1.99022e-128
1375 175 2.74394e-132
1400 175 2.56973e-136
1425 175 1.66156e-140
1450 175 7.52774e-145
1475 175 2.42185e-149
1500 175 5.60085e-154
1525 175 9.41493e-159
1550 175 1.16214e-163
1575 175 1.06326e-168
1600 175 7.27258e-174
1625 175 3.74848e-179
1650 175 1.46663e-184
1675 175 4.38566e-190
1700 175 1.00863e-195
1725 175 1.79458e-201
1750 175 2.48364e-207
1775 175 2.68736e-213
1800 175 2.2842e-219
1825 175 1.53174e-225
1850 175 8.12637e-232
1875 175 3.3953e-238
1900 175 1.08513e-244
1925 175 2.46184e-251
1950 175 3.52695e-258
1975 175 2.79867e-265
2000 175 1.08425e-272
2025 175 1.8118e-280
2050 175 1.13844e-288
2075 175 2.26056e-297
2100 175 1.105e-306
2125 175 8.81389e-317
2150 175 0
2175 175 0
2200 175 0
2225 175 0
2250 175 0
2275 175 0
2300 175 0
2325 175 0
2350 175 0
2375 175 0
2400 175 0
2425 175 0
2450 175 0
2475 175 0
2500 175 0
2525 175 0
2550 175 0
2575 175 0
2600 175 0
2625 175 0
2650 175 0
2675 175 0
2700 175 0
2725 175 0
2750 175 0
2775 175 0
2800 175 0
2825 175 0
2850 175 0
2875 175 0
2900 175 0
2925 175 0
2950 175 0
2975 175 0
0 200 0
25 200 1.52004e-258
50 200 1.2099e-251
75 200 6.10119e-245
100 200 2.19161e-238
125 200 6.04459e-232
150 200 1.31822e-225
175 200 2.2842e-219
200 200 3.13686e-213
225 200 3.40034e-207
250 200 2.89657e-201
275 200 1.92982e-195
300 200 1.00047e-189
325 200 4.014e-184
350 200 1.23906e-178
375 200 2.92424e-173
400 200 5.24071e-168
425 200 7.08016e-163
450 200 7.15368e-158
475 200 5.35944e-153
500 200 2.94958e-148
525 200 1.18043e-143
550 200 3.39731e-139
575 200 6.9466e-135
600 200 9.9577e-131
625 200 9.86093e-127
650 200 6.63756e-123
675 200 2.98287e-119
700 200 8.77291e-116
725 200 1.6516e-112
750 200 1.94173e-109
775 200 1.38684e-106
800 200 5.8356e-104
825 200 1.39818e-101
850 200 1.8372e-99
875 200 1.27108e-97
900 200 4.43475e-96
925 200 7.46791e-95
950 200 5.82201e-94
975 200 2.02854e-93
1000 200 3.08406e-93
1025 200 2.02854e-93
1050 200 5.82201e-94
1075 200 7.46791e-95
1100 200 4.43475e-96
1125 200 1.27108e-97
1150 200 1.8372e-99
1175 200 1.39818e-101
1200 200 5.8356e-104
1225 200 1.38684e-106
1250 200 1.94173e-109
1275 200 1.6516e-112
1300 200 8.77291e-116
1325 200 2.98287e-119
1350 200 6.63756e-123
1375 200 9.86093e-127
1400 200 9.9577e-131
1425 200 6.9466e-135
1450 200 3.39731e-139
1475 200 1.18043e-143
1500 200 2.94958e-148
1525 200 5.35944e-153
1550 200 7.15368e-158
1575 200 7.08016e-163
1600 200 5.24071e-168
1625 200 2.92424e-173
1650 200 1.23906e-178
1675 200 4.014e-184
1700 200 1.00047e-189
1725 200 1.92982e-195
1750 200 2.89657e-201
1775 200 3.40034e-207
1800 200 3.13686e-213
1825 200 2.2842e-219
1850 200 1.31822e-225
1875 200 6.04459e-232
1900 200 2.19161e-238
1925 200 6.10119e-245
1950 200 1.2099e-251
1975 200 1.52004e-258
2000 200 1.06105e-265
2025 200 3.62717e-273
2050 200 5.36404e-281
2075 200 2.99153e-289
2100 200 5.28708e-298
2125 200 2.30651e-307
2150 200 1.64621e-317
2175 200 0
2200 200 0
2225 200 0
2250 200 0
2275 200 0
2300 200 0
2325 200 0
2350 200 0
2375 200 0
2400 200 0
2425 200 0
2450 200 0
2475 200 0
2500 200 0
2525 200 0
2550 200 0
2575 200 0
2600 200 0
2625 200 0
2650 200 0
2675 200 0
2700 200 0
2725 200 0
2750 200 0
2775 200 0
2800 200 0
2825 200 0
2850 200 0
2875 200 0
2900 200 0
2925 200 0
2950 200 0
2975 200 0
0 225 0
25 225 4.46829e-252
50 225 2.56923e-245
75 225 1.05573e-238
100 225 3.3426e-232
125 225 8.40013e-226
150 225 1.68409e-219
175 225 2.68736e-213
200 225 3.40034e-207
225 225 3.3974e-201
250 225 2.66847e-195
275 225 1.63984e-189
300 225 7.84425e-184
325 225 2.90495e-178
350 225 8.27981e-173
375 225 1.80492e-167
400 225 2.98886e-162
425 225 3.73235e-157
450 225 3.48697e-152
475 225 2.41645e-147
500 225 1.23062e-142
525 225 4.55914e-138
550 225 1.21519e-133
575 225 2.30221e-129
600 225 3.05927e-125
625 225 2.81004e-121
650 225 1.75559e-117
675 225 7.32834e-114
700 225 2.00388e-110
725 225 3.51141e-107
750 225 3.84788e-104
775 225 2.56613e-101
800 225 1.01049e-98
825 225 2.27228e-96
850 225 2.81277e-94
875 225 1.84219e-92
900 225 6.12246e-91
925 225 9.89887e-90
950 225 7.48205e-89
975 225 2.55673e-88
1000 225 3.86134e-88
1025 225 2.55673e-88
1050 225 7.48205e-89
1075 225 9.89887e-90
1100 225 6.12246e-91
1125 225 1.84219e-92
1150 225 2.81277e-94
1175 225 2.27228e-96
1200 225 1.01049e-98
1225 225 2.56613e-101
1250 225 3.84788e-104
1275 225 3.51141e-107
1300 225 2.00388e-110
1325 225 7.32834e-114
1350 225 1.75559e-117
1375 225 2.81004e-121
1400 225 3.05927e-125
1425 225 2.30221e-129
1450 225 1.21519e-133
1475 225 4.55914e-138
1500 225 1.23062e-142
1525 225 2.41645e-147
1550 225 3.48697e-152
1575 225 3.73235e-157
1600 225 2.98886e-162
1625 225 1.80492e-167
1650 225 8.27981e-173
1675 225 2.90495e-178
1700 225 7.84425e-184
1725 225 1.63984e-189
1750 225 2.66847e-195
1775 225 3.3974e-201
1800 225 3.40034e-207
1825 225 2.68736e-213
1850 225 1.68409e-219
1875 225 8.40013e-226
1900 225 3.3426e-232
1925 225 1.05573e-238
1950 225 2.56923e-245
1975 225 4.46829e-252
2000 225 4.93826e-259
2025 225 3.04135e-266
2050 225 9.19977e-274
2075 225 1.20732e-281
2100 225 5.99181e-290
2125 225 9.44912e-299
2150 225 3.68791e-308
2175 225 2.36076e-318
2200 225 0
2225 225 0
2250 225 0
2275 225 0
2300 225 0
2325 225 0
2350 225 0
2375 225 0
2400 225 0
2425 225 0
2450 225 0
2475 225 0
2500 225 0
2525 225 0
2550 225 0
2575 225 0
2600 225 0
2625 225 0
2650 225 0
2675 225 0
2700 225 0
2725 225 0
2750 225 0
2775 225 0
2800 225 0
2825 225 0
2850 225 0
2875 225 0
2900 225 0
2925 225 0
2950 225 0
2975 225 0
0 250 0
25 250 8.09143e-246
50 250 3.79061e-239
75 250 1.37279e-232
100 250 3.96029e-226
125 250 9.14935e-220
150 250 1.68924e-213
175 250 2.48364e-207
200 250 2.89657e-201
225 250 2.66847e-195
250 250 1.93323e-189
275 250 1.09617e-183
300 250 4.83988e-178
325 250 1.65491e-172
350 250 4.35668e-167
375 250 8.77484e-162
400 250 1.34301e-156
425 250 1.55058e-151
450 250 1.33983e-146
475 250 8.59057e-142
500 250 4.0492e-137
525 250 1.38897e-132
550 250 3.42923e-128
575 250 6.02051e-124
600 250 7.41742e-120
625 250 6.32023e-116
650 250 3.66529e-112
675 250 1.42128e-108
700 250 3.61353e-105
725 250 5.89396e-102
750 250 6.02026e-99
775 250 3.74891e-96
800 250 1.38155e-93
825 250 2.91583e-91
850 250 3.40045e-89
875 250 2.10843e-87
900 250 6.67568e-86
925 250 1.03645e-84
950 250 7.59634e-84
975 250 2.54607e-83
1000 250 3.81993e-83
1025 250 2.54607e-83
1050 250 7.59634e-84
1075 250 1.03645e-84
1100 250 6.67568e-86
1125 250 2.10843e-87
1150 250 3.40045e-89
1175 250 2.91583e-91
1200 250 1.38155e-93
1225 250 3.74891e-96
1250 250 6.02026e-99
1275 250 5.89396e-102
1300 250 3.61353e-105
1325 250 1.42128e-108
1350 250 3.66529e-112
1375 250 6.32023e-116
1400 250 7.41742e-120
1425 250 6.02051e-124
1450 250 3.42923e-128
1475 250 1.38897e-132
1500 250 4.0492e-137
1525 250 8.59057e-142
1550 250 1.33983e-146
1575 250 1.55058e-151
1600 250 1.34301e-156
1625 250 8.77484e-162
1650 250 4.35668e-167
1675 250 1.65491e-172
1700 250 4.83988e-178
1725 250 1.09617e-183
1750 250 1.93323e-189
1775 250 2.66847e-195
1800 250 2.89657e-201
1825 250 2.48364e-207
1850 250 1.68924e-213
1875 250 9.14935e-220
1900 250 3.96029e-226
1925 250 1.37279e-232
1950 250 3.79061e-239
1975 250 8.09143e-246
2000 250 1.23805e-252
2025 250 1.2072e-259
2050 250 6.57808e-267
2075 250 1.76542e-274
2100 250 2.06125e-282
2125 250 9.12593e-291
2150 250 1.28725e-299
2175 250 4.50511e-309
2200 250 2.59236e-319
2225 250 0
2250 250 0
2275 250 0
2300 250 0
2325 250 0
2350 250 0
2375 250 0
2400 250 0
2425 250 0
2450 250 0
2475 250 0
2500 250 0
2525 250 0
2550 250 0
2575 250 0
2600 250 0
2625 250 0
2650 250 0
2675 250 0
2700 250 0
2725 250 0
2750 250 0
2775 250 0
2800 250 0
2825 250 0
2850 250 0
2875 250 0
2900 250 0
2925 250 0
2950 250 0
2975 250 0
0 275 0
25 275 1.01268e-239
50 275 4.18074e-233
75 275 1.37953e-226
100 275 3.65864e-220
125 275 7.78414e-214
150 275 1.32421e-207
175 275 1.79458e-201
200 275 1.92982e-195
225 275 1.63984e-189
250 275 1.09617e-183
275 275 5.7369e-178
300 275 2.33872e-172
325 275 7.38596e-167
350 275 1.79646e-161
375 275 3.34404e-156
400 275 4.73174e-151
425 275 5.05228e-146
450 275 4.03865e-141
475 275 2.39633e-136
500 275 1.04564e-131
525 275 3.32162e-127
550 275 7.59742e-123
575 275 1.23623e-118
600 275 1.41226e-114
625 275 1.1164e-110
650 275 6.0102e-107
675 275 2.16507e-103
700 275 5.11817e-100
725 275 7.77066e-97
750 275 7.39824e-94
775 275 4.30168e-91
800 275 1.48353e-88
825 275 2.93867e-86
850 275 3.2287e-84
875 275 1.89532e-82
900 275 5.71733e-81
925 275 8.52463e-80
950 275 6.059e-79
975 275 1.99207e-78
1000 275 2.96918e-78
1025 275 1.99207e-78
1050 275 6.059e-79
1075 275 8.52463e-80
1100 275 5.71733e-81
1125 275 1.89532e-82
1150 275 3.2287e-84
1175 275 2.93867e-86
1200 275 1.48353e-88
1225 275 4.30168e-91
1250 275 7.39824e-94
1275 275 7.77066e-97
1300 275 5.11817e-100
1325 275 2.16507e-103
1350 275 6.0102e-107
1375 275 1.1164e-110
1400 275 1.41226e-114
1425 275 1.23623e-118
1450 275 7.59742e-123
1475 275 3.32162e-127
1500 275 1.04564e-131
1525 275 2.39633e-136
1550 275 4.03865e-141
1575 275 5.05228e-146
1600 275 4.73174e-151
1625 275 3.34404e-156
1650 275 1.79646e-161
1675 275 7.38596e-167
1700 275 2.33872e-172
1725 275 5.7369e-178
1750 275 1.09617e-183
1775 275 1.63984e-189
1800 275 1.92982e-195
1825 275 1.79458e-201
1850 275 1.32421e-207
1875 275 7.78414e-214
1900 275 3.65864e-220
1925 275 1.37953e-226
1950 275 4.18074e-233
1975 275 1.01268e-239
2000 275 1.90215e-246
2025 275 2.56819e-253
2050 275 2.21561e-260
2075 275 1.071e-267
2100 275 2.55667e-275
2125 275 2.66227e-283
2150 275 1.05397e-291
2175 275 1.33277e-300
2200 275 4.19195e-310
2225 275 2.17142e-320
2250 275 0
2275 275 0
2300 275 0
2325 275 0
2350 275 0
2375 275 0
2400 275 0
2425 275 0
2450 275 0
2475 275 0
2500 275 0
2525 275 0
2550 275 0
2575 275 0
2600 275 0
2625 275 0
2650 275 0
2675 275 0
2700 275 0
2725 275 0
2750 275 0
2775 275 0
2800 275 0
2825 275 0
2850 275 0
2875 275 0
2900 275 0
2925 275 0
2950 275 0
2975 275 0
0 300 0
25 300 9.42153e-234
50 300 3.54379e-227
75 300 1.07503e-220
100 300 2.62572e-214
125 300 5.14753e-208
150 300 8.07166e-202
175 300 1.00863e-195
200 300 1.00047e-189
225 300 7.84425e-184
250 300 4.83988e-178
275 300 2.33872e-172
300 300 8.80569e-167
325 300 2.5693e-161
350 300 5.7754e-156
375 300 9.93865e-151
400 300 1.30047e-145
425 300 1.28447e-140
450 300 9.5009e-136
475 300 5.21798e-131
500 300 2.10817e-126
525 300 6.20285e-122
550 300 1.31456e-117
575 300 1.9827e-113
600 300 2.10043e-109
625 300 1.54052e-105
650 300 7.69914e-102
675 300 2.57654e-98
700 300 5.66322e-95
725 300 8.00304e-92
750 300 7.10166e-89
775 300 3.85528e-86
800 300 1.24414e-83
825 300 2.31287e-81
850 300 2.39388e-79
875 300 1.33038e-77
900 300 3.82349e-76
925 300 5.47507e-75
950 300 3.77406e-74
975 300 1.21724e-73
1000 300 1.80245e-73
1025 300 1.21724e-73
1050 300 3.77406e-74
1075 300 5.47507e-75
1100 300 3.82349e-76
1125 300 1.33038e-77
1150 300 2.39388e-79
1175 300 2.31287e-81
1200 300 1.24414e-83
1225 300 3.85528e-86
1250 300 7.10166e-89
1275 300 8.00304e-92
1300 300 5.66322e-95
1325 300 2.57654e-98
1350 300 7.69914e-102
1375 300 1.54052e-105
1400 300 2.10043e-109
1425 300 1.9827e-113
1450 300 1.31456e-117
1475 300 6.20285e-122
1500 300 2.10817e-126
1525 300 5.21798e-131
1550 300 9.5009e-136
1575 300 1.28447e-140
1600 300 1.30047e-145
1625 300 9.93865e-151
1650 300 5.7754e-156
1675 300 2.5693e-161
1700 300 8.80569e-167
1725 300 2.33872e-172
1750 300 4.83988e-178
1775 300 7.84425e-184
1800 300 1.00047e-189
1825 300 1.00863e-195
1850 300 8.07166e-202
1875 300 5.14753e-208
1900 300 2.62572e-214
1925 300 1.07503e-220
1950 300 3.54379e-227
1975 300 9.42153e-234
2000 300 2.00844e-240
2025 300 3.32968e-247
2050 300 3.97814e-254
2075 300 3.04451e-261
2100 300 1.30879e-268
2125 300 2.78569e-276
2150 300 2.59303e-284
2175 300 9.20003e-293
2200 300 1.0452e-301
2225 300 2.96068e-311
2250 300 1.36856e-321
2275 300 0
2300 300 0
2325 300 0
2350 300 0
2375 300 0
2400 300 0
2425 300 0
2450 300 0
2475 300 0
2500 300 0
2525 300 0
2550 300 0
2575 300 0
2600 300 0
2625 300 0
2650 300 0
2675 300 0
2700 300 0
2725 300 0
2750 300 0
2775 300 0
2800 300 0
2825 300 0
2850 300 0
2875 300 0
2900 300 0
2925 300 0
2950 300 0
2975 300 0
0 325 0
25 325 6.69677e-228
50 325 2.31578e-221
75 325 6.47e-215
100 325 1.45616e-208
125 325 2.63142e-202
150 325 3.80483e-196
175 325 4.38566e-190
200 325 4.014e-184
225 325 2.90495e-178
250 325 1.65491e-172
275 325 7.38596e-167
300 325 2.5693e-161
325 325 6.92818e-156
350 325 1.43969e-150
375 325 2.29098e-145
400 325 2.77286e-140
425 325 2.53403e-135
450 325 1.73474e-130
475 325 8.82032e-126
500 325 3.30012e-121
525 325 8.99483e-117
550 325 1.76647e-112
575 325 2.46982e-108
600 325 2.42648e-104
625 325 1.65121e-100
650 325 7.66093e-97
675 325 2.38162e-93
700 325 4.86692e-90
725 325 6.40105e-87
750 325 5.29343e-84
775 325 2.68261e-81
800 325 8.09962e-79
825 325 1.41287e-76
850 325 1.37743e-74
875 325 7.24628e-73
900 325 1.98402e-71
925 325 2.72843e-70
950 325 1.82402e-69
975 325 5.77121e-69
1000 325 8.49014e-69
1025 325 5.77121e-69
1050 325 1.82402e-69
1075 325 2.72843e-70
1100 325 1.98402e-71
1125 325 7.24628e-73
1150 325 1.37743e-74
1175 325 1.41287e-76
1200 325 8.09962e-79
1225 325 2.68261e-81
1250 325 5.29343e-84
1275 325 6.40105e-87
1300 325 4.86692e-90
1325 325 2.38162e-93
1350 325 7.66093e-97
1375 325 1.65121e-100
1400 325 2.42648e-104
1425 325 2.46982e-108
1450 325 1.76647e-112
1475 325 8.99483e-117
1500 325 3.30012e-121
1525 325 8.82032e-126
1550 325 1.73474e-130
1575 325 2.53403e-135
1600 325 2.77286e-140
1625 325 2.29098e-145
1650 325 1.43969e-150
1675 325 6.92818e-156
1700 325 2.5693e-161
1725 325 7.38596e-167
1750 325 1.65491e-172
1775 325 2.90495e-178
1800 325 4.014e-184
1825 325 4.38566e-190
1850 325 3.80483e-196
1875 325 2.63142e-202
1900 325 1.45616e-208
1925 325 6.47e-215
1950 325 2.31578e-221
1975 325 6.69677e-228
2000 325 1.56695e-234
2025 325 2.94876e-241
2050 325 4.32711e-248
2075 325 4.58704e-255
2100 325 3.12193e-262
2125 325 1.19636e-269
2150 325 2.27553e-277
2175 325 1.89759e-285
2200 325 6.04658e-294
2225 325 6.18444e-303
2250 325 1.58088e-312
2275 325 7.41098e-323
2300 325 0
2325 325 0
2350 325 0
2375 325 0
2400 325 0
2425 325 0
2450 325 0
2475 325 0
2500 325 0
2525 325 0
2550 325 0
2575 325 0
2600 325 0
2625 325 0
2650 325 0
2675 325 0
2700 325 0
2725 325 0
2750 325 0
2775 325 0
2800 325 0
2825 325 0
2850 325 0
2875 325 0
2900 325 0
2925 325 0
2950 325 0
2975 325 0
0 350 0
25 350 3.64663e-222
50 350 1.16145e-215
75 350 2.99021e-209
100 350 6.20381e-203
125 350 1.03381e-196
150 350 1.3789e-190
175 350 1.46663e-184
200 350 1.23906e-178
225 350 8.27981e-173
250 350 4.35668e-167
275 350 1.79646e-161
300 350 5.7754e-156
325 350 1.43969e-150
350 350 2.76643e-145
375 350 4.07188e-140
400 350 4.55976e-135
425 350 3.85639e-130
450 350 2.44386e-125
475 350 1.15057e-120
500 350 3.98718e-116
525 350 1.00684e-111
550 350 1.83247e-107
575 350 2.37523e-103
600 350 2.16417e-99
625 350 1.36639e-95
650 350 5.88495e-92
675 350 1.6994e-88
700 350 3.22835e-85
725 350 3.95108e-82
750 350 3.04441e-79
775 350 1.43998e-76
800 350 4.06683e-74
825 350 6.65508e-72
850 350 6.10999e-70
875 350 3.04211e-68
900 350 7.93391e-67
925 350 1.04774e-65
950 350 6.79277e-65
975 350 2.10838e-64
1000 350 3.08145e-64
1025 350 2.10838e-64
1050 350 6.79277e-65
1075 350 1.04774e-65
1100 350 7.93391e-67
1125 350 3.04211e-68
1150 350 6.10999e-70
1175 350 6.65508e-72
1200 350 4.06683e-74
1225 350 1.43998e-76
1250 350 3.04441e-79
1275 350 3.95108e-82
1300 350 3.22835e-85
1325 350 1.6994e-88
1350 350 5.88495e-92
1375 350 1.36639e-95
1400 350 2.16417e-99
1425 350 2.37523e-103
1450 350 1.83247e-107
1475 350 1.00684e-111
1500 350 3.98718e-116
1525 350 1.15057e-120
1550 350 2.44386e-125
1575 350 3.85639e-130
1600 350 4.55976e-135
1625 350 4.07188e-140
1650 350 2.76643e-145
1675 350 1.43969e-150
1700 350 5.7754e-156
1725 350 1.79646e-161
1750 350 4.35668e-167
1775 350 8.27981e-173
1800 350 1.23906e-178
1825 350 1.46663e-184
1850 350 1.3789e-190
1875 350 1.03381e-196
1900 350 6.20381e-203
1925 350 2.99021e-209
1950 350 1.16145e-215
1975 350 3.64663e-222
2000 350 9.28075e-229
2025 350 1.91707e-235
2050 350 3.19397e-242
2075 350 4.15995e-249
2100 350 3.92261e-256
2125 350 2.37981e-263
2150 350 8.14768e-271
2175 350 1.38784e-278
2200 350 1.03897e-286
2225 350 2.97927e-295
2250 350 2.74874e-304
2275 350 6.35288e-314
2300 350 0
2325 350 0
2350 350 0
2375 350 0
2400 350 0
2425 350 0
2450 350 0
2475 350 0
2500 350 0
2525 350 0
2550 350 0
2575 350 0
2600 350 0
2625 350 0
2650 350 0
2675 350 0
2700 350 0
2725 350 0
2750 350 0
2775 350 0
2800 350 0
2825 350 0
2850 350 0
2875 350 0
2900 350 0
2925 350 0
2950 350 0
2975 350 0
0 375 0
25 375 1.5138e-216
50 375 4.44322e-210
75 375 1.05457e-203
100 375 2.01771e-197
125 375 3.10178e-191
150 375 3.81782e-185
175 375 3.74848e-179
200 375 2.92424e-173
225 375 1.80492e-167
250 375 8.77484e-162
275 375 3.34404e-156
300 375 9.93865e-151
325 375 2.29098e-145
350 375 4.07188e-140
375 375 5.54503e-135
400 375 5.74635e-130
425 375 4.49861e-125
450 375 2.63952e-120
475 375 1.15086e-115
500 375 3.69435e-111
525 375 8.64388e-107
550 375 1.45808e-102
575 375 1.75215e-98
600 375 1.48056e-94
625 375 8.67269e-91
650 375 3.46712e-87
675 375 9.29873e-84
700 375 1.64186e-80
725 375 1.86946e-77
750 375 1.34182e-74
775 375 5.92178e-72
800 375 1.56391e-69
825 375 2.40008e-67
850 375 2.07443e-65
875 375 9.77236e-64
900 375 2.42712e-62
925 375 3.07736e-61
950 375 1.93466e-60
975 375 5.8904e-60
1000 375 8.55272e-60
1025 375 5.8904e-60
1050 375 1.93466e-60
1075 375 3.07736e-61
1100 375 2.42712e-62
1125 375 9.77236e-64
1150 375 2.07443e-65
1175 375 2.40008e-67
1200 375 1.56391e-69
1225 375 5.92178e-72
1250 375 1.34182e-74
1275 375 1.86946e-77
1300 375 1.64186e-80
1325 375 9.29873e-84
1350 375 3.46712e-87
1375 375 8.67269e-91
1400 375 1.48056e-94
1425 375 1.75215e-98
1450 375 1.45808e-102
1475 375 8.64388e-107
1500 375 3.69435e-111
1525 375 1.15086e-115
1550 375 2.63952e-120
1575 375 4.49861e-125
1600 375 5.74635e-130
1625 375 5.54503e-135
1650 375 4.07188e-140
1675 375 2.29098e-145
1700 375 9.93865e-151
1725 375 3.34404e-156
1750 375 8.77484e-162
1775 375 1.80492e-167
1800 375 2.92424e-173
1825 375 3.74848e-179
1850 375 3.81782e-185
1875 375 3.10178e-191
1900 375 2.01771e-197
1925 375 1.05457e-203
1950 375 4.44322e-210
1975 375 1.5138e-216
2000 375 4.18273e-223
2025 375 9.39731e-230
2050 375 1.71866e-236
2075 375 2.54207e-243
2100 375 2.94619e-250
2125 375 2.47706e-257
2150 375 1.34259e-264
2175 375 4.11527e-272
2200 375 6.29019e-280
2225 375 4.23566e-288
2250 375 1.0951e-296
2275 375 9.13106e-306
2300 375 1.91157e-315
2325 375 0
2350 375 0
2375 375 0
2400 375 0
2425 375 0
2450 375 0
2475 375 0
2500 375 0
2525 375 0
2550 375 0
2575 375 0
2600 375 0
2625 375 0
2650 375 0
2675 375 0
2700 375 0
2725 375 0
2750 375 0
2775 375 0
2800 375 0
2825 375 0
2850 375 0
2875 375 0
2900 375 0
2925 375 0
2950 375 0
2975 375 0
0 400 0
25 400 4.75886e-211
50 400 1.28777e-204
75 400 2.81887e-198
100 400 4.97573e-192
125 400 7.05913e-186
150 400 8.02112e-180
175 400 7.27258e-174
200 400 5.24071e-168
225 400 2.98886e-162
250 400 1.34301e-156
275 400 4.73174e-151
300 400 1.30047e-145
325 400 2.77286e-140
350 400 4.55976e-135
375 400 5.74635e-130
400 400 5.51214e-125
425 400 3.99523e-120
450 400 2.17079e-115
475 400 8.76667e-111
500 400 2.60715e-106
525 400 5.65259e-102
550 400 8.83753e-98
575 400 9.84571e-94
600 400 7.71532e-90
625 400 4.19261e-86
650 400 1.55557e-82
675 400 3.87405e-79
700 400 6.35627e-76
725 400 6.73134e-73
750 400 4.49904e-70
775 400 1.85192e-67
800 400 4.57153e-65
825 400 6.57674e-63
850 400 5.34915e-61
875 400 2.38332e-59
900 400 5.63518e-58
925 400 6.85805e-57
950 400 4.18e-56
975 400 1.24828e-55
1000 400 1.80056e-55
1025 400 1.24828e-55
1050 400 4.18e-56
1075 400 6.85805e-57
1100 400 5.63518e-58
1125 400 2.38332e-59
1150 400 5.34915e-61
1175 400 6.57674e-63
1200 400 4.57153e-65
1225 400 1.85192e-67
1250 400 4.49904e-70
1275 400 6.73134e-73
1300 400 6.35627e-76
1325 400 3.87405e-79
1350 400 1.55557e-82
1375 400 4.19261e-86
1400 400 7.71532e-90
1425 400 9.84571e-94
1450 400 8.83753e-98
1475 400 5.65259e-102
1500 400 2.60715e-106
1525 400 8.76667e-111
1550 400 2.17079e-115
1575 400 3.99523e-120
1600 400 5.51214e-125
1625 400 5.74635e-130
1650 400 4.55976e-135
1675 400 2.77286e-140
1700 400 1.30047e-145
1725 400 4.73174e-151
1750 400 1.34301e-156
1775 400 2.98886e-162
1800 400 5.24071e-168
1825 400 7.27258e-174
1850 400 8.02112e-180
1875 400 7.05913e-186
1900 400 4.97573e-192
1925 400 2.81887e-198
1950 400 1.28777e-204
1975 400 4.75886e-211
2000 400 1.42673e-217
2025 400 3.47982e-224
2050 400 6.92173e-231
2075 400 1.12392e-237
2100 400 1.47968e-244
2125 400 1.52974e-251
2150 400 1.14937e-258
2175 400 5.57714e-266
2200 400 1.53351e-273
2225 400 2.10733e-281
2250 400 1.27874e-289
2275 400 2.98623e-298
2300 400 2.25426e-307
2325 400 4.28216e-317
2350 400 0
2375 400 0
2400 400 0
2425 400 0
2450 400 0
2475 400 0
2500 400 0
2525 400 0
2550 400 0
2575 400 0
2600 400 0
2625 400 0
2650 400 0
2675 400 0
2700 400 0
2725 400 0
2750 400 0
2775 400 0
2800 400 0
2825 400 0
2850 400 0
2875 400 0
2900 400 0
2925 400 0
2950 400 0
2975 400 0
0 425 0
25 425 1.12461e-205
50 425 2.80692e-199
75 425 5.66894e-193
100 425 9.23555e-187
125 425 1.20969e-180
150 425 1.26942e-174
175 425 1.06326e-168
200 425 7.08016e-163
225 425 3.73235e-157
250 425 1.55058e-151
275 425 5.05228e-146
300 425 1.28447e-140
325 425 2.53403e-135
350 425 3.85639e-130
375 425 4.49861e-125
400 425 3.99523e-120
425 425 2.68153e-115
450 425 1.34945e-110
475 425 5.04839e-106
500 425 1.39104e-101
525 425 2.79484e-97
550 425 4.05004e-93
575 425 4.18299e-89
600 425 3.03957e-85
625 425 1.5321e-81
650 425 5.27472e-78
675 425 1.21953e-74
700 425 1.85874e-71
725 425 1.8301e-68
750 425 1.13855e-65
775 425 4.36907e-63
800 425 1.00759e-60
825 425 1.35809e-58
850 425 1.03889e-56
875 425 4.3756e-55
900 425 9.84459e-54
925 425 1.14957e-52
950 425 6.79112e-52
975 425 1.98885e-51
1000 425 2.84979e-51
1025 425 1.98885e-51
1050 425 6.79112e-52
1075 425 1.14957e-52
1100 425 9.84459e-54
1125 425 4.3756e-55
1150 425 1.03889e-56
1175 425 1.35809e-58
1200 425 1.00759e-60
1225 425 4.36907e-63
1250 425 1.13855e-65
1275 425 1.8301e-68
1300 425 1.85874e-71
1325 425 1.21953e-74
1350 425 5.27472e-78
1375 425 1.5321e-81
1400 425 3.03957e-85
1425 425 4.18299e-89
1450 425 4.05004e-93
1475 425 2.79484e-97
1500 425 1.39104e-101
1525 425 5.04839e-106
1550 425 1.34945e-110
1575 425 2.68153e-115
1600 425 3.99523e-120
1625 425 4.49861e-125
1650 425 3.85639e-130
1675 425 2.53403e-135
1700 425 1.28447e-140
1725 425 5.05228e-146
1750 425 1.55058e-151
1775 425 3.73235e-157
1800 425 7.08016e-163
1825 425 1.06326e-168
1850 425 1.26942e-174
1875 425 1.20969e-180
1900 425 9.23555e-187
1925 425 5.66894e-193
1950 425 2.80692e-199
1975 425 1.12461e-205
2000 425 3.65675e-212
2025 425 9.67655e-219
2050 425 2.08937e-225
2075 425 3.68963e-232
2100 425 5.33302e-239
2125 425 6.26504e-246
2150 425 5.79097e-253
2175 425 3.89655e-260
2200 425 1.69601e-267
2225 425 4.19102e-275
2250 425 5.18703e-283
2275 425 2.84125e-291
2300 425 6.00343e-300
2325 425 4.1098e-309
2350 425 7.09523e-319
2375 425 0
2400 425 0
2425 425 0
2450 425 0
2475 425 0
2500 425 0
2525 425 0
2550 425 0
2575 425 0
2600 425 0
2625 425 0
2650 425 0
2675 425 0
2700 425 0
2725 425 0
2750 425 0
2775 425 0
2800 425 0
2825 425 0
2850 425 0
2875 425 0
2900 425 0
2925 425 0
2950 425 0
2975 425 0
0 450 0
25 450 1.98196e-200
50 450 4.56463e-194
75 450 8.50945e-188
100 450 1.28004e-181
125 450 1.54855e-175
150 450 1.50135e-169
175 450 1.16214e-163
200 450 7.15368e-158
225 450 3.48697e-152
250 450 1.33983e-146
275 450 4.03865e-141
300 450 9.5009e-136
325 450 1.73474e-130
350 450 2.44386e-125
375 450 2.63952e-120
400 450 2.17079e-115
425 450 1.34945e-110
450 450 6.29073e-106
475 450 2.18034e-101
500 450 5.56676e-97
525 450 1.0365e-92
550 450 1.39215e-88
575 450 1.3329e-84
600 450 8.98024e-81
625 450 4.19791e-77
650 450 1.34074e-73
675 450 2.87684e-70
700 450 4.0716e-67
725 450 3.72548e-64
750 450 2.15618e-61
775 450 7.70903e-59
800 450 1.65984e-56
825 450 2.09466e-54
850 450 1.50598e-52
875 450 5.99201e-51
900 450 1.28205e-49
925 450 1.43571e-48
950 450 8.21762e-48
975 450 2.35956e-47
1000 450 3.35833e-47
1025 450 2.35956e-47
1050 450 8.21762e-48
1075 450 1.43571e-48
1100 450 1.28205e-49
1125 450 5.99201e-51
1150 450 1.50598e-52
1175 450 2.09466e-54
1200 450 1.65984e-56
1225 450 7.70903e-59
1250 450 2.15618e-61
1275 450 3.72548e-64
1300 450 4.0716e-67
1325 450 2.87684e-70
1350 450 1.34074e-73
1375 450 4.19791e-77
1400 450 8.98024e-81
1425 450 1.3329e-84
1450 450 1.39215e-88
1475 450 1.0365e-92
1500 450 5.56676e-97
1525 450 2.18034e-101
1550 450 6.29073e-106
1575 450 1.34945e-110
1600 450 2.17079e-115
1625 450 2.63952e-120
1650 450 2.44386e-125
1675 450 1.73474e-130
1700 450 9.5009e-136
1725 450 4.03865e-141
1750 450 1.33983e-146
1775 450 3.48697e-152
1800 450 7.15368e-158
1825 450 1.16214e-163
1850 450 1.50135e-169
1875 450 1.54855e-175
1900 450 1.28004e-181
1925 450 8.50945e-188
1950 450 4.56463e-194
1975 450 1.98196e-200
2000 450 6.98637e-207
2025 450 2.00488e-213
2050 450 4.69624e-220
2075 450 9.0015e-227
2100 450 1.41491e-233
2125 450 1.82505e-240
2150 450 1.91761e-247
2175 450 1.58823e-254
