0 0 0
25 0 0
50 0 0
75 0 0
100 0 0
125 0 0
150 0 0
175 0 0
200 0 0
225 0 0
250 0 0
275 0 0
300 0 0
325 0 0
350 0 0
375 0 0
400 0 0
425 0 0
450 0 0
475 0 0
500 0 0
525 0 0
550 0 0
575 0 0
600 0 0
625 0 0
650 0 0
675 0 0
700 0 0
725 0 0
750 0 0
775 0 0
800 0 0
825 0 0
850 0 0
875 0 0
900 0 0
925 0 0
950 0 0
975 0 0
1000 0 0
1025 0 0
1050 0 0
1075 0 0
1100 0 0
1125 0 0
1150 0 0
1175 0 0
1200 0 0
1225 0 0
1250 0 0
1275 0 0
1300 0 0
1325 0 0
1350 0 0
1375 0 0
1400 0 0
1425 0 0
1450 0 0
1475 0 0
1500 0 0
1525 0 0
1550 0 0
1575 0 0
1600 0 0
1625 0 0
1650 0 0
1675 0 0
1700 0 0
1725 0 0
1750 0 0
1775 0 0
1800 0 0
1825 0 0
1850 0 0
1875 0 0
1900 0 0
1925 0 0
1950 0 0
1975 0 0
2000 0 0
2025 0 0
2050 0 0
2075 0 0
2100 0 0
2125 0 0
2150 0 0
2175 0 0
2200 0 0
2225 0 0
2250 0 0
2275 0 0
2300 0 0
2325 0 0
2350 0 0
2375 0 0
2400 0 0
2425 0 0
2450 0 0
2475 0 0
2500 0 0
2525 0 0
2550 0 0
2575 0 0
2600 0 0
2625 0 0
2650 0 0
2675 0 0
2700 0 0
2725 0 0
2750 0 0
2775 0 0
2800 0 0
2825 0 0
2850 0 0
2875 0 0
2900 0 0
2925 0 0
2950 0 0
2975 0 0
0 25 0
25 25 2.08529e-22
50 25 1.74493e-20
75 25 1.12338e-18
100 25 5.55082e-17
125 25 2.10108e-15
150 25 6.08502e-14
175 25 1.34791e-12
200 25 2.28501e-11
225 25 2.96931e-10
250 25 2.96576e-09
275 25 2.28543e-08
300 25 1.36527e-07
325 25 6.35733e-07
350 25 2.32103e-06
375 25 6.68086e-06
400 25 1.52207e-05
425 25 2.74416e-05
450 25 3.87566e-05
475 25 4.12941e-05
500 25 2.87306e-05
525 25 1.6915e-06
550 25 -3.13991e-05
575 25 -5.90606e-05
600 25 -7.30471e-05
625 25 -7.15908e-05
650 25 -5.84366e-05
675 25 -3.96494e-05
700 25 -2.06798e-05
725 25 -4.91466e-06
750 25 6.38821e-06
775 25 1.34459e-05
800 25 1.71839e-05
825 25 1.86722e-05
850 25 1.88263e-05
875 25 1.83113e-05
900 25 1.75574e-05
925 25 1.68174e-05
950 25 1.62277e-05
975 25 1.5855e-05
1000 25 1.57282e-05
1025 25 1.5855e-05
1050 25 1.62277e-05
1075 25 1.68174e-05
1100 25 1.75574e-05
1125 25 1.83113e-05
1150 25 1.88263e-05
1175 25 1.86722e-05
1200 25 1.71839e-05
1225 25 1.34459e-05
1250 25 6.38821e-06
1275 25 -4.91466e-06
1300 25 -2.06798e-05
1325 25 -3.96494e-05
1350 25 -5.84366e-05
1375 25 -7.15908e-05
1400 25 -7.30471e-05
1425 25 -5.90606e-05
1450 25 -3.13991e-05
1475 25 1.6915e-06
1500 25 2.87306e-05
1525 25 4.12941e-05
1550 25 3.87566e-05
1575 25 2.74416e-05
1600 25 1.52207e-05
1625 25 6.68086e-06
1650 25 2.32103e-06
1675 25 6.35733e-07
1700 25 1.36527e-07
1725 25 2.28543e-08
1750 25 2.96576e-09
1775 25 2.96931e-10
1800 25 2.28501e-11
1825 25 1.34791e-12
1850 25 6.08502e-14
1875 25 2.10108e-15
1900 25 5.55082e-17
1925 25 1.12338e-18
1950 25 1.74493e-20
1975 25 2.08543e-22
2000 25 1.92339e-24
2025 25 1.37353e-26
2050 25 7.62205e-29
2075 25 3.2992e-31
2100 25 1.11826e-33
2125 25 2.97988e-36
2150 25 6.26758e-39
2175 25 1.04464e-41
2200 25 1.38517e-44
2225 25 1.46679e-47
2250 25 1.24509e-50
2275 25 8.50324e-54
2300 25 4.68881e-57
2325 25 2.09473e-60
2350 25 7.60718e-64
2375 25 2.25291e-67
2400 25 5.45792e-71
2425 25 1.08485e-74
2450 25 1.77422e-78
2475 25 2.3941e-82
2500 25 2.67249e-86
2525 25 2.47418e-90
2550 25 1.90435e-94
2575 25 1.22144e-98
2600 25 6.54314e-103
2625 25 2.93371e-107
2650 25 1.10322e-111
2675 25 3.48643e-116
2700 25 9.27671e-121
2725 25 2.08205e-125
2750 25 3.94846e-130
2775 25 6.33767e-135
2800 25 8.62368e-140
2825 25 9.96281e-145
2850 25 9.78672e-150
2875 25 8.18596e-155
2900 25 5.83803e-160
2925 25 3.55458e-165
2950 25 1.85002e-170
2975 25 8.24031e-176
0 50 0
25 50 1.74493e-20
50 50 1.2286e-18
75 50 6.61078e-17
100 50 2.71065e-15
125 50 8.4502e-14
150 50 1.99958e-12
175 50 3.58896e-11
200 50 4.88717e-10
225 50 5.05548e-09
250 50 3.98217e-08
275 50 2.39672e-07
300 50 1.10697e-06
325 50 3.9429e-06
350 50 1.08846e-05
375 50 2.33804e-05
400 50 3.91185e-05
425 50 5.06418e-05
450 50 4.93192e-05
475 50 3.24014e-05
500 50 5.69678e-06
525 50 -2.12432e-05
550 50 -4.19615e-05
575 50 -5.53975e-05
600 50 -6.33788e-05
625 50 -6.74263e-05
650 50 -6.7714e-05
675 50 -6.38711e-05
700 50 -5.60362e-05
725 50 -4.52109e-05
750 50 -3.29409e-05
775 50 -2.07753e-05
800 50 -9.86767e-06
825 50 -8.37463e-07
850 50 6.16508e-06
875 50 1.13019e-05
900 50 1.48862e-05
925 50 1.72624e-05
950 50 1.87331e-05
975 50 1.95242e-05
1000 50 1.97727e-05
1025 50 1.95242e-05
1050 50 1.87331e-05
1075 50 1.72624e-05
1100 50 1.48862e-05
1125 50 1.13019e-05
1150 50 6.16508e-06
1175 50 -8.37463e-07
1200 50 -9.86767e-06
1225 50 -2.07753e-05
1250 50 -3.29409e-05
1275 50 -4.52109e-05
1300 50 -5.60362e-05
1325 50 -6.38711e-05
1350 50 -6.7714e-05
1375 50 -6.74263e-05
1400 50 -6.33788e-05
1425 50 -5.53975e-05
1450 50 -4.19615e-05
1475 50 -2.12432e-05
1500 50 5.69678e-06
1525 50 3.24014e-05
1550 50 4.93192e-05
1575 50 5.06418e-05
1600 50 3.91185e-05
1625 50 2.33804e-05
1650 50 1.08846e-05
1675 50 3.9429e-06
1700 50 1.10697e-06
1725 50 2.39672e-07
1750 50 3.98217e-08
1775 50 5.05548e-09
1800 50 4.88717e-10
1825 50 3.58896e-11
1850 50 1.99958e-12
1875 50 8.4502e-14
1900 50 2.71065e-15
1925 50 6.61078e-17
1950 50 1.2286e-18
1975 50 1.74509e-20
2000 50 1.90081e-22
2025 50 1.59368e-24
2050 50 1.03262e-26
2075 50 5.19231e-29
2100 50 2.03478e-31
2125 50 6.24136e-34
2150 50 1.50492e-36
2175 50 2.86461e-39
2200 50 4.32275e-42
2225 50 5.19246e-45
2250 50 4.98472e-48
2275 50 3.83925e-51
2300 50 2.38132e-54
2325 50 1.1938e-57
2350 50 4.8541e-61
2375 50 1.60623e-64
2400 50 4.33944e-68
2425 50 9.60156e-72
2450 50 1.74513e-75
2475 50 2.61297e-79
2500 50 3.23191e-83
2525 50 3.31091e-87
2550 50 2.8164e-91
2575 50 1.99413e-95
2600 50 1.17797e-99
2625 50 5.81834e-104
2650 50 2.40812e-108
2675 50 8.36869e-113
2700 50 2.44673e-117
2725 50 6.02946e-122
2750 50 1.25463e-126
2775 50 2.20822e-131
2800 50 3.2929e-136
2825 50 4.16686e-141
2850 50 4.48116e-146
2875 50 4.1016e-151
2900 50 3.19964e-156
2925 50 2.13015e-161
2950 50 1.21182e-166
2975 50 5.89805e-172
0 75 0
25 75 1.12338e-18
50 75 6.61078e-17
75 75 2.95031e-15
100 75 9.95235e-14
125 75 2.53031e-12
150 75 4.83809e-11
175 75 6.94783e-10
200 75 7.49086e-09
225 75 6.06718e-08
250 75 3.69737e-07
275 75 1.69931e-06
300 75 5.90624e-06
325 75 1.55606e-05
350 75 3.1087e-05
375 75 4.68572e-05
400 75 5.22593e-05
425 75 4.03861e-05
450 75 1.57275e-05
475 75 -9.18424e-06
500 75 -2.45105e-05
525 75 -2.91724e-05
550 75 -2.81692e-05
575 75 -2.69512e-05
600 75 -2.84261e-05
625 75 -3.29899e-05
650 75 -3.96009e-05
675 75 -4.66777e-05
700 75 -5.26701e-05
725 75 -5.64332e-05
750 75 -5.74298e-05
775 75 -5.57393e-05
800 75 -5.1903e-05
825 75 -4.6696e-05
850 75 -4.09153e-05
875 75 -3.52386e-05
900 75 -3.01646e-05
925 75 -2.60152e-05
950 75 -2.29722e-05
975 75 -2.11236e-05
1000 75 -2.05045e-05
1025 75 -2.11236e-05
1050 75 -2.29722e-05
1075 75 -2.60152e-05
1100 75 -3.01646e-05
1125 75 -3.52386e-05
1150 75 -4.09153e-05
1175 75 -4.6696e-05
1200 75 -5.1903e-05
1225 75 -5.57393e-05
1250 75 -5.74298e-05
1275 75 -5.64332e-05
1300 75 -5.26701e-05
1325 75 -4.66777e-05
1350 75 -3.96009e-05
1375 75 -3.29899e-05
1400 75 -2.84261e-05
1425 75 -2.69512e-05
1450 75 -2.81692e-05
1475 75 -2.91724e-05
1500 75 -2.45105e-05
1525 75 -9.18424e-06
1550 75 1.57275e-05
1575 75 4.03861e-05
1600 75 5.22593e-05
1625 75 4.68572e-05
1650 75 3.1087e-05
1675 75 1.55606e-05
1700 75 5.90624e-06
1725 75 1.69931e-06
1750 75 3.69737e-07
1775 75 6.06718e-08
1800 75 7.49086e-09
1825 75 6.94783e-10
1850 75 4.83809e-11
1875 75 2.53031e-12
1900 75 9.95235e-14
1925 75 2.95031e-15
1950 75 6.61078e-17
1975 75 1.12352e-18
2000 75 1.45397e-20
2025 75 1.43885e-22
2050 75 1.09372e-24
2075 75 6.41555e-27
2100 75 2.91766e-29
2125 75 1.03359e-31
2150 75 2.86553e-34
2175 75 6.24597e-37
2200 75 1.07519e-39
2225 75 1.46816e-42
2250 75 1.59701e-45
2275 75 1.38956e-48
2300 75 9.70988e-52
2325 75 5.46989e-55
2350 75 2.4933e-58
2375 75 9.2286e-62
2400 75 2.78318e-65
2425 75 6.86129e-69
2450 75 1.38703e-72
2475 75 2.30611e-76
2500 75 3.16254e-80
2525 75 3.58709e-84
2550 75 3.37398e-88
2575 75 2.63833e-92
2600 75 1.71928e-96
2625 75 9.35831e-101
2650 75 4.26422e-105
2675 75 1.63001e-109
2700 75 5.23755e-114
2725 75 1.4174e-118
2750 75 3.23663e-123
2775 75 6.24736e-128
2800 75 1.02104e-132
2825 75 1.41526e-137
2850 75 1.66632e-142
2875 75 1.66899e-147
2900 75 1.42411e-152
2925 75 1.03663e-157
2950 75 6.4456e-163
2975 75 3.42772e-168
0 100 0
25 100 5.55082e-17
50 100 2.71065e-15
75 100 9.95235e-14
100 100 2.73645e-12
125 100 5.61424e-11
150 100 8.56951e-10
175 100 9.71049e-09
200 100 8.15766e-08
225 100 5.07804e-07
250 100 2.34238e-06
275 100 8.00762e-06
300 100 2.02691e-05
325 100 3.78194e-05
350 100 5.12835e-05
375 100 4.83961e-05
400 100 2.68932e-05
425 100 -1.18442e-06
450 100 -2.09537e-05
475 100 -2.7183e-05
500 100 -2.43196e-05
525 100 -1.88683e-05
550 100 -1.45008e-05
575 100 -1.21314e-05
600 100 -1.16248e-05
625 100 -1.27953e-05
650 100 -1.5561e-05
675 100 -1.979e-05
700 100 -2.5172e-05
725 100 -3.12052e-05
750 100 -3.72841e-05
775 100 -4.28327e-05
800 100 -4.74221e-05
825 100 -5.08353e-05
850 100 -5.30677e-05
875 100 -5.42807e-05
900 100 -5.47332e-05
925 100 -5.47141e-05
950 100 -5.44894e-05
975 100 -5.42673e-05
1000 100 -5.41784e-05
1025 100 -5.42673e-05
1050 100 -5.44894e-05
1075 100 -5.47141e-05
1100 100 -5.47332e-05
1125 100 -5.42807e-05
1150 100 -5.30677e-05
1175 100 -5.08353e-05
1200 100 -4.74221e-05
1225 100 -4.28327e-05
1250 100 -3.72841e-05
1275 100 -3.12052e-05
1300 100 -2.5172e-05
1325 100 -1.979e-05
1350 100 -1.5561e-05
1375 100 -1.27953e-05
1400 100 -1.16248e-05
1425 100 -1.21314e-05
1450 100 -1.45008e-05
1475 100 -1.88683e-05
1500 100 -2.43196e-05
1525 100 -2.7183e-05
1550 100 -2.09537e-05
1575 100 -1.18442e-06
1600 100 2.68932e-05
1625 100 4.83961e-05
1650 100 5.12835e-05
1675 100 3.78194e-05
1700 100 2.02691e-05
1725 100 8.00762e-06
1750 100 2.34238e-06
1775 100 5.07804e-07
1800 100 8.15766e-08
1825 100 9.71049e-09
1850 100 8.56951e-10
1875 100 5.61424e-11
1900 100 2.73645e-12
1925 100 9.95235e-14
1950 100 2.71065e-15
1975 100 5.55183e-17
2000 100 8.59007e-19
2025 100 1.00894e-20
2050 100 9.04149e-23
2075 100 6.21379e-25
2100 100 3.29206e-27
2125 100 1.35149e-29
2150 100 4.32121e-32
2175 100 1.08145e-34
2200 100 2.12876e-37
2225 100 3.3114e-40
2250 100 4.0892e-43
2275 100 4.02637e-46
2300 100 3.17449e-49
2325 100 2.01223e-52
2350 100 1.02948e-55
2375 100 4.26694e-59
2400 100 1.43787e-62
2425 100 3.95291e-66
2450 100 8.89458e-70
2475 100 1.64325e-73
2500 100 2.50007e-77
2525 100 3.14132e-81
2550 100 3.26866e-85
2575 100 2.82398e-89
2600 100 2.03083e-93
2625 100 1.21854e-97
2650 100 6.11449e-102
2675 100 2.57146e-106
2700 100 9.0825e-111
2725 100 2.69965e-115
2750 100 6.7658e-120
2775 100 1.4323e-124
2800 100 2.56573e-129
2825 100 3.89567e-134
2850 100 5.02162e-139
2875 100 5.50379e-144
2900 100 5.13661e-149
2925 100 4.08789e-154
2950 100 2.77789e-159
2975 100 1.61393e-164
0 125 0
25 125 2.10108e-15
50 125 8.4502e-14
75 125 2.53031e-12
100 125 5.61424e-11
125 125 9.18818e-10
150 125 1.10471e-08
175 125 9.72466e-08
200 125 6.25011e-07
225 125 2.92555e-06
250 125 9.94521e-06
275 125 2.44384e-05
300 125 4.29659e-05
325 125 5.26458e-05
350 125 4.14332e-05
375 125 1.34747e-05
400 125 -1.33721e-05
425 125 -2.60566e-05
450 125 -2.56149e-05
475 125 -1.98963e-05
500 125 -1.44798e-05
525 125 -1.08708e-05
550 125 -8.68646e-06
575 125 -7.35937e-06
600 125 -6.59058e-06
625 125 -6.29891e-06
650 125 -6.52108e-06
675 125 -7.34257e-06
700 125 -8.84245e-06
725 125 -1.10465e-05
750 125 -1.38969e-05
775 125 -1.72482e-05
800 125 -2.08883e-05
825 125 -2.4577e-05
850 125 -2.80862e-05
875 125 -3.12303e-05
900 125 -3.38811e-05
925 125 -3.59658e-05
950 125 -3.74549e-05
975 125 -3.83445e-05
1000 125 -3.864e-05
1025 125 -3.83445e-05
1050 125 -3.74549e-05
1075 125 -3.59658e-05
1100 125 -3.38811e-05
1125 125 -3.12303e-05
1150 125 -2.80862e-05
1175 125 -2.4577e-05
1200 125 -2.08883e-05
1225 125 -1.72482e-05
1250 125 -1.38969e-05
1275 125 -1.10465e-05
1300 125 -8.84245e-06
1325 125 -7.34257e-06
1350 125 -6.52108e-06
1375 125 -6.29891e-06
1400 125 -6.59058e-06
1425 125 -7.35937e-06
1450 125 -8.68646e-06
1475 125 -1.08708e-05
1500 125 -1.44798e-05
1525 125 -1.98963e-05
1550 125 -2.56149e-05
1575 125 -2.60566e-05
1600 125 -1.33721e-05
1625 125 1.34747e-05
1650 125 4.14332e-05
1675 125 5.26458e-05
1700 125 4.29659e-05
1725 125 2.44384e-05
1750 125 9.94521e-06
1775 125 2.92555e-06
1800 125 6.25011e-07
1825 125 9.72466e-08
1850 125 1.10471e-08
1875 125 9.18818e-10
1900 125 5.61424e-11
1925 125 2.53031e-12
1950 125 8.4502e-14
1975 125 2.10163e-15
2000 125 3.91362e-17
2025 125 5.48746e-19
2050 125 5.82679e-21
2075 125 4.71267e-23
2100 125 2.92004e-25
2125 125 1.39401e-27
2150 125 5.15601e-30
2175 125 1.48557e-32
2200 125 3.35181e-35
2225 125 5.95223e-38
2250 125 8.36012e-41
2275 125 9.33071e-44
2300 125 8.31264e-47
2325 125 5.93681e-50
2350 125 3.41308e-53
2375 125 1.58573e-56
2400 125 5.97627e-60
2425 125 1.83363e-63
2450 125 4.59578e-67
2475 125 9.44054e-71
2500 125 1.59433e-74
2525 125 2.22025e-78
2550 125 2.55682e-82
2575 125 2.4415e-86
2600 125 1.93819e-90
2625 125 1.28232e-94
2650 125 7.08743e-99
2675 125 3.27983e-103
2700 125 1.27358e-107
2725 125 4.15827e-112
2750 125 1.14384e-116
2775 125 2.65589e-121
2800 125 5.21468e-126
2825 125 8.67302e-131
2850 125 1.22393e-135
2875 125 1.46782e-140
2900 125 1.49823e-145
2925 125 1.30347e-150
2950 125 9.67927e-156
2975 125 6.14298e-161
0 150 0
25 150 6.08502e-14
50 150 1.99958e-12
75 150 4.83809e-11
100 150 8.56951e-10
125 150 1.10471e-08
150 150 1.03079e-07
175 150 6.92576e-07
200 150 3.33346e-06
225 150 1.1425e-05
250 150 2.76405e-05
275 150 4.64193e-05
300 150 5.19507e-05
325 150 3.37325e-05
350 150 2.48654e-06
375 150 -2.06673e-05
400 150 -2.69113e-05
425 150 -2.25582e-05
450 150 -1.62746e-05
475 150 -1.17347e-05
500 150 -8.99975e-06
525 150 -7.32774e-06
550 150 -6.21748e-06
575 150 -5.42828e-06
600 150 -4.84898e-06
625 150 -4.42921e-06
650 150 -4.15387e-06
675 150 -4.03261e-06
700 150 -4.0919e-06
725 150 -4.36505e-06
750 150 -4.87982e-06
775 150 -5.64592e-06
800 150 -6.64578e-06
825 150 -7.83161e-06
850 150 -9.12915e-06
875 150 -1.04468e-05
900 150 -1.16873e-05
925 150 -1.27586e-05
950 150 -1.35826e-05
975 150 -1.4101e-05
1000 150 -1.42778e-05
1025 150 -1.4101e-05
1050 150 -1.35826e-05
1075 150 -1.27586e-05
1100 150 -1.16873e-05
1125 150 -1.04468e-05
1150 150 -9.12915e-06
1175 150 -7.83161e-06
1200 150 -6.64578e-06
1225 150 -5.64592e-06
1250 150 -4.87982e-06
1275 150 -4.36505e-06
1300 150 -4.0919e-06
1325 150 -4.03261e-06
1350 150 -4.15387e-06
1375 150 -4.42921e-06
1400 150 -4.84898e-06
1425 150 -5.42828e-06
1450 150 -6.21748e-06
1475 150 -7.32774e-06
1500 150 -8.99975e-06
1525 150 -1.17347e-05
1550 150 -1.62746e-05
1575 150 -2.25582e-05
1600 150 -2.69113e-05
1625 150 -2.06673e-05
1650 150 2.48654e-06
1675 150 3.37325e-05
1700 150 5.19507e-05
1725 150 4.64193e-05
1750 150 2.76405e-05
1775 150 1.1425e-05
1800 150 3.33346e-06
1825 150 6.92576e-07
1850 150 1.03079e-07
1875 150 1.10471e-08
1900 150 8.56951e-10
1925 150 4.83809e-11
1950 150 1.99958e-12
1975 150 6.08734e-14
2000 150 1.37377e-15
2025 150 2.3133e-17
2050 150 2.92574e-19
2075 150 2.79747e-21
2100 150 2.03524e-23
2125 150 1.13377e-25
2150 150 4.86573e-28
2175 150 1.6183e-30
2200 150 4.19497e-33
2225 150 8.52195e-36
2250 150 1.36385e-38
2275 150 1.72818e-41
2300 150 1.74217e-44
2325 150 1.40364e-47
2350 150 9.07774e-51
2375 150 4.73219e-54
2400 150 1.99631e-57
2425 150 6.84096e-61
2450 150 1.91112e-64
2475 150 4.36747e-68
2500 150 8.19144e-72
2525 150 1.26482e-75
2550 150 1.61259e-79
2575 150 1.70246e-83
2600 150 1.4923e-87
2625 150 1.08887e-91
2650 150 6.62996e-96
2675 150 3.37655e-100
2700 150 1.44157e-104
2725 150 5.17043e-109
2750 150 1.56111e-113
2775 150 3.97562e-118
2800 150 8.55556e-123
2825 150 1.55862e-127
2850 150 2.40778e-132
2875 150 3.15929e-137
2900 150 3.52641e-142
2925 150 3.35348e-147
2950 150 2.7208e-152
2975 150 1.88593e-157
0 175 0
25 175 1.34791e-12
50 175 3.58896e-11
75 175 6.94783e-10
100 175 9.71049e-09
125 175 9.72466e-08
150 175 6.92576e-07
175 175 3.48001e-06
200 175 1.22238e-05
225 175 2.96302e-05
250 175 4.8422e-05
275 175 5.04241e-05
300 175 2.70194e-05
325 175 -5.38428e-06
350 175 -2.43857e-05
375 175 -2.58786e-05
400 175 -1.96558e-05
425 175 -1.37151e-05
450 175 -9.99115e-06
475 175 -7.82044e-06
500 175 -6.45841e-06
525 175 -5.52279e-06
550 175 -4.8389e-06
575 175 -4.31869e-06
600 175 -3.91222e-06
625 175 -3.58924e-06
650 175 -3.33139e-06
675 175 -3.12857e-06
700 175 -2.97706e-06
725 175 -2.87804e-06
750 175 -2.83575e-06
775 175 -2.85498e-06
800 175 -2.93809e-06
825 175 -3.08221e-06
850 175 -3.27742e-06
875 175 -3.50641e-06
900 175 -3.74596e-06
925 175 -3.96972e-06
950 175 -4.15186e-06
975 175 -4.27076e-06
1000 175 -4.31206e-06
1025 175 -4.27076e-06
1050 175 -4.15186e-06
1075 175 -3.96972e-06
1100 175 -3.74596e-06
1125 175 -3.50641e-06
1150 175 -3.27742e-06
1175 175 -3.08221e-06
1200 175 -2.93809e-06
1225 175 -2.85498e-06
1250 175 -2.83575e-06
1275 175 -2.87804e-06
1300 175 -2.97706e-06
1325 175 -3.12857e-06
1350 175 -3.33139e-06
1375 175 -3.58924e-06
1400 175 -3.91222e-06
1425 175 -4.31869e-06
1450 175 -4.8389e-06
1475 175 -5.52279e-06
1500 175 -6.45841e-06
1525 175 -7.82044e-06
1550 175 -9.99115e-06
1575 175 -1.37151e-05
1600 175 -1.96558e-05
1625 175 -2.58786e-05
1650 175 -2.43857e-05
1675 175 -5.38428e-06
1700 175 2.70194e-05
1725 175 5.04241e-05
1750 175 4.8422e-05
1775 175 2.96302e-05
1800 175 1.22238e-05
1825 175 3.48001e-06
1850 175 6.92576e-07
1875 175 9.72466e-08
1900 175 9.71049e-09
1925 175 6.94783e-10
1950 175 3.58897e-11
1975 175 1.34866e-12
2000 175 3.71511e-14
2025 175 7.55945e-16
2050 175 1.14483e-17
2075 175 1.30002e-19
2100 175 1.11493e-21
2125 175 7.27241e-24
2150 175 3.63221e-26
2175 175 1.3981e-28
2200 175 4.17327e-31
2225 175 9.71748e-34
2250 175 1.7751e-36
2275 175 2.55754e-39
2300 175 2.92127e-42
2325 175 2.65819e-45
2350 175 1.93584e-48
2375 175 1.13328e-51
2400 175 5.35547e-55
2425 175 2.05106e-58
2450 175 6.39022e-62
2475 175 1.62544e-65
2500 175 3.38708e-69
2525 175 5.80081e-73
2550 175 8.19039e-77
2575 175 9.56205e-81
2600 175 9.25648e-85
2625 175 7.44987e-89
2650 175 4.99764e-93
2675 175 2.80124e-97
2700 175 1.31496e-101
2725 175 5.1809e-106
2750 175 1.71692e-110
2775 175 4.79536e-115
2800 175 1.13098e-119
2825 175 2.25655e-124
2850 175 3.81555e-129
2875 175 5.47671e-134
2900 175 6.68389e-139
2925 175 6.94628e-144
2950 175 6.15637e-149
2975 175 4.65968e-154
0 200 0
25 200 2.28501e-11
50 200 4.88717e-10
75 200 7.49086e-09
100 200 8.15766e-08
125 200 6.25011e-07
150 200 3.33346e-06
175 200 1.22238e-05
200 200 3.03022e-05
225 200 4.93116e-05
250 200 4.90865e-05
275 200 2.2242e-05
300 200 -1.0405e-05
325 200 -2.59845e-05
350 200 -2.43799e-05
375 200 -1.74175e-05
400 200 -1.20064e-05
425 200 -8.86312e-06
450 200 -7.03247e-06
475 200 -5.85355e-06
500 200 -5.02692e-06
525 200 -4.41509e-06
550 200 -3.94558e-06
575 200 -3.57573e-06
600 200 -3.27852e-06
625 200 -3.03601e-06
650 200 -2.83587e-06
675 200 -2.66951e-06
700 200 -2.53091e-06
725 200 -2.41603e-06
750 200 -2.32228e-06
775 200 -2.2481e-06
800 200 -2.19246e-06
825 200 -2.15432e-06
850 200 -2.13215e-06
875 200 -2.12353e-06
900 200 -2.12507e-06
925 200 -2.13269e-06
950 200 -2.14209e-06
975 200 -2.14948e-06
1000 200 -2.15225e-06
1025 200 -2.14948e-06
1050 200 -2.14209e-06
1075 200 -2.13269e-06
1100 200 -2.12507e-06
1125 200 -2.12353e-06
1150 200 -2.13215e-06
1175 200 -2.15432e-06
1200 200 -2.19246e-06
1225 200 -2.2481e-06
1250 200 -2.32228e-06
1275 200 -2.41603e-06
1300 200 -2.53091e-06
1325 200 -2.66951e-06
1350 200 -2.83587e-06
1375 200 -3.03601e-06
1400 200 -3.27852e-06
1425 200 -3.57573e-06
1450 200 -3.94558e-06
1475 200 -4.41509e-06
1500 200 -5.02692e-06
1525 200 -5.85355e-06
1550 200 -7.03247e-06
1575 200 -8.86312e-06
1600 200 -1.20064e-05
1625 200 -1.74175e-05
1650 200 -2.43799e-05
1675 200 -2.59845e-05
1700 200 -1.0405e-05
1725 200 2.2242e-05
1750 200 4.90865e-05
1775 200 4.93116e-05
1800 200 3.03022e-05
1825 200 1.22238e-05
1850 200 3.33346e-06
1875 200 6.25011e-07
1900 200 8.15766e-08
1925 200 7.49086e-09
1950 200 4.88717e-10
1975 200 2.28693e-11
2000 200 7.74681e-13
2025 200 1.91678e-14
2050 200 3.49457e-16
2075 200 4.73433e-18
2100 200 4.80508e-20
2125 200 3.68222e-22
2150 200 2.14647e-24
2175 200 9.58584e-27
2200 200 3.30189e-29
2225 200 8.82898e-32
2250 200 1.84382e-34
2275 200 3.02476e-37
2300 200 3.91927e-40
2325 200 4.03192e-43
2350 200 3.30935e-46
2375 200 2.1773e-49
2400 200 1.15332e-52
2425 200 4.93922e-56
2450 200 1.71696e-59
2475 200 4.86287e-63
2500 200 1.12617e-66
2525 200 2.13978e-70
2550 200 3.34647e-74
2575 200 4.32104e-78
2600 200 4.61997e-82
2625 200 4.10151e-86
2650 200 3.03145e-90
2675 200 1.87004e-94
2700 200 9.65128e-99
2725 200 4.17684e-103
2750 200 1.51909e-107
2775 200 4.65263e-112
2800 200 1.20241e-116
2825 200 2.62705e-121
2850 200 4.86108e-126
2875 200 7.63124e-131
2900 200 1.01806e-135
2925 200 1.15598e-140
2950 200 1.11889e-145
2975 200 9.2449e-151
0 225 0
25 225 2.96931e-10
50 225 5.05548e-09
75 225 6.06718e-08
100 225 5.07804e-07
125 225 2.92555e-06
150 225 1.1425e-05
175 225 2.96302e-05
200 225 4.93116e-05
225 225 4.85707e-05
250 225 1.97951e-05
275 225 -1.31239e-05
300 225 -2.65364e-05
325 225 -2.30871e-05
350 225 -1.58717e-05
375 225 -1.08957e-05
400 225 -8.12098e-06
425 225 -6.49163e-06
450 225 -5.42329e-06
475 225 -4.66548e-06
500 225 -4.10073e-06
525 225 -3.66531e-06
550 225 -3.32101e-06
575 225 -3.04341e-06
600 225 -2.81612e-06
625 225 -2.62775e-06
650 225 -2.47014e-06
675 225 -2.33733e-06
700 225 -2.22484e-06
725 225 -2.12932e-06
750 225 -2.0482e-06
775 225 -1.97951e-06
800 225 -1.92175e-06
825 225 -1.87373e-06
850 225 -1.83447e-06
875 225 -1.80312e-06
900 225 -1.77889e-06
925 225 -1.76102e-06
950 225 -1.74884e-06
975 225 -1.74178e-06
1000 225 -1.73947e-06
1025 225 -1.74178e-06
1050 225 -1.74884e-06
1075 225 -1.76102e-06
1100 225 -1.77889e-06
1125 225 -1.80312e-06
1150 225 -1.83447e-06
1175 225 -1.87373e-06
1200 225 -1.92175e-06
1225 225 -1.97951e-06
1250 225 -2.0482e-06
1275 225 -2.12932e-06
1300 225 -2.22484e-06
1325 225 -2.33733e-06
1350 225 -2.47014e-06
1375 225 -2.62775e-06
1400 225 -2.81612e-06
1425 225 -3.04341e-06
1450 225 -3.32101e-06
1475 225 -3.66531e-06
1500 225 -4.10073e-06
1525 225 -4.66548e-06
1550 225 -5.42329e-06
1575 225 -6.49163e-06
1600 225 -8.12098e-06
1625 225 -1.08957e-05
1650 225 -1.58717e-05
1675 225 -2.30871e-05
1700 225 -2.65364e-05
1725 225 -1.31239e-05
1750 225 1.97951e-05
1775 225 4.85707e-05
1800 225 4.93116e-05
1825 225 2.96302e-05
1850 225 1.1425e-05
1875 225 2.92555e-06
1900 225 5.07804e-07
1925 225 6.06718e-08
1950 225 5.05549e-09
1975 225 2.97309e-10
2000 225 1.24792e-11
2025 225 3.77858e-13
2050 225 8.33754e-15
2075 225 1.35368e-16
2100 225 1.63212e-18
2125 225 1.47413e-20
2150 225 1.00568e-22
2175 225 5.22291e-25
2200 225 2.08018e-27
2225 225 6.39808e-30
2250 225 1.52973e-32
2275 225 2.86082e-35
2300 225 4.20938e-38
2325 225 4.9e-41
2350 225 4.53617e-44
2375 225 3.35611e-47
2400 225 1.9937e-50
2425 225 9.55147e-54
2450 225 3.70577e-57
2475 225 1.16895e-60
2500 225 3.00916e-64
2525 225 6.34405e-68
2550 225 1.09905e-71
2575 225 1.56959e-75
2600 225 1.85348e-79
2625 225 1.81499e-83
2650 225 1.47786e-87
2675 225 1.00323e-91
2700 225 5.69177e-96
2725 225 2.70524e-100
2750 225 1.07957e-104
2775 225 3.62509e-109
2800 225 1.02635e-113
2825 225 2.45487e-118
2850 225 4.96969e-123
2875 225 8.53042e-128
2900 225 1.24363e-132
2925 225 1.54238e-137
2950 225 1.62986e-142
2975 225 1.46963e-147
0 250 0
25 250 2.96576e-09
50 250 3.98217e-08
75 250 3.69737e-07
100 250 2.34238e-06
125 250 9.94521e-06
150 250 2.76405e-05
175 250 4.8422e-05
200 250 4.90865e-05
225 250 1.97951e-05
250 250 -1.39773e-05
275 250 -2.66726e-05
300 250 -2.22599e-05
325 250 -1.49197e-05
350 250 -1.02044e-05
375 250 -7.63806e-06
400 250 -6.12176e-06
425 250 -5.11802e-06
450 250 -4.40225e-06
475 250 -3.86722e-06
500 250 -3.45385e-06
525 250 -3.12643e-06
550 250 -2.86201e-06
575 250 -2.64515e-06
600 250 -2.46509e-06
625 250 -2.3141e-06
650 250 -2.18652e-06
675 250 -2.07807e-06
700 250 -1.98553e-06
725 250 -1.90638e-06
750 250 -1.83866e-06
775 250 -1.78082e-06
800 250 -1.73165e-06
825 250 -1.69016e-06
850 250 -1.65557e-06
875 250 -1.62726e-06
900 250 -1.60474e-06
925 250 -1.58761e-06
950 250 -1.57559e-06
975 250 -1.56846e-06
1000 250 -1.5661e-06
1025 250 -1.56846e-06
1050 250 -1.57559e-06
1075 250 -1.58761e-06
1100 250 -1.60474e-06
1125 250 -1.62726e-06
1150 250 -1.65557e-06
1175 250 -1.69016e-06
1200 250 -1.73165e-06
1225 250 -1.78082e-06
1250 250 -1.83866e-06
1275 250 -1.90638e-06
1300 250 -1.98553e-06
1325 250 -2.07807e-06
1350 250 -2.18652e-06
1375 250 -2.3141e-06
1400 250 -2.46509e-06
1425 250 -2.64515e-06
1450 250 -2.86201e-06
1475 250 -3.12643e-06
1500 250 -3.45385e-06
1525 250 -3.86722e-06
1550 250 -4.40225e-06
1575 250 -5.11802e-06
1600 250 -6.12176e-06
1625 250 -7.63806e-06
1650 250 -1.02044e-05
1675 250 -1.49197e-05
1700 250 -2.22599e-05
1725 250 -2.66726e-05
1750 250 -1.39773e-05
1775 250 1.97951e-05
1800 250 4.90865e-05
1825 250 4.8422e-05
1850 250 2.76405e-05
1875 250 9.94521e-06
1900 250 2.34238e-06
1925 250 3.69737e-07
1950 250 3.98218e-08
1975 250 2.97156e-09
2000 250 1.55763e-10
2025 250 5.80863e-12
2050 250 1.55941e-13
2075 250 3.04752e-15
2100 250 4.38083e-17
2125 250 4.67773e-19
2150 250 3.74425e-21
2175 250 2.26612e-23
2200 250 1.04542e-25
2225 250 3.7041e-28
2250 250 1.01517e-30
2275 250 2.1665e-33
2300 250 3.62293e-36
2325 250 4.77534e-39
2350 250 4.98881e-42
2375 250 4.15245e-45
2400 250 2.76733e-48
2425 250 1.48348e-51
2450 250 6.42493e-55
2475 250 2.25744e-58
2500 250 6.45985e-62
2525 250 1.51111e-65
2550 250 2.89973e-69
2575 250 4.57986e-73
2600 250 5.97237e-77
2625 250 6.44973e-81
2650 250 5.78454e-85
2675 250 4.32019e-89
2700 250 2.69376e-93
2725 250 1.40571e-97
2750 250 6.15358e-102
2775 250 2.26472e-106
2800 250 7.02221e-111
2825 250 1.83815e-115
2850 250 4.06975e-120
2875 250 7.6354e-125
2900 250 1.21599e-129
2925 250 1.64662e-134
2950 250 1.89892e-139
2975 250 1.86781e-144
0 275 0
25 275 2.28543e-08
50 275 2.39672e-07
75 275 1.69931e-06
100 275 8.00762e-06
125 275 2.44384e-05
150 275 4.64193e-05
175 275 5.04241e-05
200 275 2.2242e-05
225 275 -1.31239e-05
250 275 -2.66726e-05
275 275 -2.19789e-05
300 275 -1.44686e-05
325 275 -9.82577e-06
350 275 -7.34549e-06
375 275 -5.88044e-06
400 275 -4.90846e-06
425 275 -4.21487e-06
450 275 -3.69644e-06
475 275 -3.29593e-06
500 275 -2.97869e-06
525 275 -2.72243e-06
550 275 -2.51217e-06
575 275 -2.33745e-06
600 275 -2.19078e-06
625 275 -2.06664e-06
650 275 -1.96091e-06
675 275 -1.87042e-06
700 275 -1.79275e-06
725 275 -1.72597e-06
750 275 -1.66858e-06
775 275 -1.61938e-06
800 275 -1.57738e-06
825 275 -1.54183e-06
850 275 -1.5121e-06
875 275 -1.48769e-06
900 275 -1.4682e-06
925 275 -1.45335e-06
950 275 -1.44289e-06
975 275 -1.43667e-06
1000 275 -1.43461e-06
1025 275 -1.43667e-06
1050 275 -1.44289e-06
1075 275 -1.45335e-06
1100 275 -1.4682e-06
1125 275 -1.48769e-06
1150 275 -1.5121e-06
1175 275 -1.54183e-06
1200 275 -1.57738e-06
1225 275 -1.61938e-06
1250 275 -1.66858e-06
1275 275 -1.72597e-06
1300 275 -1.79275e-06
1325 275 -1.87042e-06
1350 275 -1.96091e-06
1375 275 -2.06664e-06
1400 275 -2.19078e-06
1425 275 -2.33745e-06
1450 275 -2.51217e-06
1475 275 -2.72243e-06
1500 275 -2.97869e-06
1525 275 -3.29593e-06
1550 275 -3.69644e-06
1575 275 -4.21487e-06
1600 275 -4.90846e-06
1625 275 -5.88044e-06
1650 275 -7.34549e-06
1675 275 -9.82577e-06
1700 275 -1.44686e-05
1725 275 -2.19789e-05
1750 275 -2.66726e-05
1775 275 -1.31239e-05
1800 275 2.2242e-05
1825 275 5.04241e-05
1850 275 4.64193e-05
1875 275 2.44384e-05
1900 275 8.00762e-06
1925 275 1.69931e-06
1950 275 2.39674e-07
1975 275 2.29243e-08
2000 275 1.51266e-09
2025 275 6.99195e-11
2050 275 2.29564e-12
2075 275 5.42274e-14
2100 275 9.3257e-16
2125 275 1.18048e-17
2150 275 1.11118e-19
2175 275 7.85181e-22
2200 275 4.20199e-24
2225 275 1.71718e-26
2250 275 5.3999e-29
2275 275 1.31608e-31
2300 275 2.50278e-34
2325 275 3.73707e-37
2350 275 4.40725e-40
2375 275 4.12794e-43
2400 275 3.08662e-46
2425 275 1.85157e-49
2450 275 8.95155e-53
2475 275 3.50303e-56
2500 275 1.11418e-59
2525 275 2.89139e-63
2550 275 6.14454e-67
2575 275 1.07301e-70
2600 275 1.5448e-74
2625 275 1.83927e-78
2650 275 1.81636e-82
2675 275 1.49195e-86
2700 275 1.02202e-90
2725 275 5.85343e-95
2750 275 2.80966e-99
2775 275 1.13288e-103
2800 275 3.84541e-108
2825 275 1.10112e-112
2850 275 2.66511e-117
2875 275 5.46268e-122
2900 275 9.49918e-127
2925 275 1.40379e-131
2950 275 1.7659e-136
2975 275 1.89388e-141
0 300 0
25 300 1.36527e-07
50 300 1.10697e-06
75 300 5.90624e-06
100 300 2.02691e-05
125 300 4.29659e-05
150 300 5.19507e-05
175 300 2.70194e-05
200 300 -1.0405e-05
225 300 -2.65364e-05
250 300 -2.22599e-05
275 300 -1.44686e-05
300 300 -9.70516e-06
325 300 -7.20706e-06
350 300 -5.7438e-06
375 300 -4.77699e-06
400 300 -4.08934e-06
425 300 -3.57669e-06
450 300 -3.18145e-06
475 300 -2.86886e-06
500 300 -2.61662e-06
525 300 -2.40979e-06
550 300 -2.23795e-06
575 300 -2.09366e-06
600 300 -1.97146e-06
625 300 -1.86724e-06
650 300 -1.7779e-06
675 300 -1.70101e-06
700 300 -1.63468e-06
725 300 -1.57741e-06
750 300 -1.52801e-06
775 300 -1.48551e-06
800 300 -1.44915e-06
825 300 -1.41829e-06
850 300 -1.39243e-06
875 300 -1.37116e-06
900 300 -1.35416e-06
925 300 -1.34118e-06
950 300 -1.33203e-06
975 300 -1.3266e-06
1000 300 -1.32479e-06
1025 300 -1.3266e-06
1050 300 -1.33203e-06
1075 300 -1.34118e-06
1100 300 -1.35416e-06
1125 300 -1.37116e-06
1150 300 -1.39243e-06
1175 300 -1.41829e-06
1200 300 -1.44915e-06
1225 300 -1.48551e-06
1250 300 -1.52801e-06
1275 300 -1.57741e-06
1300 300 -1.63468e-06
1325 300 -1.70101e-06
1350 300 -1.7779e-06
1375 300 -1.86724e-06
1400 300 -1.97146e-06
1425 300 -2.09366e-06
1450 300 -2.23795e-06
1475 300 -2.40979e-06
1500 300 -2.61662e-06
1525 300 -2.86886e-06
1550 300 -3.18145e-06
1575 300 -3.57669e-06
1600 300 -4.08934e-06
1625 300 -4.77699e-06
1650 300 -5.7438e-06
1675 300 -7.20706e-06
1700 300 -9.70516e-06
1725 300 -1.44686e-05
1750 300 -2.22599e-05
1775 300 -2.65364e-05
1800 300 -1.0405e-05
1825 300 2.70194e-05
1850 300 5.19507e-05
1875 300 4.29659e-05
1900 300 2.02691e-05
1925 300 5.90624e-06
1950 300 1.107e-06
1975 300 1.3719e-07
2000 300 1.14897e-08
2025 300 6.62489e-10
2050 300 2.67348e-11
2075 300 7.66363e-13
2100 300 1.58164e-14
2125 300 2.37938e-16
2150 300 2.63894e-18
2175 300 2.18048e-20
2200 300 1.35529e-22
2225 300 6.39378e-25
2250 300 2.30855e-27
2275 300 6.42878e-30
2300 300 1.39075e-32
2325 300 2.35292e-35
2350 300 3.13275e-38
2375 300 3.30177e-41
2400 300 2.76981e-44
2425 300 1.85896e-47
2450 300 1.00302e-50
2475 300 4.37056e-54
2500 300 1.5446e-57
2525 300 4.44526e-61
2550 300 1.04577e-64
2575 300 2.01833e-68
2600 300 3.20663e-72
2625 300 4.2073e-76
2650 300 4.5728e-80
2675 300 4.12898e-84
2700 300 3.10583e-88
2725 300 1.95129e-92
2750 300 1.02648e-96
2775 300 4.53202e-101
2800 300 1.68313e-105
2825 300 5.26934e-110
2850 300 1.39345e-114
2875 300 3.11865e-119
2900 300 5.91813e-124
2925 300 9.53916e-129
2950 300 1.3082e-133
2975 300 1.52889e-138
0 325 0
25 325 6.35733e-07
50 325 3.9429e-06
75 325 1.55606e-05
100 325 3.78194e-05
125 325 5.26458e-05
150 325 3.37325e-05
175 325 -5.38428e-06
200 325 -2.59845e-05
225 325 -2.30871e-05
250 325 -1.49197e-05
275 325 -9.82577e-06
300 325 -7.20706e-06
325 325 -5.69952e-06
350 325 -4.71356e-06
375 325 -4.0171e-06
400 325 -3.50052e-06
425 325 -3.10378e-06
450 325 -2.79094e-06
475 325 -2.53906e-06
500 325 -2.33287e-06
525 325 -2.16175e-06
550 325 -2.01816e-06
575 325 -1.89655e-06
600 325 -1.79281e-06
625 325 -1.70378e-06
650 325 -1.62703e-06
675 325 -1.56067e-06
700 325 -1.50318e-06
725 325 -1.45337e-06
750 325 -1.41026e-06
775 325 -1.37308e-06
800 325 -1.34119e-06
825 325 -1.31407e-06
850 325 -1.2913e-06
875 325 -1.27255e-06
900 325 -1.25755e-06
925 325 -1.24608e-06
950 325 -1.238e-06
975 325 -1.23319e-06
1000 325 -1.23159e-06
1025 325 -1.23319e-06
1050 325 -1.238e-06
1075 325 -1.24608e-06
1100 325 -1.25755e-06
1125 325 -1.27255e-06
1150 325 -1.2913e-06
1175 325 -1.31407e-06
1200 325 -1.34119e-06
1225 325 -1.37308e-06
1250 325 -1.41026e-06
1275 325 -1.45337e-06
1300 325 -1.50318e-06
1325 325 -1.56067e-06
1350 325 -1.62703e-06
1375 325 -1.70378e-06
1400 325 -1.79281e-06
1425 325 -1.89655e-06
1450 325 -2.01816e-06
1475 325 -2.16175e-06
1500 325 -2.33287e-06
1525 325 -2.53906e-06
1550 325 -2.79094e-06
1575 325 -3.10378e-06
1600 325 -3.50052e-06
1625 325 -4.0171e-06
1650 325 -4.71356e-06
1675 325 -5.69952e-06
1700 325 -7.20706e-06
1725 325 -9.82577e-06
1750 325 -1.49197e-05
1775 325 -2.30871e-05
1800 325 -2.59845e-05
1825 325 -5.38428e-06
1850 325 3.37325e-05
1875 325 5.26458e-05
1900 325 3.78194e-05
1925 325 1.55606e-05
1950 325 3.94315e-06
1975 325 6.40706e-07
2000 325 6.86917e-08
2025 325 4.97236e-09
2050 325 2.47825e-10
2075 325 8.65246e-12
2100 325 2.14901e-13
2125 325 3.85025e-15
2150 325 5.0395e-17
2175 325 4.87478e-19
2200 325 3.52202e-21
2225 325 1.91925e-23
2250 325 7.95932e-26
2275 325 2.53298e-28
2300 325 6.23367e-31
2325 325 1.19485e-33
2350 325 1.79569e-36
2375 325 2.12905e-39
2400 325 2.00306e-42
2425 325 1.50351e-45
2450 325 9.0496e-49
2475 325 4.38863e-52
2500 325 1.72246e-55
2525 325 5.49439e-59
2550 325 1.43009e-62
2575 325 3.04865e-66
2600 325 5.34179e-70
2625 325 7.71885e-74
2650 325 9.22738e-78
2675 325 9.15307e-82
2700 325 7.55528e-86
2725 325 5.20356e-90
2750 325 2.99798e-94
2775 325 1.44841e-98
2800 325 5.88154e-103
2825 325 2.0118e-107
2850 325 5.80874e-112
2875 325 1.41856e-116
2900 325 2.93568e-121
2925 325 5.15764e-126
2950 325 7.70593e-131
2975 325 9.80722e-136
0 350 0
25 350 2.32103e-06
50 350 1.08846e-05
75 350 3.1087e-05
100 350 5.12835e-05
125 350 4.14332e-05
150 350 2.48654e-06
175 350 -2.43857e-05
200 350 -2.43799e-05
225 350 -1.58717e-05
250 350 -1.02044e-05
275 350 -7.34549e-06
300 350 -5.7438e-06
325 350 -4.71356e-06
350 350 -3.99351e-06
375 350 -3.46347e-06
400 350 -3.05872e-06
425 350 -2.74097e-06
450 350 -2.48602e-06
475 350 -2.27786e-06
500 350 -2.10547e-06
525 350 -1.961e-06
550 350 -1.83877e-06
575 350 -1.73452e-06
600 350 -1.64503e-06
625 350 -1.56783e-06
650 350 -1.50097e-06
675 350 -1.44292e-06
700 350 -1.39246e-06
725 350 -1.34859e-06
750 350 -1.31054e-06
775 350 -1.27763e-06
800 350 -1.24935e-06
825 350 -1.22525e-06
850 350 -1.205e-06
875 350 -1.18829e-06
900 350 -1.17491e-06
925 350 -1.16468e-06
950 350 -1.15746e-06
975 350 -1.15316e-06
1000 350 -1.15174e-06
1025 350 -1.15316e-06
1050 350 -1.15746e-06
1075 350 -1.16468e-06
1100 350 -1.17491e-06
1125 350 -1.18829e-06
1150 350 -1.205e-06
1175 350 -1.22525e-06
1200 350 -1.24935e-06
1225 350 -1.27763e-06
1250 350 -1.31054e-06
1275 350 -1.34859e-06
1300 350 -1.39246e-06
1325 350 -1.44292e-06
1350 350 -1.50097e-06
1375 350 -1.56783e-06
1400 350 -1.64503e-06
1425 350 -1.73452e-06
1450 350 -1.83877e-06
1475 350 -1.961e-06
1500 350 -2.10547e-06
1525 350 -2.27786e-06
1550 350 -2.48602e-06
1575 350 -2.74097e-06
1600 350 -3.05872e-06
1625 350 -3.46347e-06
1650 350 -3.99351e-06
1675 350 -4.71356e-06
1700 350 -5.7438e-06
1725 350 -7.34549e-06
1750 350 -1.02044e-05
1775 350 -1.58717e-05
1800 350 -2.43799e-05
1825 350 -2.43857e-05
1850 350 2.48654e-06
1875 350 4.14332e-05
1900 350 5.12835e-05
1925 350 3.10871e-05
1950 350 1.08864e-05
1975 350 2.35081e-06
2000 350 3.25605e-07
2025 350 2.97806e-08
2050 350 1.84168e-09
2075 350 7.85781e-11
2100 350 2.35438e-12
2125 350 5.03231e-14
2150 350 7.78235e-16
2175 350 8.81969e-18
2200 350 7.41035e-20
2225 350 4.66521e-22
2250 350 2.22213e-24
2275 350 8.08005e-27
2300 350 2.26143e-29
2325 350 4.90888e-32
2350 350 8.323e-35
2375 350 1.10949e-37
2400 350 1.16995e-40
2425 350 9.81482e-44
2450 350 6.58542e-47
2475 350 3.5517e-50
2500 350 1.54693e-53
2525 350 5.46509e-57
2550 350 1.57256e-60
2575 350 3.6999e-64
2600 350 7.144e-68
2625 350 1.13597e-71
2650 350 1.4924e-75
2675 350 1.62497e-79
2700 350 1.47069e-83
2725 350 1.10949e-87
2750 350 6.99507e-92
2775 350 3.69505e-96
2800 350 1.63923e-100
2825 350 6.12119e-105
2850 350 1.92816e-109
2875 350 5.13392e-114
2900 350 1.15772e-118
2925 350 2.21521e-123
2950 350 3.60289e-128
2975 350 4.9894e-133
0 375 0
25 375 6.68086e-06
50 375 2.33804e-05
75 375 4.68572e-05
100 375 4.83961e-05
125 375 1.34747e-05
150 375 -2.06673e-05
175 375 -2.58786e-05
200 375 -1.74175e-05
225 375 -1.08957e-05
250 375 -7.63806e-06
275 375 -5.88044e-06
300 375 -4.77699e-06
325 375 -4.0171e-06
350 375 -3.46347e-06
375 375 -3.04395e-06
400 375 -2.71655e-06
425 375 -2.45509e-06
450 375 -2.2424e-06
475 375 -2.06676e-06
500 375 -1.91991e-06
525 375 -1.79585e-06
550 375 -1.69015e-06
575 375 -1.59946e-06
600 375 -1.52121e-06
625 375 -1.45339e-06
650 375 -1.39443e-06
675 375 -1.34305e-06
700 375 -1.29826e-06
725 375 -1.25922e-06
750 375 -1.22526e-06
775 375 -1.19584e-06
800 375 -1.17051e-06
825 375 -1.1489e-06
850 375 -1.13071e-06
875 375 -1.11568e-06
900 375 -1.10364e-06
925 375 -1.09442e-06
950 375 -1.08792e-06
975 375 -1.08405e-06
1000 375 -1.08276e-06
1025 375 -1.08405e-06
1050 375 -1.08792e-06
1075 375 -1.09442e-06
1100 375 -1.10364e-06
1125 375 -1.11568e-06
1150 375 -1.13071e-06
1175 375 -1.1489e-06
1200 375 -1.17051e-06
1225 375 -1.19584e-06
1250 375 -1.22526e-06
1275 375 -1.25922e-06
1300 375 -1.29826e-06
1325 375 -1.34305e-06
1350 375 -1.39443e-06
1375 375 -1.45339e-06
1400 375 -1.52121e-06
1425 375 -1.59946e-06
1450 375 -1.69015e-06
1475 375 -1.79585e-06
1500 375 -1.91991e-06
1525 375 -2.06676e-06
1550 375 -2.2424e-06
1575 375 -2.45509e-06
1600 375 -2.71655e-06
1625 375 -3.04395e-06
1650 375 -3.46347e-06
1675 375 -4.0171e-06
1700 375 -4.77699e-06
1725 375 -5.88044e-06
1750 375 -7.63806e-06
1775 375 -1.08957e-05
1800 375 -1.74175e-05
1825 375 -2.58786e-05
1850 375 -2.06673e-05
1875 375 1.34747e-05
1900 375 4.83961e-05
1925 375 4.68578e-05
1950 375 2.33915e-05
1975 375 6.82437e-06
2000 375 1.23353e-06
2025 375 1.43502e-07
2050 375 1.10607e-08
2075 375 5.78469e-10
2100 375 2.0951e-11
2125 375 5.34922e-13
2150 375 9.78128e-15
2175 375 1.29913e-16
2200 375 1.26937e-18
2225 375 9.23016e-21
2250 375 5.04753e-23
2275 375 2.09588e-25
2300 375 6.66649e-28
2325 375 1.63755e-30
2350 375 3.12977e-33
2375 375 4.68663e-36
2400 375 5.53397e-39
2425 375 5.1837e-42
2450 375 3.87344e-45
2475 375 2.32098e-48
2500 375 1.12069e-51
2525 375 4.3805e-55
2550 375 1.39205e-58
2575 375 3.61107e-62
2600 375 7.67569e-66
2625 375 1.34171e-69
2650 375 1.93522e-73
2675 375 2.3106e-77
2700 375 2.29065e-81
2725 375 1.89092e-85
2750 375 1.30333e-89
2775 375 7.52008e-94
2800 375 3.64115e-98
2825 375 1.48291e-102
2850 375 5.09111e-107
2875 375 1.47654e-111
2900 375 3.62479e-116
2925 375 7.54667e-121
2950 375 1.33491e-125
2975 375 2.00966e-130
0 400 0
25 400 1.52207e-05
50 400 3.91185e-05
75 400 5.22593e-05
100 400 2.68932e-05
125 400 -1.33721e-05
150 400 -2.69113e-05
175 400 -1.96558e-05
200 400 -1.20064e-05
225 400 -8.12098e-06
250 400 -6.12176e-06
275 400 -4.90846e-06
300 400 -4.08934e-06
325 400 -3.50052e-06
350 400 -3.05872e-06
375 400 -2.71655e-06
400 400 -2.44493e-06
425 400 -2.22502e-06
450 400 -2.04411e-06
475 400 -1.89331e-06
500 400 -1.76621e-06
525 400 -1.65811e-06
550 400 -1.56546e-06
575 400 -1.48556e-06
600 400 -1.41632e-06
625 400 -1.35607e-06
650 400 -1.30351e-06
675 400 -1.25757e-06
700 400 -1.21741e-06
725 400 -1.18233e-06
750 400 -1.15175e-06
775 400 -1.12521e-06
800 400 -1.10232e-06
825 400 -1.08277e-06
850 400 -1.06629e-06
875 400 -1.05267e-06
900 400 -1.04174e-06
925 400 -1.03337e-06
950 400 -1.02746e-06
975 400 -1.02394e-06
1000 400 -1.02277e-06
1025 400 -1.02394e-06
1050 400 -1.02746e-06
1075 400 -1.03337e-06
1100 400 -1.04174e-06
1125 400 -1.05267e-06
1150 400 -1.06629e-06
1175 400 -1.08277e-06
1200 400 -1.10232e-06
1225 400 -1.12521e-06
1250 400 -1.15175e-06
1275 400 -1.18233e-06
1300 400 -1.21741e-06
1325 400 -1.25757e-06
1350 400 -1.30351e-06
1375 400 -1.35607e-06
1400 400 -1.41632e-06
1425 400 -1.48556e-06
1450 400 -1.56546e-06
1475 400 -1.65811e-06
1500 400 -1.76621e-06
1525 400 -1.89331e-06
1550 400 -2.04411e-06
1575 400 -2.22502e-06
1600 400 -2.44493e-06
1625 400 -2.71655e-06
1650 400 -3.05872e-06
1675 400 -3.50052e-06
1700 400 -4.08934e-06
1725 400 -4.90846e-06
1750 400 -6.12176e-06
1775 400 -8.12098e-06
