0 0 0
25 0 0
50 0 0
75 0 0
100 0 0
125 0 0
150 0 0
175 0 0
200 0 0
225 0 0
250 0 0
275 0 0
300 0 0
325 0 0
350 0 0
375 0 0
400 0 0
425 0 0
450 0 0
475 0 0
500 0 0
525 0 0
550 0 0
575 0 0
600 0 0
625 0 0
650 0 0
675 0 0
700 0 0
725 0 0
750 0 0
775 0 0
800 0 0
825 0 0
850 0 0
875 0 0
900 0 0
925 0 0
950 0 0
975 0 0
1000 0 0
1025 0 0
1050 0 0
1075 0 0
1100 0 0
1125 0 0
1150 0 0
1175 0 0
1200 0 0
1225 0 0
1250 0 0
1275 0 0
1300 0 0
1325 0 0
1350 0 0
1375 0 0
1400 0 0
1425 0 0
1450 0 0
1475 0 0
1500 0 0
1525 0 0
1550 0 0
1575 0 0
1600 0 0
1625 0 0
1650 0 0
1675 0 0
1700 0 0
1725 0 0
1750 0 0
1775 0 0
1800 0 0
1825 0 0
1850 0 0
1875 0 0
1900 0 0
1925 0 0
1950 0 0
1975 0 0
2000 0 0
2025 0 0
2050 0 0
2075 0 0
2100 0 0
2125 0 0
2150 0 0
2175 0 0
2200 0 0
2225 0 0
2250 0 0
2275 0 0
2300 0 0
2325 0 0
2350 0 0
2375 0 0
2400 0 0
2425 0 0
2450 0 0
2475 0 0
2500 0 0
2525 0 0
2550 0 0
2575 0 0
2600 0 0
2625 0 0
2650 0 0
2675 0 0
2700 0 0
2725 0 0
2750 0 0
2775 0 0
2800 0 0
2825 0 0
2850 0 0
2875 0 0
2900 0 0
2925 0 0
2950 0 0
2975 0 0
0 25 0
25 25 1.29116e-24
50 25 1.57637e-22
75 25 1.45746e-20
100 25 1.01822e-18
125 25 5.36657e-17
150 25 2.13209e-15
175 25 6.38556e-14
200 25 1.44331e-12
225 25 2.46755e-11
250 25 3.20211e-10
275 25 3.169e-09
300 25 2.40601e-08
325 25 1.41121e-07
350 25 6.44441e-07
375 25 2.31001e-06
400 25 6.55103e-06
425 25 1.47945e-05
450 25 2.66888e-05
475 25 3.82736e-05
500 25 4.25511e-05
525 25 3.34125e-05
550 25 1.02573e-05
575 25 -2.07495e-05
600 25 -4.99346e-05
625 25 -6.91455e-05
650 25 -7.49832e-05
675 25 -6.88803e-05
700 25 -5.50709e-05
725 25 -3.82414e-05
750 25 -2.20049e-05
775 25 -8.40864e-06
800 25 1.85732e-06
825 25 8.97902e-06
850 25 1.3557e-05
875 25 1.6286e-05
900 25 1.77838e-05
925 25 1.85281e-05
950 25 1.88531e-05
975 25 1.89715e-05
1000 25 1.89988e-05
1025 25 1.89715e-05
1050 25 1.88531e-05
1075 25 1.85281e-05
1100 25 1.77838e-05
1125 25 1.6286e-05
1150 25 1.3557e-05
1175 25 8.97902e-06
1200 25 1.85732e-06
1225 25 -8.40864e-06
1250 25 -2.20049e-05
1275 25 -3.82414e-05
1300 25 -5.50709e-05
1325 25 -6.88803e-05
1350 25 -7.49832e-05
1375 25 -6.91455e-05
1400 25 -4.99346e-05
1425 25 -2.07495e-05
1450 25 1.02573e-05
1475 25 3.34125e-05
1500 25 4.25511e-05
1525 25 3.82736e-05
1550 25 2.66888e-05
1575 25 1.47945e-05
1600 25 6.55103e-06
1625 25 2.31001e-06
1650 25 6.44441e-07
1675 25 1.41121e-07
1700 25 2.40601e-08
1725 25 3.169e-09
1750 25 3.20211e-10
1775 25 2.46755e-11
1800 25 1.44331e-12
1825 25 6.38556e-14
1850 25 2.13209e-15
1875 25 5.36657e-17
1900 25 1.01822e-18
1925 25 1.45746e-20
1950 25 1.57637e-22
1975 25 1.2912e-24
2000 25 8.03124e-27
2025 25 3.80515e-29
2050 25 1.37794e-31
2075 25 3.82746e-34
2100 25 8.18492e-37
2125 25 1.35261e-39
2150 25 1.7339e-42
2175 25 1.73057e-45
2200 25 1.34981e-48
2225 25 8.25736e-52
2250 25 3.97581e-55
2275 25 1.51185e-58
2300 25 4.55537e-62
2325 25 1.09107e-65
2350 25 2.08366e-69
2375 25 3.18215e-73
2400 25 3.89726e-77
2425 25 3.83806e-81
2450 25 3.04718e-85
2475 25 1.95517e-89
2500 25 1.01623e-93
2525 25 4.28833e-98
2550 25 1.47231e-102
2575 25 4.12103e-107
2600 25 9.42199e-112
2625 25 1.76281e-116
2650 25 2.70362e-121
2675 25 3.40473e-126
2700 25 3.52609e-131
2725 25 3.00761e-136
2750 25 2.1158e-141
2775 25 1.22922e-146
2800 25 5.90516e-152
2825 25 2.34852e-157
2850 25 7.74106e-163
2875 25 2.11694e-168
2900 25 4.80784e-174
2925 25 9.07669e-180
2950 25 1.42567e-185
2975 25 1.86459e-191
0 50 0
25 50 1.57637e-22
50 50 1.60162e-20
75 50 1.22487e-18
100 50 7.03301e-17
125 50 3.026e-15
150 50 9.74476e-14
175 50 2.34831e-12
200 50 4.23833e-11
225 50 5.74098e-10
250 50 5.85557e-09
275 50 4.51785e-08
300 50 2.65201e-07
325 50 1.19241e-06
350 50 4.13692e-06
375 50 1.11574e-05
400 50 2.35463e-05
425 50 3.90357e-05
450 50 5.07048e-05
475 50 5.05898e-05
500 50 3.58388e-05
525 50 1.11805e-05
550 50 -1.4897e-05
575 50 -3.60192e-05
600 50 -5.04632e-05
625 50 -5.95935e-05
650 50 -6.51314e-05
675 50 -6.77652e-05
700 50 -6.73621e-05
725 50 -6.37646e-05
750 50 -5.73067e-05
775 50 -4.88341e-05
800 50 -3.94292e-05
825 50 -3.01036e-05
850 50 -2.1608e-05
875 50 -1.43819e-05
900 50 -8.60093e-06
925 50 -4.26436e-06
950 50 -1.28309e-06
975 50 4.50939e-07
1000 50 1.01905e-06
1025 50 4.50939e-07
1050 50 -1.28309e-06
1075 50 -4.26436e-06
1100 50 -8.60093e-06
1125 50 -1.43819e-05
1150 50 -2.1608e-05
1175 50 -3.01036e-05
1200 50 -3.94292e-05
1225 50 -4.88341e-05
1250 50 -5.73067e-05
1275 50 -6.37646e-05
1300 50 -6.73621e-05
1325 50 -6.77652e-05
1350 50 -6.51314e-05
1375 50 -5.95935e-05
1400 50 -5.04632e-05
1425 50 -3.60192e-05
1450 50 -1.4897e-05
1475 50 1.11805e-05
1500 50 3.58388e-05
1525 50 5.05898e-05
1550 50 5.07048e-05
1575 50 3.90357e-05
1600 50 2.35463e-05
1625 50 1.11574e-05
1650 50 4.13692e-06
1675 50 1.19241e-06
1700 50 2.65201e-07
1725 50 4.51785e-08
1750 50 5.85557e-09
1775 50 5.74098e-10
1800 50 4.23833e-11
1825 50 2.34831e-12
1850 50 9.74476e-14
1875 50 3.026e-15
1900 50 7.03301e-17
1925 50 1.22487e-18
1950 50 1.60162e-20
1975 50 1.57644e-22
2000 50 1.17162e-24
2025 50 6.5977e-27
2050 50 2.82571e-29
2075 50 9.24047e-32
2100 50 2.31656e-34
2125 50 4.4704e-37
2150 50 6.66758e-40
2175 50 7.71718e-43
2200 50 6.95878e-46
2225 50 4.90758e-49
2250 50 2.717e-52
2275 50 1.18515e-55
2300 50 4.08735e-59
2325 50 1.11828e-62
2350 50 2.43505e-66
2375 50 4.23305e-70
2400 50 5.89217e-74
2425 50 6.58569e-78
2450 50 5.9266e-82
2475 50 4.30532e-86
2500 50 2.53085e-90
2525 50 1.20671e-94
2550 50 4.67711e-99
2575 50 1.47676e-103
2600 50 3.80604e-108
2625 50 8.02219e-113
2650 50 1.38534e-117
2675 50 1.96338e-122
2700 50 2.28742e-127
2725 50 2.19407e-132
2750 50 1.73521e-137
2775 50 1.13304e-142
2800 50 6.11644e-148
2825 50 2.73305e-153
2850 50 1.01203e-158
2875 50 3.10896e-164
2900 50 7.93154e-170
2925 50 1.68206e-175
2950 50 2.96799e-181
2975 50 4.36103e-187
0 75 0
25 75 1.45746e-20
50 75 1.22487e-18
75 75 7.69538e-17
100 75 3.60342e-15
125 75 1.25457e-13
150 75 3.2424e-12
175 75 6.21651e-11
200 75 8.84544e-10
225 75 9.35593e-09
250 75 7.37696e-08
275 75 4.35326e-07
300 75 1.93206e-06
325 75 6.48368e-06
350 75 1.65346e-05
375 75 3.21438e-05
400 75 4.75418e-05
425 75 5.26898e-05
450 75 4.13767e-05
475 75 1.77702e-05
500 75 -6.73776e-06
525 75 -2.28257e-05
550 75 -2.87045e-05
575 75 -2.82883e-05
600 75 -2.65222e-05
625 75 -2.65172e-05
650 75 -2.92215e-05
675 75 -3.41992e-05
700 75 -4.03989e-05
725 75 -4.66444e-05
750 75 -5.19338e-05
775 75 -5.56161e-05
800 75 -5.74521e-05
825 75 -5.75691e-05
850 75 -5.63456e-05
875 75 -5.42785e-05
900 75 -5.18706e-05
925 75 -4.95585e-05
950 75 -4.76791e-05
975 75 -4.64635e-05
1000 75 -4.60439e-05
1025 75 -4.64635e-05
1050 75 -4.76791e-05
1075 75 -4.95585e-05
1100 75 -5.18706e-05
1125 75 -5.42785e-05
1150 75 -5.63456e-05
1175 75 -5.75691e-05
1200 75 -5.74521e-05
1225 75 -5.56161e-05
1250 75 -5.19338e-05
1275 75 -4.66444e-05
1300 75 -4.03989e-05
1325 75 -3.41992e-05
1350 75 -2.92215e-05
1375 75 -2.65172e-05
1400 75 -2.65222e-05
1425 75 -2.82883e-05
1450 75 -2.87045e-05
1475 75 -2.28257e-05
1500 75 -6.73776e-06
1525 75 1.77702e-05
1550 75 4.13767e-05
1575 75 5.26898e-05
1600 75 4.75418e-05
1625 75 3.21438e-05
1650 75 1.65346e-05
1675 75 6.48368e-06
1700 75 1.93206e-06
1725 75 4.35326e-07
1750 75 7.37696e-08
1775 75 9.35593e-09
1800 75 8.84544e-10
1825 75 6.21651e-11
1850 75 3.2424e-12
1875 75 1.25457e-13
1900 75 3.60342e-15
1925 75 7.69538e-17
1950 75 1.22487e-18
1975 75 1.45755e-20
2000 75 1.30129e-22
2025 75 8.75095e-25
2050 75 4.45123e-27
2075 75 1.72003e-29
2100 75 5.07164e-32
2125 75 1.14616e-34
2150 75 1.99408e-37
2175 75 2.68245e-40
2200 75 2.80193e-43
2225 75 2.28199e-46
2250 75 1.45491e-49
2275 75 7.28967e-53
2300 75 2.88095e-56
2325 75 9.01302e-60
2350 75 2.23972e-63
2375 75 4.43529e-67
2400 75 7.02118e-71
2425 75 8.91148e-75
2450 75 9.09434e-79
2475 75 7.48249e-83
2500 75 4.97612e-87
2525 75 2.68142e-91
2550 75 1.17348e-95
2575 75 4.18006e-100
2600 75 1.21449e-104
2625 75 2.88383e-109
2650 75 5.60702e-114
2675 75 8.94241e-119
2700 75 1.17185e-123
2725 75 1.26381e-128
2750 75 1.12341e-133
2775 75 8.24271e-139
2800 75 4.99875e-144
2825 75 2.50882e-149
2850 75 1.04332e-154
2875 75 3.59915e-160
2900 75 1.03106e-165
2925 75 2.45529e-171
2950 75 4.86487e-177
2975 75 8.0274e-183
0 100 0
25 100 1.01822e-18
50 100 7.03301e-17
75 100 3.60342e-15
100 100 1.36461e-13
125 100 3.80812e-12
150 100 7.81351e-11
175 100 1.17719e-09
200 100 1.30199e-08
225 100 1.05803e-07
250 100 6.32896e-07
275 100 2.79431e-06
300 100 9.13205e-06
325 100 2.2132e-05
350 100 3.97104e-05
375 100 5.21529e-05
400 100 4.81624e-05
425 100 2.66339e-05
450 100 -7.31948e-07
475 100 -2.02813e-05
500 100 -2.71271e-05
525 100 -2.5037e-05
550 100 -1.99107e-05
575 100 -1.53727e-05
600 100 -1.25219e-05
625 100 -1.13089e-05
650 100 -1.15114e-05
675 100 -1.30039e-05
700 100 -1.56947e-05
725 100 -1.94199e-05
750 100 -2.38995e-05
775 100 -2.87629e-05
800 100 -3.36152e-05
825 100 -3.81102e-05
850 100 -4.20022e-05
875 100 -4.51651e-05
900 100 -4.7581e-05
925 100 -4.93075e-05
950 100 -5.04396e-05
975 100 -5.10727e-05
1000 100 -5.12755e-05
1025 100 -5.10727e-05
1050 100 -5.04396e-05
1075 100 -4.93075e-05
1100 100 -4.7581e-05
1125 100 -4.51651e-05
1150 100 -4.20022e-05
1175 100 -3.81102e-05
1200 100 -3.36152e-05
1225 100 -2.87629e-05
1250 100 -2.38995e-05
1275 100 -1.94199e-05
1300 100 -1.56947e-05
1325 100 -1.30039e-05
1350 100 -1.15114e-05
1375 100 -1.13089e-05
1400 100 -1.25219e-05
1425 100 -1.53727e-05
1450 100 -1.99107e-05
1475 100 -2.5037e-05
1500 100 -2.71271e-05
1525 100 -2.02813e-05
1550 100 -7.31948e-07
1575 100 2.66339e-05
1600 100 4.81624e-05
1625 100 5.21529e-05
1650 100 3.97104e-05
1675 100 2.2132e-05
1700 100 9.13205e-06
1725 100 2.79431e-06
1750 100 6.32896e-07
1775 100 1.05803e-07
1800 100 1.30199e-08
1825 100 1.17719e-09
1850 100 7.81351e-11
1875 100 3.80812e-12
1900 100 1.36461e-13
1925 100 3.60342e-15
1950 100 7.03301e-17
1975 100 1.0183e-18
2000 100 1.0983e-20
2025 100 8.86386e-23
2050 100 5.37804e-25
2075 100 2.46505e-27
2100 100 8.57735e-30
2125 100 2.27677e-32
2150 100 4.63251e-35
2175 100 7.25917e-38
2200 100 8.80084e-41
2225 100 8.29193e-44
2250 100 6.09736e-47
2275 100 3.51376e-50
2300 100 1.59317e-53
2325 100 5.70495e-57
2350 100 1.61925e-60
2375 100 3.65545e-64
2400 100 6.58512e-68
2425 100 9.49597e-72
2450 100 1.09941e-75
2475 100 1.02485e-79
2500 100 7.71259e-84
2525 100 4.69781e-88
2550 100 2.32165e-92
2575 100 9.33054e-97
2600 100 3.05613e-101
2625 100 8.17507e-106
2650 100 1.78945e-110
2675 100 3.21116e-115
2700 100 4.73243e-120
2725 100 5.73734e-125
2750 100 5.73095e-130
2775 100 4.72366e-135
2800 100 3.21721e-140
2825 100 1.81303e-145
2850 100 8.46455e-151
2875 100 3.27783e-156
2900 100 1.054e-161
2925 100 2.81718e-167
2950 100 6.2653e-173
2975 100 1.16044e-178
0 125 0
25 125 5.36657e-17
50 125 3.026e-15
75 125 1.25457e-13
100 125 3.80812e-12
125 125 8.43062e-11
150 125 1.35706e-09
175 125 1.58476e-08
200 125 1.34087e-07
225 125 8.21648e-07
250 125 3.64683e-06
275 125 1.17234e-05
300 125 2.72441e-05
325 125 4.54142e-05
350 125 5.2975e-05
375 125 3.97461e-05
400 125 1.16878e-05
425 125 -1.40374e-05
450 125 -2.60757e-05
475 125 -2.58136e-05
500 125 -2.04356e-05
525 125 -1.51181e-05
550 125 -1.14283e-05
575 125 -9.12538e-06
600 125 -7.68363e-06
625 125 -6.77515e-06
650 125 -6.26533e-06
675 125 -6.13027e-06
700 125 -6.39776e-06
725 125 -7.10682e-06
750 125 -8.27603e-06
775 125 -9.88138e-06
800 125 -1.18475e-05
825 125 -1.40537e-05
850 125 -1.63502e-05
875 125 -1.85802e-05
900 125 -2.05985e-05
925 125 -2.22847e-05
950 125 -2.35484e-05
975 125 -2.43292e-05
1000 125 -2.45931e-05
1025 125 -2.43292e-05
1050 125 -2.35484e-05
1075 125 -2.22847e-05
1100 125 -2.05985e-05
1125 125 -1.85802e-05
1150 125 -1.63502e-05
1175 125 -1.40537e-05
1200 125 -1.18475e-05
1225 125 -9.88138e-06
1250 125 -8.27603e-06
1275 125 -7.10682e-06
1300 125 -6.39776e-06
1325 125 -6.13027e-06
1350 125 -6.26533e-06
1375 125 -6.77515e-06
1400 125 -7.68363e-06
1425 125 -9.12538e-06
1450 125 -1.14283e-05
1475 125 -1.51181e-05
1500 125 -2.04356e-05
1525 125 -2.58136e-05
1550 125 -2.60757e-05
1575 125 -1.40374e-05
1600 125 1.16878e-05
1625 125 3.97461e-05
1650 125 5.2975e-05
1675 125 4.54142e-05
1700 125 2.72441e-05
1725 125 1.17234e-05
1750 125 3.64683e-06
1775 125 8.21648e-07
1800 125 1.34087e-07
1825 125 1.58476e-08
1850 125 1.35706e-09
1875 125 8.43062e-11
1900 125 3.80812e-12
1925 125 1.25457e-13
1950 125 3.026e-15
1975 125 5.36726e-17
2000 125 7.0348e-19
2025 125 6.84864e-21
2050 125 4.97882e-23
2075 125 2.71751e-25
2100 125 1.11967e-27
2125 125 3.50122e-30
2150 125 8.3529e-33
2175 125 1.52817e-35
2200 125 2.15463e-38
2225 125 2.35246e-41
2250 125 1.99809e-44
2275 125 1.32605e-47
2300 125 6.90541e-51
2325 125 2.833e-54
2350 125 9.19167e-58
2375 125 2.3671e-61
2400 125 4.85532e-65
2425 125 7.95848e-69
2450 125 1.04571e-72
2475 125 1.10473e-76
2500 125 9.40993e-81
2525 125 6.47983e-85
2550 125 3.61652e-89
2575 125 1.63988e-93
2600 125 6.05504e-98
2625 125 1.8245e-102
2650 125 4.49555e-107
2675 125 9.07555e-112
2700 125 1.50388e-116
2725 125 2.04905e-121
2750 125 2.29936e-126
2775 125 2.12838e-131
2800 125 1.62748e-136
2825 125 1.02945e-141
2850 125 5.39371e-147
2875 125 2.34366e-152
2900 125 8.45531e-158
2925 125 2.53552e-163
2950 125 6.3263e-169
2975 125 1.31461e-174
0 150 0
25 150 2.13209e-15
50 150 9.74476e-14
75 150 3.2424e-12
100 150 7.81351e-11
125 150 1.35706e-09
150 150 1.69155e-08
175 150 1.50787e-07
200 150 9.58454e-07
225 150 4.33267e-06
250 150 1.38834e-05
275 150 3.13404e-05
300 150 4.91034e-05
325 150 5.11916e-05
350 150 3.02957e-05
375 150 -5.17783e-07
400 150 -2.17261e-05
425 150 -2.6885e-05
450 150 -2.25237e-05
475 150 -1.64737e-05
500 150 -1.20224e-05
525 150 -9.27586e-06
550 150 -7.57557e-06
575 150 -6.44353e-06
600 150 -5.63674e-06
625 150 -5.0377e-06
650 150 -4.58747e-06
675 150 -4.25791e-06
700 150 -4.04006e-06
725 150 -3.93731e-06
750 150 -3.95899e-06
775 150 -4.11346e-06
800 150 -4.40128e-06
825 150 -4.81004e-06
850 150 -5.31215e-06
875 150 -5.86624e-06
900 150 -6.4216e-06
925 150 -6.92447e-06
950 150 -7.32486e-06
975 150 -7.58248e-06
1000 150 -7.67135e-06
1025 150 -7.58248e-06
1050 150 -7.32486e-06
1075 150 -6.92447e-06
1100 150 -6.4216e-06
1125 150 -5.86624e-06
1150 150 -5.31215e-06
1175 150 -4.81004e-06
1200 150 -4.40128e-06
1225 150 -4.11346e-06
1250 150 -3.95899e-06
1275 150 -3.93731e-06
1300 150 -4.04006e-06
1325 150 -4.25791e-06
1350 150 -4.58747e-06
1375 150 -5.0377e-06
1400 150 -5.63674e-06
1425 150 -6.44353e-06
1450 150 -7.57557e-06
1475 150 -9.27586e-06
1500 150 -1.20224e-05
1525 150 -1.64737e-05
1550 150 -2.25237e-05
1575 150 -2.6885e-05
1600 150 -2.17261e-05
1625 150 -5.17783e-07
1650 150 3.02957e-05
1675 150 5.11916e-05
1700 150 4.91034e-05
1725 150 3.13404e-05
1750 150 1.38834e-05
1775 150 4.33267e-06
1800 150 9.58454e-07
1825 150 1.50787e-07
1850 150 1.69155e-08
1875 150 1.35706e-09
1900 150 7.81351e-11
1925 150 3.2424e-12
1950 150 9.74476e-14
1975 150 2.1325e-15
2000 150 3.41747e-17
2025 150 4.03469e-19
2050 150 3.53055e-21
2075 150 2.30381e-23
2100 150 1.12785e-25
2125 150 4.16702e-28
2150 150 1.16864e-30
2175 150 2.50171e-33
2200 150 4.10995e-36
2225 150 5.20857e-39
2250 150 5.11717e-42
2275 150 3.91578e-45
2300 150 2.34441e-48
2325 150 1.1029e-51
2350 150 4.09342e-55
2375 150 1.20327e-58
2400 150 2.81162e-62
2425 150 5.24052e-66
2450 150 7.81713e-70
2475 150 9.36119e-74
2500 150 9.02632e-78
2525 150 7.02753e-82
2550 150 4.42956e-86
2575 150 2.26608e-90
2600 150 9.43148e-95
2625 150 3.20077e-99
2650 150 8.87616e-104
2675 150 2.01543e-108
2700 150 3.75414e-113
2725 150 5.74697e-118
2750 150 7.24257e-123
2775 150 7.52615e-128
2800 150 6.45863e-133
2825 150 4.58374e-138
2850 150 2.69402e-143
2875 150 1.31291e-148
2900 150 5.31192e-154
2925 150 1.78623e-159
2950 150 4.99756e-165
2975 150 1.16452e-170
0 175 0
25 175 6.38556e-14
50 175 2.34831e-12
75 175 6.21651e-11
100 175 1.17719e-09
125 175 1.58476e-08
150 175 1.50787e-07
175 175 1.0085e-06
200 175 4.71501e-06
225 175 1.53066e-05
250 175 3.41377e-05
275 175 5.11392e-05
300 175 4.83369e-05
325 175 2.18956e-05
350 175 -9.14914e-06
375 175 -2.53201e-05
400 175 -2.5502e-05
425 175 -1.93179e-05
450 175 -1.36583e-05
475 175 -1.007e-05
500 175 -7.93906e-06
525 175 -6.58819e-06
550 175 -5.65633e-06
575 175 -4.97342e-06
600 175 -4.45282e-06
625 175 -4.04509e-06
650 175 -3.71976e-06
675 175 -3.45734e-06
700 175 -3.24537e-06
725 175 -3.07632e-06
750 175 -2.94609e-06
775 175 -2.85274e-06
800 175 -2.79512e-06
825 175 -2.77149e-06
850 175 -2.77827e-06
875 175 -2.80934e-06
900 175 -2.85609e-06
925 175 -2.9082e-06
950 175 -2.95502e-06
975 175 -2.98734e-06
1000 175 -2.99885e-06
1025 175 -2.98734e-06
1050 175 -2.95502e-06
1075 175 -2.9082e-06
1100 175 -2.85609e-06
1125 175 -2.80934e-06
1150 175 -2.77827e-06
1175 175 -2.77149e-06
1200 175 -2.79512e-06
1225 175 -2.85274e-06
1250 175 -2.94609e-06
1275 175 -3.07632e-06
1300 175 -3.24537e-06
1325 175 -3.45734e-06
1350 175 -3.71976e-06
1375 175 -4.04509e-06
1400 175 -4.45282e-06
1425 175 -4.97342e-06
1450 175 -5.65633e-06
1475 175 -6.58819e-06
1500 175 -7.93906e-06
1525 175 -1.007e-05
1550 175 -1.36583e-05
1575 175 -1.93179e-05
1600 175 -2.5502e-05
1625 175 -2.53201e-05
1650 175 -9.14914e-06
1675 175 2.18956e-05
1700 175 4.83369e-05
1725 175 5.11392e-05
1750 175 3.41377e-05
1775 175 1.53066e-05
1800 175 4.71501e-06
1825 175 1.0085e-06
1850 175 1.50787e-07
1875 175 1.58476e-08
1900 175 1.17719e-09
1925 175 6.21651e-11
1950 175 2.34831e-12
1975 175 6.38737e-14
2000 175 1.25952e-15
2025 175 1.81305e-17
2050 175 1.9185e-19
2075 175 1.50263e-21
2100 175 8.77025e-24
2125 175 3.83971e-26
2150 175 1.26903e-28
2175 175 3.18551e-31
2200 175 6.10894e-34
2225 175 9.00024e-37
2250 175 1.02413e-39
2275 175 9.04622e-43
2300 175 6.23266e-46
2325 175 3.36475e-49
2350 175 1.42949e-52
2375 175 4.79877e-56
2400 175 1.27787e-59
2425 175 2.70917e-63
2450 175 4.58869e-67
2475 175 6.22971e-71
2500 175 6.80019e-75
2525 175 5.98582e-79
2550 175 4.26071e-83
2575 175 2.45889e-87
2600 175 1.15338e-91
2625 175 4.40758e-96
2650 175 1.37529e-100
2675 175 3.51125e-105
2700 175 7.34969e-110
2725 175 1.26366e-114
2750 175 1.78779e-119
2775 175 2.08477e-124
2800 175 2.00696e-129
2825 175 1.59738e-134
2850 175 1.05264e-139
2875 175 5.75081e-145
2900 175 2.60796e-150
2925 175 9.82888e-156
2950 175 3.08192e-161
2975 175 8.04832e-167
0 200 0
25 200 1.44331e-12
50 200 4.23833e-11
75 200 8.84544e-10
100 200 1.30199e-08
125 200 1.34087e-07
150 200 9.58454e-07
175 200 4.71501e-06
200 200 1.58023e-05
225 200 3.55416e-05
250 200 5.20652e-05
275 200 4.57228e-05
300 200 1.56214e-05
325 200 -1.46151e-05
350 200 -2.65682e-05
375 200 -2.36037e-05
400 200 -1.68318e-05
425 200 -1.17832e-05
450 200 -8.81731e-06
475 200 -7.05661e-06
500 200 -5.90921e-06
525 200 -5.0992e-06
550 200 -4.49687e-06
575 200 -4.03308e-06
600 200 -3.66687e-06
625 200 -3.37213e-06
650 200 -3.13142e-06
675 200 -2.93266e-06
700 200 -2.76726e-06
725 200 -2.62902e-06
750 200 -2.51343e-06
775 200 -2.41718e-06
800 200 -2.33786e-06
825 200 -2.27357e-06
850 200 -2.22273e-06
875 200 -2.1838e-06
900 200 -2.15521e-06
925 200 -2.13532e-06
950 200 -2.12254e-06
975 200 -2.11549e-06
1000 200 -2.11325e-06
1025 200 -2.11549e-06
1050 200 -2.12254e-06
1075 200 -2.13532e-06
1100 200 -2.15521e-06
1125 200 -2.1838e-06
1150 200 -2.22273e-06
1175 200 -2.27357e-06
1200 200 -2.33786e-06
1225 200 -2.41718e-06
1250 200 -2.51343e-06
1275 200 -2.62902e-06
1300 200 -2.76726e-06
1325 200 -2.93266e-06
1350 200 -3.13142e-06
1375 200 -3.37213e-06
1400 200 -3.66687e-06
1425 200 -4.03308e-06
1450 200 -4.49687e-06
1475 200 -5.0992e-06
1500 200 -5.90921e-06
1525 200 -7.05661e-06
1550 200 -8.81731e-06
1575 200 -1.17832e-05
1600 200 -1.68318e-05
1625 200 -2.36037e-05
1650 200 -2.65682e-05
1675 200 -1.46151e-05
1700 200 1.56214e-05
1725 200 4.57228e-05
1750 200 5.20652e-05
1775 200 3.55416e-05
1800 200 1.58023e-05
1825 200 4.71501e-06
1850 200 9.58454e-07
1875 200 1.34087e-07
1900 200 1.30199e-08
1925 200 8.84544e-10
1950 200 4.23833e-11
1975 200 1.44393e-12
2000 200 3.52616e-14
2025 200 6.22277e-16
2050 200 7.9995e-18
2075 200 7.5498e-20
2100 200 5.27101e-22
2125 200 2.74228e-24
2150 200 1.07062e-26
2175 200 3.15764e-29
2200 200 7.08057e-32
2225 200 1.21444e-34
2250 200 1.60243e-37
2275 200 1.63544e-40
2300 200 1.2977e-43
2325 200 8.04467e-47
2350 200 3.91406e-50
2375 200 1.50112e-53
2400 200 4.55669e-57
2425 200 1.09903e-60
2450 200 2.11388e-64
2475 200 3.25358e-68
2500 200 4.02037e-72
2525 200 4.00065e-76
2550 200 3.21528e-80
2575 200 2.09277e-84
2600 200 1.10603e-88
2625 200 4.75798e-93
2650 200 1.6699e-97
2675 200 4.79208e-102
2700 200 1.12673e-106
2725 200 2.17485e-111
2750 200 3.45263e-116
2775 200 4.51588e-121
2800 200 4.87436e-126
2825 200 4.34862e-131
2850 200 3.21128e-136
2875 200 1.96561e-141
2900 200 9.98561e-147
2925 200 4.2154e-152
2950 200 1.48044e-157
2975 200 4.33013e-163
0 225 0
25 225 2.46755e-11
50 225 5.74098e-10
75 225 9.35593e-09
100 225 1.05803e-07
125 225 8.21648e-07
150 225 4.33267e-06
175 225 1.53066e-05
200 225 3.55416e-05
225 225 5.23193e-05
250 225 4.42119e-05
275 225 1.18358e-05
300 225 -1.76988e-05
325 225 -2.67508e-05
350 225 -2.19496e-05
375 225 -1.50946e-05
400 225 -1.05587e-05
425 225 -7.99251e-06
450 225 -6.45196e-06
475 225 -5.42746e-06
500 225 -4.69437e-06
525 225 -4.1447e-06
550 225 -3.719e-06
575 225 -3.3813e-06
600 225 -3.1084e-06
625 225 -2.88465e-06
650 225 -2.69911e-06
675 225 -2.54391e-06
700 225 -2.41325e-06
725 225 -2.30281e-06
750 225 -2.20927e-06
775 225 -2.1301e-06
800 225 -2.06332e-06
825 225 -2.00738e-06
850 225 -1.96108e-06
875 225 -1.92344e-06
900 225 -1.89369e-06
925 225 -1.8712e-06
950 225 -1.8555e-06
975 225 -1.84622e-06
1000 225 -1.84315e-06
1025 225 -1.84622e-06
1050 225 -1.8555e-06
1075 225 -1.8712e-06
1100 225 -1.89369e-06
1125 225 -1.92344e-06
1150 225 -1.96108e-06
1175 225 -2.00738e-06
1200 225 -2.06332e-06
1225 225 -2.1301e-06
1250 225 -2.20927e-06
1275 225 -2.30281e-06
1300 225 -2.41325e-06
1325 225 -2.54391e-06
1350 225 -2.69911e-06
1375 225 -2.88465e-06
1400 225 -3.1084e-06
1425 225 -3.3813e-06
1450 225 -3.719e-06
1475 225 -4.1447e-06
1500 225 -4.69437e-06
1525 225 -5.42746e-06
1550 225 -6.45196e-06
1575 225 -7.99251e-06
1600 225 -1.05587e-05
1625 225 -1.50946e-05
1650 225 -2.19496e-05
1675 225 -2.67508e-05
1700 225 -1.76988e-05
1725 225 1.18358e-05
1750 225 4.42119e-05
1775 225 5.23193e-05
1800 225 3.55416e-05
1825 225 1.53066e-05
1850 225 4.33267e-06
1875 225 8.21648e-07
1900 225 1.05803e-07
1925 225 9.35593e-09
1950 225 5.74099e-10
1975 225 2.46919e-11
2000 225 7.51685e-13
2025 225 1.63518e-14
2050 225 2.56538e-16
2075 225 2.9286e-18
2100 225 2.45354e-20
2125 225 1.52087e-22
2150 225 7.02939e-25
2175 225 2.4404e-27
2200 225 6.40822e-30
2225 225 1.28115e-32
2250 225 1.96216e-35
2275 225 2.31569e-38
2300 225 2.11749e-41
2325 225 1.50804e-44
2350 225 8.40561e-48
2375 225 3.68375e-51
2400 225 1.27484e-54
2425 225 3.49814e-58
2450 225 7.64022e-62
2475 225 1.33302e-65
2500 225 1.86429e-69
2525 225 2.0967e-73
2550 225 1.90208e-77
2575 225 1.39584e-81
2600 225 8.30875e-86
2625 225 4.02196e-90
2650 225 1.58705e-94
2675 225 5.11663e-99
2700 225 1.35069e-103
2725 225 2.92538e-108
2750 225 5.20838e-113
2775 225 7.6366e-118
2800 225 9.23671e-123
2825 225 9.23109e-128
2850 225 7.63427e-133
2875 225 5.23219e-138
2900 225 2.97567e-143
2925 225 1.40613e-148
2950 225 5.5274e-154
2975 225 1.80951e-159
0 250 0
25 250 3.20211e-10
50 250 5.85557e-09
75 250 7.37696e-08
100 250 6.32896e-07
125 250 3.64683e-06
150 250 1.38834e-05
175 250 3.41377e-05
200 250 5.20652e-05
225 250 4.42119e-05
250 250 1.05793e-05
275 250 -1.90632e-05
300 250 -2.66197e-05
325 250 -2.08046e-05
350 250 -1.39776e-05
375 250 -9.77663e-06
400 250 -7.44636e-06
425 250 -6.03361e-06
450 250 -5.08301e-06
475 250 -4.3981e-06
500 250 -3.88241e-06
525 250 -3.48183e-06
550 250 -3.16328e-06
575 250 -2.90526e-06
600 250 -2.69322e-06
625 250 -2.51694e-06
650 250 -2.36907e-06
675 250 -2.24417e-06
700 250 -2.13814e-06
725 250 -2.04787e-06
750 250 -1.97094e-06
775 250 -1.90545e-06
800 250 -1.8499e-06
825 250 -1.80313e-06
850 250 -1.76418e-06
875 250 -1.73233e-06
900 250 -1.70699e-06
925 250 -1.68772e-06
950 250 -1.67417e-06
975 250 -1.66614e-06
1000 250 -1.66347e-06
1025 250 -1.66614e-06
1050 250 -1.67417e-06
1075 250 -1.68772e-06
1100 250 -1.70699e-06
1125 250 -1.73233e-06
1150 250 -1.76418e-06
1175 250 -1.80313e-06
1200 250 -1.8499e-06
1225 250 -1.90545e-06
1250 250 -1.97094e-06
1275 250 -2.04787e-06
1300 250 -2.13814e-06
1325 250 -2.24417e-06
1350 250 -2.36907e-06
1375 250 -2.51694e-06
1400 250 -2.69322e-06
1425 250 -2.90526e-06
1450 250 -3.16328e-06
1475 250 -3.48183e-06
1500 250 -3.88241e-06
1525 250 -4.3981e-06
1550 250 -5.08301e-06
1575 250 -6.03361e-06
1600 250 -7.44636e-06
1625 250 -9.77663e-06
1650 250 -1.39776e-05
1675 250 -2.08046e-05
1700 250 -2.66197e-05
1725 250 -1.90632e-05
1750 250 1.05793e-05
1775 250 4.42119e-05
1800 250 5.20652e-05
1825 250 3.41377e-05
1850 250 1.38834e-05
1875 250 3.64683e-06
1900 250 6.32896e-07
1925 250 7.37696e-08
1950 250 5.85557e-09
1975 250 3.20541e-10
2000 250 1.22451e-11
2025 250 3.30132e-13
2050 250 6.34896e-15
2075 250 8.79871e-17
2100 250 8.87191e-19
2125 250 6.56821e-21
2150 250 3.60108e-23
2175 250 1.47393e-25
2200 250 4.53814e-28
2225 250 1.05859e-30
2250 250 1.88335e-33
2275 250 2.57167e-36
2300 250 2.71104e-39
2325 250 2.21869e-42
2350 250 1.41694e-45
2375 250 7.0961e-49
2400 250 2.79955e-52
2425 250 8.73835e-56
2450 250 2.16672e-59
2475 250 4.28412e-63
2500 250 6.779e-67
2525 250 8.61354e-71
2550 250 8.81643e-75
2575 250 7.29123e-79
2600 250 4.88579e-83
2625 250 2.65982e-87
2650 250 1.17936e-91
2675 250 4.26921e-96
2700 250 1.26452e-100
2725 250 3.07116e-105
2750 250 6.12829e-110
2775 250 1.00659e-114
2800 250 1.36338e-119
2825 250 1.5253e-124
2850 250 1.41173e-129
2875 250 1.08256e-134
2900 250 6.8875e-140
2925 250 3.64045e-145
2950 250 1.60056e-150
2975 250 5.86022e-156
0 275 0
25 275 3.169e-09
50 275 4.51785e-08
75 275 4.35326e-07
100 275 2.79431e-06
125 275 1.17234e-05
150 275 3.13404e-05
175 275 5.11392e-05
200 275 4.57228e-05
225 275 1.18358e-05
250 275 -1.90632e-05
275 275 -2.65404e-05
300 275 -2.02302e-05
325 275 -1.33579e-05
350 275 -9.31098e-06
375 275 -7.09785e-06
400 275 -5.75115e-06
425 275 -4.84093e-06
450 275 -4.18374e-06
475 275 -3.68839e-06
500 275 -3.30334e-06
525 275 -2.9969e-06
550 275 -2.74849e-06
575 275 -2.54412e-06
600 275 -2.37401e-06
625 275 -2.23105e-06
650 275 -2.11003e-06
675 275 -2.00701e-06
700 275 -1.91897e-06
725 275 -1.84359e-06
750 275 -1.77902e-06
775 275 -1.72381e-06
800 275 -1.67682e-06
825 275 -1.63713e-06
850 275 -1.60398e-06
875 275 -1.57681e-06
900 275 -1.55516e-06
925 275 -1.53865e-06
950 275 -1.52705e-06
975 275 -1.52015e-06
1000 275 -1.51787e-06
1025 275 -1.52015e-06
1050 275 -1.52705e-06
1075 275 -1.53865e-06
1100 275 -1.55516e-06
1125 275 -1.57681e-06
1150 275 -1.60398e-06
1175 275 -1.63713e-06
1200 275 -1.67682e-06
1225 275 -1.72381e-06
1250 275 -1.77902e-06
1275 275 -1.84359e-06
1300 275 -1.91897e-06
1325 275 -2.00701e-06
1350 275 -2.11003e-06
1375 275 -2.23105e-06
1400 275 -2.37401e-06
1425 275 -2.54412e-06
1450 275 -2.74849e-06
1475 275 -2.9969e-06
1500 275 -3.30334e-06
1525 275 -3.68839e-06
1550 275 -4.18374e-06
1575 275 -4.84093e-06
1600 275 -5.75115e-06
1625 275 -7.09785e-06
1650 275 -9.31098e-06
1675 275 -1.33579e-05
1700 275 -2.02302e-05
1725 275 -2.65404e-05
1750 275 -1.90632e-05
1775 275 1.18358e-05
1800 275 4.57228e-05
1825 275 5.11392e-05
1850 275 3.13404e-05
1875 275 1.17234e-05
1900 275 2.79431e-06
1925 275 4.35326e-07
1950 275 4.51786e-08
1975 275 3.17414e-09
2000 275 1.53173e-10
2025 275 5.14517e-12
2050 275 1.21809e-13
2075 275 2.05624e-15
2100 275 2.50212e-17
2125 275 2.21716e-19
2150 275 1.44434e-21
2175 275 6.97881e-24
2200 275 2.52192e-26
2225 275 6.86882e-29
2250 275 1.42027e-31
2275 275 2.24455e-34
2300 275 2.72833e-37
2325 275 2.5659e-40
2350 275 1.87738e-43
2375 275 1.0742e-46
2400 275 4.82989e-50
2425 275 1.7143e-53
2450 275 4.82375e-57
2475 275 1.08036e-60
2500 275 1.93321e-64
2525 275 2.77361e-68
2550 275 3.20124e-72
2575 275 2.98164e-76
2600 275 2.24771e-80
2625 275 1.37525e-84
2650 275 6.84717e-89
2675 275 2.78103e-93
2700 275 9.2358e-98
2725 275 2.51345e-102
2750 275 5.61684e-107
2775 275 1.03273e-111
2800 275 1.56514e-116
2825 275 1.95859e-121
2850 275 2.02707e-126
2875 275 1.73779e-131
2900 275 1.23583e-136
2925 275 7.30043e-142
2950 275 3.58691e-147
2975 275 1.46757e-152
0 300 0
25 300 2.40601e-08
50 300 2.65201e-07
75 300 1.93206e-06
100 300 9.13205e-06
125 300 2.72441e-05
150 300 4.91034e-05
175 300 4.83369e-05
200 300 1.56214e-05
225 300 -1.76988e-05
250 300 -2.66197e-05
275 300 -2.02302e-05
300 300 -1.31597e-05
325 300 -9.09315e-06
350 300 -6.90319e-06
375 300 -5.57583e-06
400 300 -4.68016e-06
425 300 -4.03458e-06
450 300 -3.54874e-06
475 300 -3.17152e-06
500 300 -2.87157e-06
525 300 -2.62852e-06
550 300 -2.42858e-06
575 300 -2.26209e-06
600 300 -2.12208e-06
625 300 -2.0034e-06
650 300 -1.90219e-06
675 300 -1.81547e-06
700 300 -1.74096e-06
725 300 -1.67685e-06
750 300 -1.62172e-06
775 300 -1.57441e-06
800 300 -1.53402e-06
825 300 -1.4998e-06
850 300 -1.47118e-06
875 300 -1.44766e-06
900 300 -1.42889e-06
925 300 -1.41457e-06
950 300 -1.40449e-06
975 300 -1.3985e-06
1000 300 -1.39652e-06
1025 300 -1.3985e-06
1050 300 -1.40449e-06
1075 300 -1.41457e-06
1100 300 -1.42889e-06
1125 300 -1.44766e-06
1150 300 -1.47118e-06
1175 300 -1.4998e-06
1200 300 -1.53402e-06
1225 300 -1.57441e-06
1250 300 -1.62172e-06
1275 300 -1.67685e-06
1300 300 -1.74096e-06
1325 300 -1.81547e-06
1350 300 -1.90219e-06
1375 300 -2.0034e-06
1400 300 -2.12208e-06
1425 300 -2.26209e-06
1450 300 -2.42858e-06
1475 300 -2.62852e-06
1500 300 -2.87157e-06
1525 300 -3.17152e-06
1550 300 -3.54874e-06
1575 300 -4.03458e-06
1600 300 -4.68016e-06
1625 300 -5.57583e-06
1650 300 -6.90319e-06
1675 300 -9.09315e-06
1700 300 -1.31597e-05
1725 300 -2.02302e-05
1750 300 -2.66197e-05
1775 300 -1.76988e-05
1800 300 1.56214e-05
1825 300 4.83369e-05
1850 300 4.91034e-05
1875 300 2.72441e-05
1900 300 9.13205e-06
1925 300 1.93206e-06
1950 300 2.65203e-07
1975 300 2.41223e-08
2000 300 1.48027e-09
2025 300 6.22702e-11
2050 300 1.82203e-12
2075 300 3.75806e-14
2100 300 5.53168e-16
2125 300 5.87736e-18
2150 300 4.55533e-20
2175 300 2.60083e-22
2200 300 1.10381e-24
2225 300 3.51168e-27
2250 300 8.44049e-30
2275 300 1.54385e-32
2300 300 2.16353e-35
2325 300 2.33762e-38
2350 300 1.9588e-41
2375 300 1.27995e-44
2400 300 6.55548e-48
2425 300 2.6443e-51
2450 300 8.43836e-55
2475 300 2.13932e-58
2500 300 4.32589e-62
2525 300 7.00272e-66
2550 300 9.10672e-70
2575 300 9.54509e-74
2600 300 8.08831e-78
2625 300 5.55715e-82
2650 300 3.10417e-86
2675 300 1.41337e-90
2700 300 5.25809e-95
2725 300 1.60197e-99
2750 300 4.00561e-104
2775 300 8.23657e-109
2800 300 1.39546e-113
2825 300 1.95147e-118
2850 300 2.25639e-123
2875 300 2.16057e-128
2900 300 1.71584e-133
2925 300 1.13175e-138
2950 300 6.20827e-144
2975 300 2.83582e-149
0 325 0
25 325 1.41121e-07
50 325 1.19241e-06
75 325 6.48368e-06
100 325 2.2132e-05
125 325 4.54142e-05
150 325 5.11916e-05
175 325 2.18956e-05
200 325 -1.46151e-05
225 325 -2.67508e-05
250 325 -2.08046e-05
275 325 -1.33579e-05
300 325 -9.09315e-06
325 325 -6.84051e-06
350 325 -5.49173e-06
375 325 -4.58813e-06
400 325 -3.94018e-06
425 325 -3.45446e-06
450 325 -3.07845e-06
475 325 -2.78013e-06
500 325 -2.5388e-06
525 325 -2.34051e-06
550 325 -2.17548e-06
575 325 -2.03672e-06
600 325 -1.91905e-06
625 325 -1.81859e-06
650 325 -1.7324e-06
675 325 -1.65815e-06
700 325 -1.59406e-06
725 325 -1.5387e-06
750 325 -1.49092e-06
775 325 -1.44979e-06
800 325 -1.41459e-06
825 325 -1.38471e-06
850 325 -1.35966e-06
875 325 -1.33905e-06
900 325 -1.32257e-06
925 325 -1.30999e-06
950 325 -1.30113e-06
975 325 -1.29586e-06
1000 325 -1.29411e-06
1025 325 -1.29586e-06
1050 325 -1.30113e-06
1075 325 -1.30999e-06
1100 325 -1.32257e-06
1125 325 -1.33905e-06
1150 325 -1.35966e-06
1175 325 -1.38471e-06
1200 325 -1.41459e-06
1225 325 -1.44979e-06
1250 325 -1.49092e-06
1275 325 -1.5387e-06
1300 325 -1.59406e-06
1325 325 -1.65815e-06
1350 325 -1.7324e-06
1375 325 -1.81859e-06
1400 325 -1.91905e-06
1425 325 -2.03672e-06
1450 325 -2.17548e-06
1475 325 -2.34051e-06
1500 325 -2.5388e-06
1525 325 -2.78013e-06
1550 325 -3.07845e-06
1575 325 -3.45446e-06
1600 325 -3.94018e-06
1625 325 -4.58813e-06
1650 325 -5.49173e-06
1675 325 -6.84051e-06
1700 325 -9.09315e-06
1725 325 -1.33579e-05
1750 325 -2.08046e-05
1775 325 -2.67508e-05
1800 325 -1.46151e-05
1825 325 2.18956e-05
1850 325 5.11916e-05
1875 325 4.54142e-05
1900 325 2.2132e-05
1925 325 6.48368e-06
1950 325 1.19243e-06
1975 325 1.4171e-07
2000 325 1.11327e-08
2025 325 5.89415e-10
2050 325 2.13941e-11
2075 325 5.40627e-13
2100 325 9.64515e-15
2125 325 1.23048e-16
2150 325 1.13574e-18
2175 325 7.66641e-21
2200 325 3.82223e-23
2225 325 1.42043e-25
2250 325 3.9679e-28
2275 325 8.39718e-31
2300 325 1.35606e-33
2325 325 1.68233e-36
2350 325 1.61341e-39
2375 325 1.20309e-42
2400 325 7.01336e-46
2425 325 3.21234e-49
2450 325 1.16154e-52
2475 325 3.3303e-56
2500 325 7.60263e-60
2525 325 1.38726e-63
2550 325 2.03069e-67
2575 325 2.39279e-71
2600 325 2.27684e-75
2625 325 1.75482e-79
2650 325 1.0986e-83
2675 325 5.60152e-88
2700 325 2.33199e-92
2725 325 7.94559e-97
2750 325 2.2206e-101
2775 325 5.10119e-106
2800 325 9.65129e-111
2825 325 1.50668e-115
2850 325 1.94419e-120
2875 325 2.0771e-125
2900 325 1.84013e-130
2925 325 1.35379e-135
2950 325 8.28247e-141
2975 325 4.21928e-146
0 350 0
25 350 6.44441e-07
50 350 4.13692e-06
75 350 1.65346e-05
100 350 3.97104e-05
125 350 5.2975e-05
150 350 3.02957e-05
175 350 -9.14914e-06
200 350 -2.65682e-05
225 350 -2.19496e-05
250 350 -1.39776e-05
275 350 -9.31098e-06
300 350 -6.90319e-06
325 350 -5.49173e-06
350 350 -4.55816e-06
375 350 -3.89441e-06
400 350 -3.39993e-06
425 350 -3.01896e-06
450 350 -2.71781e-06
475 350 -2.47488e-06
500 350 -2.27568e-06
525 350 -2.11015e-06
550 350 -1.9711e-06
575 350 -1.85323e-06
600 350 -1.75258e-06
625 350 -1.66615e-06
650 350 -1.59161e-06
675 350 -1.52711e-06
700 350 -1.47121e-06
725 350 -1.42276e-06
750 350 -1.38082e-06
775 350 -1.34463e-06
800 350 -1.31358e-06
825 350 -1.28717e-06
850 350 -1.26499e-06
875 350 -1.24673e-06
900 350 -1.23211e-06
925 350 -1.22093e-06
950 350 -1.21306e-06
975 350 -1.20837e-06
1000 350 -1.20682e-06
1025 350 -1.20837e-06
1050 350 -1.21306e-06
1075 350 -1.22093e-06
1100 350 -1.23211e-06
1125 350 -1.24673e-06
1150 350 -1.26499e-06
1175 350 -1.28717e-06
1200 350 -1.31358e-06
1225 350 -1.34463e-06
1250 350 -1.38082e-06
1275 350 -1.42276e-06
1300 350 -1.47121e-06
1325 350 -1.52711e-06
1350 350 -1.59161e-06
1375 350 -1.66615e-06
1400 350 -1.75258e-06
1425 350 -1.85323e-06
1450 350 -1.9711e-06
1475 350 -2.11015e-06
1500 350 -2.27568e-06
1525 350 -2.47488e-06
1550 350 -2.71781e-06
1575 350 -3.01896e-06
1600 350 -3.39993e-06
1625 350 -3.89441e-06
1650 350 -4.55816e-06
1675 350 -5.49173e-06
1700 350 -6.90319e-06
1725 350 -9.31098e-06
1750 350 -1.39776e-05
1775 350 -2.19496e-05
1800 350 -2.65682e-05
1825 350 -9.14914e-06
1850 350 3.02957e-05
1875 350 5.2975e-05
1900 350 3.97104e-05
1925 350 1.65346e-05
1950 350 4.13712e-06
1975 350 6.4884e-07
2000 350 6.57048e-08
2025 350 4.39942e-09
2050 350 1.98761e-10
2075 350 6.168e-12
2100 350 1.3358e-13
2125 350 2.04812e-15
2150 350 2.25233e-17
2175 350 1.79771e-19
2200 350 1.05273e-21
2225 350 4.56801e-24
2250 350 1.48221e-26
2275 350 3.62668e-29
2300 350 6.74347e-32
2325 350 9.59712e-35
2350 350 1.05235e-37
2375 350 8.94563e-41
2400 350 5.92895e-44
2425 350 3.08014e-47
2450 350 1.26051e-50
2475 350 4.08236e-54
2500 350 1.05087e-57
2525 350 2.15882e-61
2550 350 3.55272e-65
2575 350 4.70033e-69
2600 350 5.01609e-73
2625 350 4.33145e-77
2650 350 3.03537e-81
2675 350 1.73101e-85
2700 350 8.05431e-90
2725 350 3.06523e-94
2750 350 9.56319e-99
2775 350 2.45127e-103
2800 350 5.17268e-108
2825 350 9.00353e-113
2850 350 1.295e-117
2875 350 1.54179e-122
2900 350 1.52187e-127
2925 350 1.24735e-132
2950 350 8.50097e-138
2975 350 4.82395e-143
0 375 0
25 375 2.31001e-06
50 375 1.11574e-05
75 375 3.21438e-05
100 375 5.21529e-05
125 375 3.97461e-05
150 375 -5.17783e-07
175 375 -2.53201e-05
200 375 -2.36037e-05
225 375 -1.50946e-05
250 375 -9.77663e-06
275 375 -7.09785e-06
300 375 -5.57583e-06
325 375 -4.58813e-06
350 375 -3.89441e-06
375 375 -3.38208e-06
400 375 -2.98995e-06
425 375 -2.68155e-06
450 375 -2.43376e-06
475 375 -2.23121e-06
500 375 -2.0633e-06
525 375 -1.92249e-06
550 375 -1.80326e-06
575 375 -1.70152e-06
600 375 -1.61414e-06
625 375 -1.53873e-06
650 375 -1.47339e-06
675 375 -1.41665e-06
700 375 -1.36731e-06
725 375 -1.32441e-06
750 375 -1.28718e-06
775 375 -1.25498e-06
800 375 -1.22731e-06
825 375 -1.20373e-06
850 375 -1.1839e-06
875 375 -1.16754e-06
900 375 -1.15444e-06
925 375 -1.14442e-06
950 375 -1.13735e-06
975 375 -1.13315e-06
1000 375 -1.13175e-06
1025 375 -1.13315e-06
1050 375 -1.13735e-06
1075 375 -1.14442e-06
1100 375 -1.15444e-06
1125 375 -1.16754e-06
1150 375 -1.1839e-06
1175 375 -1.20373e-06
1200 375 -1.22731e-06
1225 375 -1.25498e-06
1250 375 -1.28718e-06
1275 375 -1.32441e-06
1300 375 -1.36731e-06
1325 375 -1.41665e-06
1350 375 -1.47339e-06
1375 375 -1.53873e-06
1400 375 -1.61414e-06
1425 375 -1.70152e-06
1450 375 -1.80326e-06
1475 375 -1.92249e-06
1500 375 -2.0633e-06
1525 375 -2.23121e-06
1550 375 -2.43376e-06
1575 375 -2.68155e-06
1600 375 -2.98995e-06
1625 375 -3.38208e-06
1650 375 -3.89441e-06
1675 375 -4.58813e-06
1700 375 -5.57583e-06
1725 375 -7.09785e-06
1750 375 -9.77663e-06
1775 375 -1.50946e-05
1800 375 -2.36037e-05
1825 375 -2.53201e-05
1850 375 -5.17783e-07
1875 375 3.97461e-05
1900 375 5.21529e-05
1925 375 3.21439e-05
1950 375 1.11588e-05
1975 375 2.33615e-06
2000 375 3.07165e-07
2025 375 2.61338e-08
2050 375 1.47414e-09
2075 375 5.62847e-11
2100 375 1.4813e-12
2125 375 2.73088e-14
2150 375 3.57808e-16
2175 375 3.37562e-18
2200 375 2.32031e-20
2225 375 1.17464e-22
2250 375 4.4228e-25
2275 375 1.24978e-27
2300 375 2.67245e-30
2325 375 4.35741e-33
2350 375 5.45567e-36
2375 375 5.2795e-39
2400 375 3.97265e-42
2425 375 2.33746e-45
2450 375 1.08104e-48
2475 375 3.94898e-52
2500 375 1.14456e-55
2525 375 2.64323e-59
2550 375 4.88309e-63
2575 375 7.2431e-67
2600 375 8.65627e-71
2625 375 8.36234e-75
2650 375 6.54999e-79
2675 375 4.17173e-83
2700 375 2.16634e-87
2725 375 9.19539e-92
2750 375 3.19805e-96
2775 375 9.1337e-101
2800 375 2.1467e-105
2825 375 4.16028e-110
2850 375 6.66061e-115
2875 375 8.82493e-120
2900 375 9.69248e-125
2925 375 8.83818e-130
2950 375 6.7009e-135
2975 375 4.23004e-140
0 400 0
25 400 6.55103e-06
50 400 2.35463e-05
75 400 4.75418e-05
100 400 4.81624e-05
125 400 1.16878e-05
150 400 -2.17261e-05
175 400 -2.5502e-05
200 400 -1.68318e-05
225 400 -1.05587e-05
250 400 -7.44636e-06
275 400 -5.75115e-06
300 400 -4.68016e-06
325 400 -3.94018e-06
350 400 -3.39993e-06
375 400 -2.98995e-06
400 400 -2.66965e-06
425 400 -2.41363e-06
450 400 -2.20523e-06
475 400 -2.03304e-06
500 400 -1.88899e-06
525 400 -1.76726e-06
550 400 -1.66351e-06
575 400 -1.57447e-06
600 400 -1.49763e-06
625 400 -1.43101e-06
650 400 -1.37308e-06
675 400 -1.3226e-06
700 400 -1.27858e-06
725 400 -1.24021e-06
750 400 -1.20683e-06
775 400 -1.17791e-06
800 400 -1.15301e-06
825 400 -1.13176e-06
850 400 -1.11387e-06
875 400 -1.0991e-06
900 400 -1.08726e-06
925 400 -1.07819e-06
950 400 -1.07179e-06
975 400 -1.06799e-06
1000 400 -1.06672e-06
1025 400 -1.06799e-06
1050 400 -1.07179e-06
1075 400 -1.07819e-06
1100 400 -1.08726e-06
1125 400 -1.0991e-06
1150 400 -1.11387e-06
1175 400 -1.13176e-06
1200 400 -1.15301e-06
1225 400 -1.17791e-06
1250 400 -1.20683e-06
1275 400 -1.24021e-06
1300 400 -1.27858e-06
1325 400 -1.3226e-06
1350 400 -1.37308e-06
1375 400 -1.43101e-06
1400 400 -1.49763e-06
1425 400 -1.57447e-06
1450 400 -1.66351e-06
1475 400 -1.76726e-06
1500 400 -1.88899e-06
1525 400 -2.03304e-06
1550 400 -2.20523e-06
1575 400 -2.41363e-06
1600 400 -2.66965e-06
1625 400 -2.98995e-06
1650 400 -3.39993e-06
1675 400 -3.94018e-06
1700 400 -4.68016e-06
1725 400 -5.75115e-06
1750 400 -7.44636e-06
1775 400 -1.05587e-05
