0 0 0
25 0 0
50 0 0
75 0 0
100 0 0
125 0 0
150 0 0
175 0 0
200 0 0
225 0 0
250 0 0
275 0 0
300 0 0
325 0 0
350 0 0
375 0 0
400 0 0
425 0 0
450 0 0
475 0 0
500 0 0
525 0 0
550 0 0
575 0 0
600 0 0
625 0 0
650 0 0
675 0 0
700 0 0
725 0 0
750 0 0
775 0 0
800 0 0
825 0 0
850 0 0
875 0 0
900 0 0
925 0 0
950 0 0
975 0 0
1000 0 0
1025 0 0
1050 0 0
1075 0 0
1100 0 0
1125 0 0
1150 0 0
1175 0 0
1200 0 0
1225 0 0
1250 0 0
1275 0 0
1300 0 0
1325 0 0
1350 0 0
1375 0 0
1400 0 0
1425 0 0
1450 0 0
1475 0 0
1500 0 0
1525 0 0
1550 0 0
1575 0 0
1600 0 0
1625 0 0
1650 0 0
1675 0 0
1700 0 0
1725 0 0
1750 0 0
1775 0 0
1800 0 0
1825 0 0
1850 0 0
1875 0 0
1900 0 0
1925 0 0
1950 0 0
1975 0 0
2000 0 0
2025 0 0
2050 0 0
2075 0 0
2100 0 0
2125 0 0
2150 0 0
2175 0 0
2200 0 0
2225 0 0
2250 0 0
2275 0 0
2300 0 0
2325 0 0
2350 0 0
2375 0 0
2400 0 0
2425 0 0
2450 0 0
2475 0 0
2500 0 0
2525 0 0
2550 0 0
2575 0 0
2600 0 0
2625 0 0
2650 0 0
2675 0 0
2700 0 0
2725 0 0
2750 0 0
2775 0 0
2800 0 0
2825 0 0
2850 0 0
2875 0 0
2900 0 0
2925 0 0
2950 0 0
2975 0 0
0 25 0
25 25 -1.51343e-09
50 25 -3.04143e-09
75 25 -4.5989e-09
100 25 -6.20145e-09
125 25 -7.86576e-09
150 25 -9.61004e-09
175 25 -1.14545e-08
200 25 -1.34221e-08
225 25 -1.55389e-08
250 25 -1.78356e-08
275 25 -2.03478e-08
300 25 -2.31186e-08
325 25 -2.61993e-08
350 25 -2.96529e-08
375 25 -3.35566e-08
400 25 -3.80067e-08
425 25 -4.31248e-08
450 25 -4.90656e-08
475 25 -5.60293e-08
500 25 -6.42783e-08
525 25 -7.41619e-08
550 25 -8.61535e-08
575 25 -1.00907e-07
600 25 -1.19346e-07
625 25 -1.42808e-07
650 25 -1.73289e-07
675 25 -2.1387e-07
700 25 -2.69513e-07
725 25 -3.48629e-07
750 25 -4.66429e-07
775 25 -6.52909e-07
800 25 -9.75201e-07
825 25 -1.6067e-06
850 25 -3.45697e-06
875 25 -8.09988e-06
900 25 -2.54165e-06
925 25 2.36155e-05
950 25 2.85761e-05
975 25 6.55565e-07
1000 25 -1.59254e-05
1025 25 -1.13457e-05
1050 25 -3.94843e-06
1075 25 -8.30293e-07
1100 25 -1.09626e-07
1125 25 -3.38094e-09
1150 25 7.35072e-09
1175 25 8.16116e-09
1200 25 8.25218e-09
1225 25 8.3118e-09
1250 25 8.37738e-09
1275 25 8.45066e-09
1300 25 8.53196e-09
1325 25 8.62157e-09
1350 25 8.71984e-09
1375 25 8.82715e-09
1400 25 8.94391e-09
1425 25 9.0706e-09
1450 25 9.20774e-09
1475 25 9.35589e-09
1500 25 9.5157e-09
1525 25 9.68785e-09
1550 25 9.87313e-09
1575 25 1.00724e-08
1600 25 1.02866e-08
1625 25 1.05167e-08
1650 25 1.0764e-08
1675 25 1.10298e-08
1700 25 1.13153e-08
1725 25 1.16224e-08
1750 25 1.19526e-08
1775 25 1.2308e-08
1800 25 1.26909e-08
1825 25 1.31036e-08
1850 25 1.3549e-08
1875 25 1.40302e-08
1900 25 1.45507e-08
1925 25 1.51146e-08
1950 25 1.57264e-08
1975 25 1.63913e-08
2000 25 1.71151e-08
2025 25 1.79047e-08
2050 25 1.87678e-08
2075 25 1.97135e-08
2100 25 2.07522e-08
2125 25 2.18959e-08
2150 25 2.3159e-08
2175 25 2.45581e-08
2200 25 2.6113e-08
2225 25 2.7847e-08
2250 25 2.97881e-08
2275 25 3.19702e-08
2300 25 3.44339e-08
2325 25 3.72291e-08
2350 25 4.04169e-08
2375 25 4.40733e-08
2400 25 4.82933e-08
2425 25 5.31972e-08
2450 25 5.89388e-08
2475 25 6.57172e-08
2500 25 7.3794e-08
2525 25 8.35178e-08
2550 25 9.53612e-08
2575 25 1.09978e-07
2600 25 1.2829e-07
2625 25 1.51635e-07
2650 25 1.82009e-07
2675 25 2.22491e-07
2700 25 2.78045e-07
2725 25 3.5708e-07
2750 25 4.74806e-07
2775 25 6.6122e-07
2800 25 9.83449e-07
2825 25 1.61476e-06
2850 25 3.4627e-06
2875 25 8.07762e-06
2900 25 2.2795e-06
2925 25 -2.52518e-05
2950 25 -3.50167e-05
2975 25 -1.51484e-05
0 50 0
25 50 -3.04143e-09
50 50 -6.11223e-09
75 50 -9.24246e-09
100 50 -1.24636e-08
125 50 -1.58093e-08
150 50 -1.93163e-08
175 50 -2.30255e-08
200 50 -2.69831e-08
225 50 -3.1242e-08
250 50 -3.58639e-08
275 50 -4.09214e-08
300 50 -4.65012e-08
325 50 -5.27078e-08
350 50 -5.96684e-08
375 50 -6.75401e-08
400 50 -7.65187e-08
425 50 -8.68511e-08
450 50 -9.88529e-08
475 50 -1.12932e-07
500 50 -1.29625e-07
525 50 -1.49648e-07
550 50 -1.7397e-07
575 50 -2.03939e-07
600 50 -2.41461e-07
625 50 -2.8931e-07
650 50 -3.51642e-07
675 50 -4.34922e-07
700 50 -5.49647e-07
725 50 -7.13819e-07
750 50 -9.6057e-07
775 50 -1.35698e-06
800 50 -2.05889e-06
825 50 -3.57343e-06
850 50 -8.0861e-06
875 50 -1.3486e-05
900 50 2.41506e-06
925 50 4.15051e-05
950 50 4.69726e-05
975 50 4.18261e-06
1000 50 -2.63582e-05
1025 50 -2.20237e-05
1050 50 -8.8457e-06
1075 50 -2.14111e-06
1100 50 -3.30313e-07
1125 50 -2.22808e-08
1150 50 1.32796e-08
1175 50 1.62592e-08
1200 50 1.65327e-08
1225 50 1.66568e-08
1250 50 1.67885e-08
1275 50 1.69355e-08
1300 50 1.70986e-08
1325 50 1.72784e-08
1350 50 1.74756e-08
1375 50 1.76909e-08
1400 50 1.79252e-08
1425 50 1.81794e-08
1450 50 1.84546e-08
1475 50 1.87519e-08
1500 50 1.90725e-08
1525 50 1.9418e-08
1550 50 1.97899e-08
1575 50 2.01898e-08
1600 50 2.06196e-08
1625 50 2.10816e-08
1650 50 2.1578e-08
1675 50 2.21114e-08
1700 50 2.26846e-08
1725 50 2.3301e-08
1750 50 2.3964e-08
1775 50 2.46776e-08
1800 50 2.54463e-08
1825 50 2.62751e-08
1850 50 2.71696e-08
1875 50 2.81361e-08
1900 50 2.91816e-08
1925 50 3.03144e-08
1950 50 3.15435e-08
1975 50 3.28793e-08
2000 50 3.43339e-08
2025 50 3.59208e-08
2050 50 3.76557e-08
2075 50 3.95568e-08
2100 50 4.16452e-08
2125 50 4.39454e-08
2150 50 4.64859e-08
2175 50 4.93007e-08
2200 50 5.24294e-08
2225 50 5.59196e-08
2250 50 5.98279e-08
2275 50 6.42224e-08
2300 50 6.91859e-08
2325 50 7.48191e-08
2350 50 8.12463e-08
2375 50 8.86217e-08
2400 50 9.71383e-08
2425 50 1.07041e-07
2450 50 1.18643e-07
2475 50 1.3235e-07
2500 50 1.48698e-07
2525 50 1.684e-07
2550 50 1.92425e-07
2575 50 2.22119e-07
2600 50 2.59387e-07
2625 50 3.07001e-07
2650 50 3.69118e-07
2675 50 4.52201e-07
2700 50 5.66746e-07
2725 50 7.30755e-07
2750 50 9.77358e-07
2775 50 1.37363e-06
2800 50 2.0754e-06
2825 50 3.58929e-06
2850 50 8.09367e-06
2875 50 1.34055e-05
2900 50 -3.15309e-06
2925 50 -4.54936e-05
2950 50 -6.06053e-05
2975 50 -3.06856e-05
0 75 0
25 75 -4.5989e-09
50 75 -9.24246e-09
75 75 -1.39764e-08
100 75 -1.88486e-08
125 75 -2.39103e-08
150 75 -2.92175e-08
175 75 -3.48324e-08
200 75 -4.08255e-08
225 75 -4.72776e-08
250 75 -5.4283e-08
275 75 -6.19528e-08
300 75 -7.04196e-08
325 75 -7.98436e-08
350 75 -9.04204e-08
375 75 -1.02392e-07
400 75 -1.16059e-07
425 75 -1.31803e-07
450 75 -1.50112e-07
475 75 -1.71619e-07
500 75 -1.97158e-07
525 75 -2.27846e-07
550 75 -2.65203e-07
575 75 -3.11348e-07
600 75 -3.69298e-07
625 75 -4.43472e-07
650 75 -5.40556e-07
675 75 -6.71056e-07
700 75 -8.52291e-07
725 75 -1.11459e-06
750 75 -1.51546e-06
775 75 -2.17753e-06
800 75 -3.41347e-06
825 75 -6.58196e-06
850 75 -1.35529e-05
875 75 -1.21021e-05
900 75 1.58227e-05
925 75 4.97793e-05
950 75 5.09314e-05
975 75 1.08044e-05
1000 75 -2.79073e-05
1025 75 -3.06677e-05
1050 75 -1.51793e-05
1075 75 -4.4229e-06
1100 75 -8.19073e-07
1125 75 -8.47989e-08
1150 75 1.4582e-08
1175 75 2.40714e-08
1200 75 2.48606e-08
1225 75 2.5068e-08
1250 75 2.52674e-08
1275 75 2.54892e-08
1300 75 2.57351e-08
1325 75 2.60062e-08
1350 75 2.63036e-08
1375 75 2.66283e-08
1400 75 2.69816e-08
1425 75 2.7365e-08
1450 75 2.778e-08
1475 75 2.82285e-08
1500 75 2.87122e-08
1525 75 2.92333e-08
1550 75 2.97943e-08
1575 75 3.03976e-08
1600 75 3.10462e-08
1625 75 3.17433e-08
1650 75 3.24924e-08
1675 75 3.32973e-08
1700 75 3.41626e-08
1725 75 3.5093e-08
1750 75 3.60938e-08
1775 75 3.71713e-08
1800 75 3.8332e-08
1825 75 3.95836e-08
1850 75 4.09346e-08
1875 75 4.23945e-08
1900 75 4.39741e-08
1925 75 4.56858e-08
1950 75 4.75433e-08
1975 75 4.95626e-08
2000 75 5.17618e-08
2025 75 5.41615e-08
2050 75 5.67858e-08
2075 75 5.96622e-08
2100 75 6.28227e-08
2125 75 6.63048e-08
2150 75 7.01521e-08
2175 75 7.4416e-08
2200 75 7.91575e-08
2225 75 8.44489e-08
2250 75 9.03768e-08
2275 75 9.70457e-08
2300 75 1.04582e-07
2325 75 1.13141e-07
2350 75 1.22913e-07
2375 75 1.34135e-07
2400 75 1.47105e-07
2425 75 1.622e-07
2450 75 1.79906e-07
2475 75 2.00852e-07
2500 75 2.25871e-07
2525 75 2.56074e-07
2550 75 2.92983e-07
2575 75 3.38713e-07
2600 75 3.96279e-07
2625 75 4.70101e-07
2650 75 5.6686e-07
2675 75 6.97062e-07
2700 75 8.78027e-07
2725 75 1.14008e-06
2750 75 1.54072e-06
2775 75 2.2026e-06
2800 75 3.43825e-06
2825 75 6.60465e-06
2850 75 1.35504e-05
2875 75 1.18681e-05
2900 75 -1.75194e-05
2925 75 -5.74441e-05
2950 75 -7.25291e-05
2975 75 -4.4348e-05
0 100 0
25 100 -6.20145e-09
50 100 -1.24636e-08
75 100 -1.88486e-08
100 100 -2.54216e-08
125 100 -3.22523e-08
150 100 -3.9417e-08
175 100 -4.70005e-08
200 100 -5.5099e-08
225 100 -6.3823e-08
250 100 -7.33015e-08
275 100 -8.36868e-08
300 100 -9.5161e-08
325 100 -1.07944e-07
350 100 -1.22307e-07
375 100 -1.38581e-07
400 100 -1.57185e-07
425 100 -1.78648e-07
450 100 -2.0365e-07
475 100 -2.33076e-07
500 100 -2.68094e-07
525 100 -3.1028e-07
550 100 -3.6179e-07
575 100 -4.25647e-07
600 100 -5.06194e-07
625 100 -6.09854e-07
650 100 -7.46466e-07
675 100 -9.31751e-07
700 100 -1.1922e-06
725 100 -1.57568e-06
750 100 -2.17743e-06
775 100 -3.21535e-06
800 100 -5.43906e-06
825 100 -1.12269e-05
850 100 -1.65185e-05
875 100 -1.17009e-06
900 100 3.12937e-05
925 100 4.78995e-05
950 100 4.34397e-05
975 100 1.79056e-05
1000 100 -2.05824e-05
1025 100 -3.52344e-05
1050 100 -2.25941e-05
1075 100 -8.10462e-06
1100 100 -1.81079e-06
1125 100 -2.47045e-07
1150 100 3.30901e-09
1175 100 3.0881e-08
1200 100 3.32203e-08
1225 100 3.35776e-08
1250 100 3.3849e-08
1275 100 3.41469e-08
1300 100 3.44773e-08
1325 100 3.48415e-08
1350 100 3.52409e-08
1375 100 3.56771e-08
1400 100 3.61518e-08
1425 100 3.6667e-08
1450 100 3.72246e-08
1475 100 3.78272e-08
1500 100 3.84772e-08
1525 100 3.91777e-08
1550 100 3.99316e-08
1575 100 4.07426e-08
1600 100 4.16146e-08
1625 100 4.25518e-08
1650 100 4.3559e-08
1675 100 4.46416e-08
1700 100 4.58053e-08
1725 100 4.70568e-08
1750 100 4.84033e-08
1775 100 4.98531e-08
1800 100 5.14152e-08
1825 100 5.30999e-08
1850 100 5.49187e-08
1875 100 5.68845e-08
1900 100 5.90121e-08
1925 100 6.1318e-08
1950 100 6.3821e-08
1975 100 6.65428e-08
2000 100 6.95078e-08
2025 100 7.27442e-08
2050 100 7.62846e-08
2075 100 8.01666e-08
2100 100 8.44337e-08
2125 100 8.91368e-08
2150 100 9.43357e-08
2175 100 1.001e-07
2200 100 1.06514e-07
2225 100 1.13676e-07
2250 100 1.21705e-07
2275 100 1.30744e-07
2300 100 1.40966e-07
2325 100 1.52586e-07
2350 100 1.65866e-07
2375 100 1.81133e-07
2400 100 1.988e-07
2425 100 2.19391e-07
2450 100 2.43582e-07
2475 100 2.72253e-07
2500 100 3.06571e-07
2525 100 3.48107e-07
2550 100 3.99014e-07
2575 100 4.62314e-07
2600 100 5.42346e-07
2625 100 6.45531e-07
2650 100 7.81707e-07
2675 100 9.66593e-07
2700 100 1.22668e-06
2725 100 1.60983e-06
2750 100 2.21128e-06
2775 100 3.24892e-06
2800 100 5.47199e-06
2825 100 1.12535e-05
2850 100 1.64756e-05
2875 100 5.80581e-07
2900 100 -3.47738e-05
2925 100 -6.08754e-05
2950 100 -7.26744e-05
2975 100 -5.16077e-05
0 125 0
25 125 -7.86576e-09
50 125 -1.58093e-08
75 125 -2.39103e-08
100 125 -3.22523e-08
125 125 -4.09248e-08
150 125 -5.00258e-08
175 125 -5.96645e-08
200 125 -6.99648e-08
225 125 -8.10693e-08
250 125 -9.31449e-08
275 125 -1.06389e-07
300 125 -1.21037e-07
325 125 -1.37378e-07
350 125 -1.55761e-07
375 125 -1.76624e-07
400 125 -2.00515e-07
425 125 -2.2813e-07
450 125 -2.6037e-07
475 125 -2.98409e-07
500 125 -3.43812e-07
525 125 -3.98693e-07
550 125 -4.65976e-07
575 125 -5.49791e-07
600 125 -6.56139e-07
625 125 -7.94015e-07
650 125 -9.77434e-07
675 125 -1.22931e-06
700 125 -1.58944e-06
725 125 -2.13305e-06
750 125 -3.02063e-06
775 125 -4.69425e-06
800 125 -8.89912e-06
825 125 -1.6207e-05
850 125 -1.17379e-05
875 125 1.65038e-05
900 125 4.05202e-05
925 125 3.88314e-05
950 125 3.12256e-05
975 125 2.22523e-05
1000 125 -7.65517e-06
1025 125 -3.38991e-05
1050 125 -2.97541e-05
1075 125 -1.33695e-05
1100 125 -3.61512e-06
1125 125 -6.11251e-07
1150 125 -3.85316e-08
1175 125 3.47085e-08
1200 125 4.14934e-08
1225 125 4.22126e-08
1250 125 4.25688e-08
1275 125 4.29453e-08
1300 125 4.33622e-08
1325 125 4.38219e-08
1350 125 4.4326e-08
1375 125 4.48766e-08
1400 125 4.54758e-08
1425 125 4.61261e-08
1450 125 4.68302e-08
1475 125 4.7591e-08
1500 125 4.84119e-08
1525 125 4.92964e-08
1550 125 5.02487e-08
1575 125 5.12732e-08
1600 125 5.23748e-08
1625 125 5.35589e-08
1650 125 5.48318e-08
1675 125 5.62e-08
1700 125 5.76711e-08
1725 125 5.92534e-08
1750 125 6.09562e-08
1775 125 6.27899e-08
1800 125 6.47662e-08
1825 125 6.6898e-08
1850 125 6.92001e-08
1875 125 7.16889e-08
1900 125 7.43833e-08
1925 125 7.73043e-08
1950 125 8.04762e-08
1975 125 8.39264e-08
2000 125 8.76863e-08
2025 125 9.17921e-08
2050 125 9.62855e-08
2075 125 1.01215e-07
2100 125 1.06636e-07
2125 125 1.12614e-07
2150 125 1.19226e-07
2175 125 1.26562e-07
2200 125 1.34731e-07
2225 125 1.43859e-07
2250 125 1.54101e-07
2275 125 1.65642e-07
2300 125 1.78709e-07
2325 125 1.93578e-07
2350 125 2.10593e-07
2375 125 2.30183e-07
2400 125 2.5289e-07
2425 125 2.79404e-07
2450 125 3.10619e-07
2475 125 3.47706e-07
2500 125 3.92224e-07
2525 125 4.46284e-07
2550 125 5.12806e-07
2575 125 5.95917e-07
2600 125 7.01615e-07
2625 125 8.38891e-07
2650 125 1.02176e-06
2675 125 1.27313e-06
2700 125 1.63281e-06
2725 125 2.176e-06
2750 125 3.0632e-06
2775 125 4.73641e-06
2800 125 8.93967e-06
2825 125 1.62294e-05
2850 125 1.1586e-05
2875 125 -1.78257e-05
2900 125 -4.69708e-05
2925 125 -5.85095e-05
2950 125 -6.5747e-05
2975 125 -4.89063e-05
0 150 0
25 150 -9.61004e-09
50 150 -1.93163e-08
75 150 -2.92175e-08
100 150 -3.9417e-08
125 150 -5.00258e-08
150 150 -6.11656e-08
175 150 -7.29722e-08
200 150 -8.56e-08
225 150 -9.92271e-08
250 150 -1.14062e-07
275 150 -1.30353e-07
300 150 -1.48396e-07
325 150 -1.68554e-07
350 150 -1.91271e-07
375 150 -2.17102e-07
400 150 -2.46746e-07
425 150 -2.81096e-07
450 150 -3.21309e-07
475 150 -3.68907e-07
500 150 -4.2593e-07
525 150 -4.95158e-07
550 150 -5.80468e-07
575 150 -6.87404e-07
600 150 -8.24132e-07
625 150 -1.00311e-06
650 150 -1.24418e-06
675 150 -1.5808e-06
700 150 -2.07358e-06
725 150 -2.8447e-06
750 150 -4.18744e-06
775 150 -7.19194e-06
800 150 -1.39667e-05
825 150 -1.68274e-05
850 150 2.89113e-06
875 150 3.26439e-05
900 150 3.96757e-05
925 150 2.72855e-05
950 150 2.00936e-05
975 150 2.23797e-05
1000 150 5.96855e-06
1025 150 -2.62617e-05
1050 150 -3.46318e-05
1075 150 -1.9914e-05
1100 150 -6.55438e-06
1125 150 -1.34066e-06
1150 150 -1.47364e-07
1175 150 3.07112e-08
1200 150 4.92823e-08
1225 150 5.09832e-08
1250 150 5.14633e-08
1275 150 5.19224e-08
1300 150 5.24287e-08
1325 150 5.29868e-08
1350 150 5.35989e-08
1375 150 5.42676e-08
1400 150 5.49954e-08
1425 150 5.57852e-08
1450 150 5.66405e-08
1475 150 5.75649e-08
1500 150 5.85623e-08
1525 150 5.96372e-08
1550 150 6.07946e-08
1575 150 6.20399e-08
1600 150 6.33792e-08
1625 150 6.48191e-08
1650 150 6.63671e-08
1675 150 6.80314e-08
1700 150 6.98213e-08
1725 150 7.17469e-08
1750 150 7.38196e-08
1775 150 7.60522e-08
1800 150 7.8459e-08
1825 150 8.1056e-08
1850 150 8.38613e-08
1875 150 8.68952e-08
1900 150 9.01807e-08
1925 150 9.3744e-08
1950 150 9.76148e-08
1975 150 1.01827e-07
2000 150 1.0642e-07
2025 150 1.11437e-07
2050 150 1.16931e-07
2075 150 1.22961e-07
2100 150 1.29598e-07
2125 150 1.36921e-07
2150 150 1.45027e-07
2175 150 1.54028e-07
2200 150 1.64059e-07
2225 150 1.75279e-07
2250 150 1.87882e-07
2275 150 2.02099e-07
2300 150 2.18217e-07
2325 150 2.36585e-07
2350 150 2.57638e-07
2375 150 2.81921e-07
2400 150 3.10125e-07
2425 150 3.43136e-07
2450 150 3.82103e-07
2475 150 4.28545e-07
2500 150 4.84492e-07
2525 150 5.52723e-07
2550 150 6.37108e-07
2575 150 7.4319e-07
2600 150 8.79127e-07
2625 150 1.05737e-06
2650 150 1.29778e-06
2675 150 1.63379e-06
2700 150 2.12601e-06
2725 150 2.89662e-06
2750 150 4.23889e-06
2775 150 7.24275e-06
2800 150 1.40132e-05
2825 150 1.68262e-05
2850 150 -3.29172e-06
2875 150 -3.532e-05
2900 150 -5.05246e-05
2925 150 -5.40749e-05
2950 150 -5.54185e-05
2975 150 -3.6667e-05
0 175 0
25 175 -1.14545e-08
50 175 -2.30255e-08
75 175 -3.48324e-08
100 175 -4.70005e-08
125 175 -5.96645e-08
150 175 -7.29722e-08
175 175 -8.70891e-08
200 175 -1.02203e-07
225 175 -1.18533e-07
250 175 -1.36334e-07
275 175 -1.55911e-07
300 175 -1.77631e-07
325 175 -2.01941e-07
350 175 -2.29396e-07
375 175 -2.60687e-07
400 175 -2.96692e-07
425 175 -3.38538e-07
450 175 -3.87694e-07
475 175 -4.46108e-07
500 175 -5.16409e-07
525 175 -6.02219e-07
550 175 -7.08649e-07
575 175 -8.4311e-07
600 175 -1.01671e-06
625 175 -1.24679e-06
650 175 -1.56178e-06
675 175 -2.01156e-06
700 175 -2.69199e-06
725 175 -3.8152e-06
750 175 -6.05278e-06
775 175 -1.14726e-05
800 175 -1.78635e-05
825 175 -7.7409e-06
850 175 2.20631e-05
875 175 3.94614e-05
900 175 3.1204e-05
925 175 1.7205e-05
950 175 1.25805e-05
975 175 1.91904e-05
1000 175 1.6035e-05
1025 175 -1.39769e-05
1050 175 -3.52441e-05
1075 175 -2.67914e-05
1100 175 -1.0833e-05
1125 175 -2.65877e-06
1150 175 -3.88919e-07
1175 175 8.25645e-09
1200 175 5.55142e-08
1225 175 5.98486e-08
1250 175 6.05678e-08
1275 175 6.11182e-08
1300 175 6.17174e-08
1325 175 6.23777e-08
1350 175 6.3102e-08
1375 175 6.38932e-08
1400 175 6.47546e-08
1425 175 6.56895e-08
1450 175 6.67019e-08
1475 175 6.77963e-08
1500 175 6.89773e-08
1525 175 7.02503e-08
1550 175 7.16212e-08
1575 175 7.30965e-08
1600 175 7.46835e-08
1625 175 7.639e-08
1650 175 7.82251e-08
1675 175 8.01985e-08
1700 175 8.23212e-08
1725 175 8.46055e-08
1750 175 8.70651e-08
1775 175 8.97152e-08
1800 175 9.2573e-08
1825 175 9.56576e-08
1850 175 9.89909e-08
1875 175 1.02597e-07
1900 175 1.06504e-07
1925 175 1.10744e-07
1950 175 1.15351e-07
1975 175 1.20367e-07
2000 175 1.25839e-07
2025 175 1.31822e-07
2050 175 1.38376e-07
2075 175 1.45576e-07
2100 175 1.53505e-07
2125 175 1.62262e-07
2150 175 1.71963e-07
2175 175 1.82747e-07
2200 175 1.94776e-07
2225 175 2.08248e-07
2250 175 2.23399e-07
2275 175 2.40517e-07
2300 175 2.59952e-07
2325 175 2.8214e-07
2350 175 3.07621e-07
2375 175 3.37077e-07
2400 175 3.71376e-07
2425 175 4.11634e-07
2450 175 4.59315e-07
2475 175 5.16358e-07
2500 175 5.85386e-07
2525 175 6.70015e-07
2550 175 7.75351e-07
2575 175 9.08799e-07
2600 175 1.08147e-06
2625 175 1.31068e-06
2650 175 1.62489e-06
2675 175 2.07394e-06
2700 175 2.75371e-06
2725 175 3.87632e-06
2750 175 6.11332e-06
2775 175 1.15319e-05
2800 175 1.79113e-05
2825 175 7.6733e-06
2850 175 -2.29692e-05
2875 175 -4.43953e-05
2900 175 -4.78e-05
2925 175 -4.98749e-05
2950 175 -4.30607e-05
2975 175 -1.94076e-05
0 200 0
25 200 -1.34221e-08
50 200 -2.69831e-08
75 200 -4.08255e-08
100 200 -5.5099e-08
125 200 -6.99648e-08
150 200 -8.56e-08
175 200 -1.02203e-07
200 200 -1.20002e-07
225 200 -1.39259e-07
250 200 -1.60284e-07
275 200 -1.83448e-07
300 200 -2.09199e-07
325 200 -2.38086e-07
350 200 -2.70792e-07
375 200 -3.08172e-07
400 200 -3.51321e-07
425 200 -4.0165e-07
450 200 -4.61016e-07
475 200 -5.31901e-07
500 200 -6.1769e-07
525 200 -7.23101e-07
550 200 -8.5489e-07
575 200 -1.02303e-06
600 200 -1.24279e-06
625 200 -1.53871e-06
650 200 -1.9526e-06
675 200 -2.56181e-06
700 200 -3.52799e-06
725 200 -5.29053e-06
750 200 -9.41551e-06
775 200 -1.66303e-05
800 200 -1.4494e-05
825 200 1.05268e-05
850 200 3.58988e-05
875 200 3.54766e-05
900 200 2.05483e-05
925 200 1.03324e-05
950 200 8.46045e-06
975 200 1.47807e-05
1000 200 2.0605e-05
1025 200 -2.76994e-07
1050 200 -3.05568e-05
1075 200 -3.2496e-05
1100 200 -1.63669e-05
1125 200 -4.8176e-06
1150 200 -8.68435e-07
1175 200 -5.37002e-08
1200 200 5.76411e-08
1225 200 6.86367e-08
1250 200 6.99122e-08
1275 200 7.05749e-08
1300 200 7.12718e-08
1325 200 7.20388e-08
1350 200 7.28803e-08
1375 200 7.37996e-08
1400 200 7.48005e-08
1425 200 7.5887e-08
1450 200 7.70639e-08
1475 200 7.83361e-08
1500 200 7.97093e-08
1525 200 8.11897e-08
1550 200 8.27843e-08
1575 200 8.45007e-08
1600 200 8.63473e-08
1625 200 8.83337e-08
1650 200 9.04701e-08
1675 200 9.27682e-08
1700 200 9.5241e-08
1725 200 9.79029e-08
1750 200 1.0077e-07
1775 200 1.0386e-07
1800 200 1.07194e-07
1825 200 1.10793e-07
1850 200 1.14685e-07
1875 200 1.18897e-07
1900 200 1.23463e-07
1925 200 1.28419e-07
1950 200 1.33809e-07
1975 200 1.39681e-07
2000 200 1.46091e-07
2025 200 1.53103e-07
2050 200 1.60792e-07
2075 200 1.69245e-07
2100 200 1.78562e-07
2125 200 1.88862e-07
2150 200 2.00285e-07
2175 200 2.12997e-07
2200 200 2.27195e-07
2225 200 2.43119e-07
2250 200 2.61054e-07
2275 200 2.81351e-07
2300 200 3.0444e-07
2325 200 3.30855e-07
2350 200 3.61262e-07
2375 200 3.96506e-07
2400 200 4.37668e-07
2425 200 4.8615e-07
2450 200 5.438e-07
2475 200 6.13091e-07
2500 200 6.97399e-07
2525 200 8.01437e-07
2550 200 9.31954e-07
2575 200 1.09891e-06
2600 200 1.31759e-06
2625 200 1.61251e-06
2650 200 2.02548e-06
2675 200 2.63385e-06
2700 200 3.59926e-06
2725 200 5.3611e-06
2750 200 9.48533e-06
2775 200 1.66974e-05
2800 200 1.45325e-05
2825 200 -1.07465e-05
2850 200 -3.77345e-05
2875 200 -4.3807e-05
2900 200 -4.36716e-05
2925 200 -4.57973e-05
2950 200 -2.90062e-05
2975 200 -3.08412e-06
0 225 0
25 225 -1.55389e-08
50 225 -3.1242e-08
75 225 -4.72776e-08
100 225 -6.3823e-08
125 225 -8.10693e-08
150 225 -9.92271e-08
175 225 -1.18533e-07
200 225 -1.39259e-07
225 225 -1.61719e-07
250 225 -1.86289e-07
275 225 -2.13415e-07
300 225 -2.43641e-07
325 225 -2.77638e-07
350 225 -3.16243e-07
375 225 -3.60513e-07
400 225 -4.11808e-07
425 225 -4.71897e-07
450 225 -5.43127e-07
475 225 -6.2867e-07
500 225 -7.329e-07
525 225 -8.62011e-07
550 225 -1.02502e-06
575 225 -1.23554e-06
600 225 -1.51502e-06
625 225 -1.89913e-06
650 225 -2.45189e-06
675 225 -3.30101e-06
700 225 -4.75723e-06
725 225 -7.90998e-06
750 225 -1.4557e-05
775 225 -1.76974e-05
800 225 1.58255e-08
825 225 2.91964e-05
850 225 3.80641e-05
875 225 2.53661e-05
900 225 1.19255e-05
925 225 6.46999e-06
950 225 6.43432e-06
975 225 1.0907e-05
1000 225 2.02662e-05
1025 225 1.13725e-05
1050 225 -2.10863e-05
1075 225 -3.53525e-05
1100 225 -2.26439e-05
1125 225 -8.0262e-06
1150 225 -1.73395e-06
1175 225 -1.92744e-07
1200 225 5.02126e-08
1225 225 7.68681e-08
1250 225 7.95067e-08
1275 225 8.03367e-08
1300 225 8.11385e-08
1325 225 8.20177e-08
1350 225 8.29823e-08
1375 225 8.40362e-08
1400 225 8.51837e-08
1425 225 8.64297e-08
1450 225 8.77795e-08
1475 225 8.92389e-08
1500 225 9.08145e-08
1525 225 9.25135e-08
1550 225 9.43439e-08
1575 225 9.63145e-08
1600 225 9.84353e-08
1625 225 1.00717e-07
1650 225 1.03172e-07
1675 225 1.05814e-07
1700 225 1.08657e-07
1725 225 1.11719e-07
1750 225 1.15018e-07
1775 225 1.18575e-07
1800 225 1.22414e-07
1825 225 1.26562e-07
1850 225 1.31048e-07
1875 225 1.35906e-07
1900 225 1.41175e-07
1925 225 1.46899e-07
1950 225 1.53127e-07
1975 225 1.59917e-07
2000 225 1.67335e-07
2025 225 1.75456e-07
2050 225 1.84369e-07
2075 225 1.94177e-07
2100 225 2.04998e-07
2125 225 2.16976e-07
2150 225 2.30275e-07
2175 225 2.45095e-07
2200 225 2.61673e-07
2225 225 2.80295e-07
2250 225 3.01307e-07
2275 225 3.25133e-07
2300 225 3.52298e-07
2325 225 3.83452e-07
2350 225 4.19415e-07
2375 225 4.6123e-07
2400 225 5.10243e-07
2425 225 5.68211e-07
2450 225 6.37471e-07
2475 225 7.21183e-07
2500 225 8.23715e-07
2525 225 9.5125e-07
2550 225 1.1128e-06
2575 225 1.32197e-06
2600 225 1.6002e-06
2625 225 1.98317e-06
2650 225 2.53487e-06
2675 225 3.38303e-06
2700 225 4.83837e-06
2725 225 7.9903e-06
2750 225 1.46363e-05
2775 225 1.77702e-05
2800 225 -1.00181e-08
2825 225 -2.97243e-05
2850 225 -4.14583e-05
2875 225 -3.82967e-05
2900 225 -4.12722e-05
2925 225 -4.02627e-05
2950 225 -1.41928e-05
2975 225 8.02856e-06
0 250 0
25 250 -1.78356e-08
50 250 -3.58639e-08
75 250 -5.4283e-08
100 250 -7.33015e-08
125 250 -9.31449e-08
150 250 -1.14062e-07
175 250 -1.36334e-07
200 250 -1.60284e-07
225 250 -1.86289e-07
250 250 -2.14797e-07
275 250 -2.46349e-07
300 250 -2.81604e-07
325 250 -3.2138e-07
350 250 -3.66704e-07
375 250 -4.18884e-07
400 250 -4.79613e-07
425 250 -5.51117e-07
450 250 -6.36381e-07
475 250 -7.39485e-07
500 250 -8.66145e-07
525 250 -1.02459e-06
550 250 -1.22708e-06
575 250 -1.4926e-06
600 250 -1.85214e-06
625 250 -2.35982e-06
650 250 -3.11965e-06
675 250 -4.36613e-06
700 250 -6.85228e-06
725 250 -1.24734e-05
750 250 -1.83597e-05
775 250 -8.19241e-06
800 250 2.05636e-05
825 250 3.80674e-05
850 250 3.03064e-05
875 250 1.51187e-05
900 250 6.65929e-06
925 250 4.58744e-06
950 250 5.37842e-06
975 250 8.2679e-06
1000 250 1.70859e-05
1025 250 1.86695e-05
1050 250 -8.83156e-06
1075 250 -3.40991e-05
1100 250 -2.8707e-05
1125 250 -1.23479e-05
1150 250 -3.16463e-06
1175 250 -4.69357e-07
1200 250 2.26362e-08
1225 250 8.34143e-08
1250 250 8.93118e-08
1275 250 9.04487e-08
1300 250 9.13679e-08
1325 250 9.23659e-08
1350 250 9.34604e-08
1375 250 9.46566e-08
1400 250 9.59592e-08
1425 250 9.73739e-08
1450 250 9.89067e-08
1475 250 1.00564e-07
1500 250 1.02354e-07
1525 250 1.04285e-07
1550 250 1.06365e-07
1575 250 1.08606e-07
1600 250 1.11018e-07
1625 250 1.13614e-07
1650 250 1.16408e-07
1675 250 1.19415e-07
1700 250 1.22653e-07
1725 250 1.26142e-07
1750 250 1.29902e-07
1775 250 1.33959e-07
1800 250 1.38339e-07
1825 250 1.43074e-07
1850 250 1.48197e-07
1875 250 1.5375e-07
1900 250 1.59776e-07
1925 250 1.66326e-07
1950 250 1.73459e-07
1975 250 1.81242e-07
2000 250 1.89752e-07
2025 250 1.99078e-07
2050 250 2.09323e-07
2075 250 2.20609e-07
2100 250 2.33077e-07
2125 250 2.46895e-07
2150 250 2.6226e-07
2175 250 2.79408e-07
2200 250 2.98623e-07
2225 250 3.20247e-07
2250 250 3.44699e-07
2275 250 3.72491e-07
2300 250 4.04257e-07
2325 250 4.40795e-07
2350 250 4.83112e-07
2375 250 5.32498e-07
2400 250 5.9063e-07
2425 250 6.59723e-07
2450 250 7.42746e-07
2475 250 8.4377e-07
2500 250 9.685e-07
2525 250 1.12516e-06
2550 250 1.32599e-06
2575 250 1.58997e-06
2600 250 1.9481e-06
2625 250 2.45447e-06
2650 250 3.21311e-06
2675 250 4.45849e-06
2700 250 6.94364e-06
2725 250 1.25638e-05
2750 250 1.84483e-05
2775 250 8.2659e-06
2800 250 -2.06364e-05
2825 250 -3.91625e-05
2850 250 -3.60897e-05
2875 250 -3.36231e-05
2900 250 -4.0522e-05
2925 250 -3.19526e-05
2950 250 -5.52357e-07
2975 250 1.28063e-05
0 275 0
25 275 -2.03478e-08
50 275 -4.09214e-08
75 275 -6.19528e-08
100 275 -8.36868e-08
125 275 -1.06389e-07
150 275 -1.30353e-07
175 275 -1.55911e-07
200 275 -1.83448e-07
225 275 -2.13415e-07
250 275 -2.46349e-07
275 275 -2.82903e-07
300 275 -3.23878e-07
325 275 -3.70275e-07
350 275 -4.23357e-07
375 275 -4.84751e-07
400 275 -5.56578e-07
425 275 -6.41662e-07
450 275 -7.43834e-07
475 275 -8.68408e-07
500 275 -1.02296e-06
525 275 -1.21865e-06
550 275 -1.47252e-06
575 275 -1.81189e-06
600 275 -2.28345e-06
625 275 -2.97416e-06
650 275 -4.06972e-06
675 275 -6.10829e-06
700 275 -1.07212e-05
725 275 -1.75698e-05
750 275 -1.37273e-05
775 275 1.14746e-05
800 275 3.54162e-05
825 275 3.43956e-05
850 275 1.92225e-05
875 275 8.02811e-06
900 275 4.06965e-06
925 275 3.71868e-06
950 275 4.70432e-06
975 275 6.71073e-06
1000 275 1.32179e-05
1025 275 2.11455e-05
1050 275 3.46128e-06
1075 275 -2.84109e-05
1100 275 -3.33176e-05
1125 275 -1.75981e-05
1150 275 -5.33808e-06
1175 275 -9.70844e-07
1200 275 -4.38545e-08
1225 275 8.58991e-08
1250 275 9.91721e-08
1275 275 1.00952e-07
1300 275 1.02015e-07
1325 275 1.03139e-07
1350 275 1.04372e-07
1375 275 1.0572e-07
1400 275 1.07187e-07
1425 275 1.08781e-07
1450 275 1.10509e-07
1475 275 1.12378e-07
1500 275 1.14396e-07
1525 275 1.16574e-07
1550 275 1.18921e-07
1575 275 1.2145e-07
1600 275 1.24173e-07
1625 275 1.27105e-07
1650 275 1.30261e-07
1675 275 1.33661e-07
1700 275 1.37322e-07
1725 275 1.41269e-07
1750 275 1.45525e-07
1775 275 1.50119e-07
1800 275 1.55082e-07
1825 275 1.6045e-07
1850 275 1.66263e-07
1875 275 1.72567e-07
1900 275 1.79413e-07
1925 275 1.86862e-07
1950 275 1.94979e-07
1975 275 2.03845e-07
2000 275 2.13548e-07
2025 275 2.24192e-07
2050 275 2.35901e-07
2075 275 2.48814e-07
2100 275 2.631e-07
2125 275 2.78956e-07
2150 275 2.96616e-07
2175 275 3.16361e-07
2200 275 3.3853e-07
2225 275 3.63533e-07
2250 275 3.91874e-07
2275 275 4.24172e-07
2300 275 4.61201e-07
2325 275 5.03935e-07
2350 275 5.53618e-07
2375 275 6.11855e-07
2400 275 6.80751e-07
2425 275 7.63112e-07
2450 275 8.62755e-07
2475 275 9.84982e-07
2500 275 1.13736e-06
2525 275 1.33103e-06
2550 275 1.58302e-06
2575 275 1.92067e-06
2600 275 2.39063e-06
2625 275 3.07988e-06
2650 275 4.17409e-06
2675 275 6.21143e-06
2700 275 1.08233e-05
2725 275 1.76706e-05
2750 275 1.38246e-05
2775 275 -1.14112e-05
2800 275 -3.56509e-05
2825 275 -3.64498e-05
2850 275 -2.83579e-05
2875 275 -3.24895e-05
2900 275 -3.94117e-05
2925 275 -2.09296e-05
2950 275 9.83033e-06
2975 275 1.26999e-05
0 300 0
25 300 -2.31186e-08
50 300 -4.65012e-08
75 300 -7.04196e-08
100 300 -9.5161e-08
125 300 -1.21037e-07
150 300 -1.48396e-07
175 300 -1.77631e-07
200 300 -2.09199e-07
225 300 -2.43641e-07
250 300 -2.81604e-07
275 300 -3.23878e-07
300 300 -3.71442e-07
325 300 -4.25523e-07
350 300 -4.87691e-07
375 300 -5.59981e-07
400 300 -6.4508e-07
425 300 -7.46607e-07
450 300 -8.69547e-07
475 300 -1.02094e-06
500 300 -1.21105e-06
525 300 -1.45535e-06
550 300 -1.77832e-06
575 300 -2.22097e-06
600 300 -2.85774e-06
625 300 -3.84115e-06
650 300 -5.57482e-06
675 300 -9.36518e-06
700 300 -1.61632e-05
725 300 -1.68905e-05
750 300 3.13923e-06
775 300 3.06576e-05
800 300 3.69903e-05
825 300 2.36742e-05
850 300 1.02555e-05
875 300 4.29148e-06
900 300 2.9797e-06
925 300 3.27877e-06
950 300 4.20139e-06
975 300 5.78897e-06
1000 300 1.00078e-05
1025 300 1.98872e-05
1050 300 1.33173e-05
1075 300 -1.9101e-05
1100 300 -3.52767e-05
1125 300 -2.32894e-05
1150 300 -8.37739e-06
1175 300 -1.80914e-06
1200 300 -1.79596e-07
1225 300 7.97677e-08
1250 300 1.08694e-07
1275 300 1.11877e-07
1300 300 1.13138e-07
1325 300 1.144e-07
1350 300 1.15781e-07
1375 300 1.1729e-07
1400 300 1.18934e-07
1425 300 1.2072e-07
1450 300 1.22656e-07
1475 300 1.24751e-07
1500 300 1.27014e-07
1525 300 1.29457e-07
1550 300 1.32091e-07
1575 300 1.34929e-07
1600 300 1.37987e-07
1625 300 1.4128e-07
1650 300 1.44827e-07
1675 300 1.48649e-07
1700 300 1.52768e-07
1725 300 1.57209e-07
1750 300 1.62002e-07
1775 300 1.67178e-07
1800 300 1.72774e-07
1825 300 1.7883e-07
1850 300 1.85393e-07
1875 300 1.92516e-07
1900 300 2.00258e-07
1925 300 2.08688e-07
1950 300 2.17886e-07
1975 300 2.2794e-07
2000 300 2.38957e-07
2025 300 2.51059e-07
2050 300 2.64387e-07
2075 300 2.79108e-07
2100 300 2.95419e-07
2125 300 3.13553e-07
2150 300 3.33789e-07
2175 300 3.56461e-07
2200 300 3.81973e-07
2225 300 4.10819e-07
2250 300 4.43606e-07
2275 300 4.81088e-07
2300 300 5.2421e-07
2325 300 5.74172e-07
2350 300 6.32519e-07
2375 300 7.01261e-07
2400 300 7.83066e-07
2425 300 8.81536e-07
2450 300 1.00164e-06
2475 300 1.1504e-06
2500 300 1.33806e-06
2525 300 1.5801e-06
2550 300 1.90098e-06
2575 300 2.34169e-06
2600 300 2.97667e-06
2625 300 3.95844e-06
2650 300 5.6906e-06
2675 300 9.47958e-06
2700 300 1.62763e-05
2725 300 1.7002e-05
2750 300 -3.03493e-06
2775 300 -3.06254e-05
2800 300 -3.75256e-05
2825 300 -2.72266e-05
2850 300 -2.36905e-05
2875 300 -3.41903e-05
2900 300 -3.5959e-05
2925 300 -8.64171e-06
2950 300 1.57763e-05
2975 300 1.01413e-05
0 325 0
25 325 -2.61993e-08
50 325 -5.27078e-08
75 325 -7.98436e-08
100 325 -1.07944e-07
125 325 -1.37378e-07
150 325 -1.68554e-07
175 325 -2.01941e-07
200 325 -2.38086e-07
225 325 -2.77638e-07
250 325 -3.2138e-07
275 325 -3.70275e-07
300 325 -4.25523e-07
325 325 -4.88649e-07
350 325 -5.61614e-07
375 325 -6.46995e-07
400 325 -7.48239e-07
425 325 -8.70056e-07
450 325 -1.01905e-06
475 325 -1.20476e-06
500 325 -1.44142e-06
525 325 -1.75125e-06
550 325 -2.17091e-06
575 325 -2.76551e-06
600 325 -3.66411e-06
625 325 -5.18447e-06
650 325 -8.35558e-06
675 325 -1.46509e-05
700 325 -1.82932e-05
725 325 -3.73831e-06
750 325 2.46545e-05
775 325 3.78343e-05
800 325 2.79486e-05
825 325 1.31132e-05
850 325 5.06499e-06
875 325 2.70728e-06
900 325 2.53994e-06
925 325 3.00305e-06
950 325 3.80896e-06
975 325 5.15254e-06
1000 325 7.85642e-06
1025 325 1.66726e-05
1050 325 1.93242e-05
1075 325 -7.88853e-06
1100 325 -3.37958e-05
1125 325 -2.86645e-05
1150 325 -1.22889e-05
1175 325 -3.10911e-06
1200 325 -4.29279e-07
1225 325 5.7009e-08
1250 325 1.17034e-07
1275 325 1.23219e-07
1300 325 1.24801e-07
1325 325 1.26217e-07
1350 325 1.27757e-07
1375 325 1.2944e-07
1400 325 1.31273e-07
1425 325 1.33266e-07
1450 325 1.35426e-07
1475 325 1.37765e-07
1500 325 1.40292e-07
1525 325 1.43021e-07
1550 325 1.45964e-07
1575 325 1.49137e-07
1600 325 1.52556e-07
1625 325 1.56241e-07
1650 325 1.60211e-07
1675 325 1.64491e-07
1700 325 1.69107e-07
1725 325 1.74086e-07
1750 325 1.79463e-07
1775 325 1.85274e-07
1800 325 1.91561e-07
1825 325 1.9837e-07
1850 325 2.05755e-07
1875 325 2.13776e-07
1900 325 2.22504e-07
1925 325 2.32017e-07
1950 325 2.42407e-07
1975 325 2.53779e-07
2000 325 2.66255e-07
2025 325 2.79978e-07
2050 325 2.95115e-07
2075 325 3.11861e-07
2100 325 3.30449e-07
2125 325 3.51154e-07
2150 325 3.74309e-07
2175 325 4.00311e-07
2200 325 4.29647e-07
2225 325 4.62912e-07
2250 325 5.00843e-07
2275 325 5.44361e-07
2300 325 5.9463e-07
2325 325 6.5314e-07
2350 325 7.21825e-07
2375 325 8.03236e-07
2400 325 9.00795e-07
2425 325 1.01919e-06
2450 325 1.16502e-06
2475 325 1.34778e-06
2500 325 1.58171e-06
2525 325 1.88902e-06
2550 325 2.30634e-06
2575 325 2.89877e-06
2600 325 3.79538e-06
2625 325 5.31391e-06
2650 325 8.48333e-06
2675 325 1.47771e-05
2700 325 1.8418e-05
2725 325 3.86082e-06
2750 325 -2.45472e-05
2775 325 -3.78713e-05
2800 325 -2.89983e-05
2825 325 -1.88353e-05
2850 325 -2.35209e-05
2875 325 -3.6485e-05
2900 325 -2.93456e-05
2925 325 2.84043e-06
2950 325 1.7452e-05
2975 325 7.16628e-06
0 350 0
25 350 -2.96529e-08
50 350 -5.96684e-08
75 350 -9.04204e-08
100 350 -1.22307e-07
125 350 -1.55761e-07
150 350 -1.91271e-07
175 350 -2.29396e-07
200 350 -2.70792e-07
225 350 -3.16243e-07
250 350 -3.66704e-07
275 350 -4.23357e-07
300 350 -4.87691e-07
325 350 -5.61614e-07
350 350 -6.47612e-07
375 350 -7.48992e-07
400 350 -8.70247e-07
425 350 -1.01763e-06
450 350 -1.20009e-06
475 350 -1.43088e-06
500 350 -1.73047e-06
525 350 -2.13214e-06
550 350 -2.69396e-06
575 350 -3.52805e-06
600 350 -4.89559e-06
625 350 -7.61672e-06
650 350 -1.32856e-05
675 350 -1.85714e-05
700 350 -8.94528e-06
725 350 1.82863e-05
750 350 3.70393e-05
775 350 3.16188e-05
800 350 1.63528e-05
825 350 6.29699e-06
850 350 2.75171e-06
875 350 2.12932e-06
900 350 2.33255e-06
925 350 2.79623e-06
950 350 3.49864e-06
975 350 4.64171e-06
1000 350 6.57117e-06
1025 350 1.31064e-05
1050 350 2.13727e-05
1075 350 3.15963e-06
1100 350 -2.87682e-05
1125 350 -3.283e-05
1150 350 -1.69111e-05
1175 350 -4.9861e-06
1200 350 -8.52688e-07
1225 350 4.65239e-09
1250 350 1.22578e-07
1275 350 1.34907e-07
1300 350 1.37072e-07
1325 350 1.38667e-07
1350 350 1.40378e-07
1375 350 1.42249e-07
1400 350 1.44287e-07
1425 350 1.46504e-07
1450 350 1.48907e-07
1475 350 1.5151e-07
1500 350 1.54323e-07
1525 350 1.57362e-07
1550 350 1.60641e-07
1575 350 1.64177e-07
1600 350 1.6799e-07
1625 350 1.72101e-07
1650 350 1.76533e-07
1675 350 1.81314e-07
1700 350 1.86472e-07
1725 350 1.92041e-07
1750 350 1.98058e-07
1775 350 2.04565e-07
1800 350 2.11611e-07
1825 350 2.1925e-07
1850 350 2.27542e-07
1875 350 2.36557e-07
1900 350 2.46377e-07
1925 350 2.57092e-07
1950 350 2.68809e-07
1975 350 2.81651e-07
2000 350 2.9576e-07
2025 350 3.11304e-07
2050 350 3.28478e-07
2075 350 3.47512e-07
2100 350 3.68683e-07
2125 350 3.92318e-07
2150 350 4.18813e-07
2175 350 4.48646e-07
2200 350 4.82403e-07
2225 350 5.20808e-07
2250 350 5.64762e-07
2275 350 6.15398e-07
2300 350 6.74163e-07
2325 350 7.42928e-07
2350 350 8.24145e-07
2375 350 9.21094e-07
2400 350 1.03824e-06
2425 350 1.18181e-06
2450 350 1.36073e-06
2475 350 1.58825e-06
2500 350 1.8848e-06
2525 350 2.28365e-06
2550 350 2.84286e-06
2575 350 3.67455e-06
2600 350 5.03987e-06
2625 350 7.75897e-06
2650 350 1.3426e-05
2675 350 1.871e-05
2700 350 9.08225e-06
2725 350 -1.8153e-05
2750 350 -3.69369e-05
2775 350 -3.17889e-05
2800 350 -1.82205e-05
2825 350 -1.49361e-05
2850 350 -2.64962e-05
2875 350 -3.73119e-05
2900 350 -2.00544e-05
2925 350 1.17286e-05
2950 350 1.60577e-05
2975 350 4.84442e-06
0 375 0
25 375 -3.35566e-08
50 375 -6.75401e-08
75 375 -1.02392e-07
100 375 -1.38581e-07
125 375 -1.76624e-07
150 375 -2.17102e-07
175 375 -2.60687e-07
200 375 -3.08172e-07
225 375 -3.60513e-07
250 375 -4.18884e-07
275 375 -4.84751e-07
300 375 -5.59981e-07
325 375 -6.46995e-07
350 375 -7.48992e-07
375 375 -8.70293e-07
400 375 -1.01687e-06
425 375 -1.19722e-06
450 375 -1.42383e-06
475 375 -1.71579e-06
500 375 -2.10378e-06
525 375 -2.64058e-06
550 375 -3.4259e-06
575 375 -4.68252e-06
600 375 -7.08162e-06
625 375 -1.21607e-05
650 375 -1.8239e-05
675 375 -1.26092e-05
700 375 1.2249e-05
725 375 3.49782e-05
750 375 3.44202e-05
775 375 1.9707e-05
800 375 7.8968e-06
825 375 3.04995e-06
850 375 1.9175e-06
875 375 1.91859e-06
900 375 2.20166e-06
925 375 2.62805e-06
950 375 3.2472e-06
975 375 4.21589e-06
1000 375 5.79167e-06
1025 375 1.01504e-05
1050 375 2.03595e-05
1075 375 1.226e-05
1100 375 -2.08289e-05
1125 375 -3.49578e-05
1150 375 -2.18968e-05
1175 375 -7.51546e-06
1200 375 -1.52183e-06
1225 375 -9.66577e-08
1250 375 1.22491e-07
1275 375 1.46743e-07
1300 375 1.50014e-07
1325 375 1.51834e-07
1350 375 1.53734e-07
1375 375 1.55808e-07
1400 375 1.5807e-07
1425 375 1.60529e-07
1450 375 1.63197e-07
1475 375 1.66087e-07
1500 375 1.69213e-07
1525 375 1.7259e-07
1550 375 1.76235e-07
1575 375 1.80169e-07
1600 375 1.84413e-07
1625 375 1.88991e-07
1650 375 1.9393e-07
1675 375 1.9926e-07
1700 375 2.05014e-07
1725 375 2.11232e-07
1750 375 2.17956e-07
1775 375 2.25233e-07
1800 375 2.3312e-07
1825 375 2.41678e-07
1850 375 2.50977e-07
1875 375 2.611e-07
1900 375 2.72138e-07
1925 375 2.84198e-07
1950 375 2.97405e-07
1975 375 3.119e-07
2000 375 3.27853e-07
2025 375 3.45457e-07
2050 375 3.64945e-07
2075 375 3.8659e-07
2100 375 4.10719e-07
2125 375 4.37724e-07
2150 375 4.6808e-07
2175 375 5.02365e-07
2200 375 5.41292e-07
2225 375 5.85747e-07
2250 375 6.36839e-07
2275 375 6.95983e-07
2300 375 7.64995e-07
2325 375 8.46255e-07
2350 375 9.42922e-07
2375 375 1.05928e-06
2400 375 1.20128e-06
2425 375 1.37739e-06
2450 375 1.60007e-06
2475 375 1.88838e-06
2500 375 2.27299e-06
2525 375 2.80667e-06
2550 375 3.5891e-06
2575 375 4.84304e-06
2600 375 7.23969e-06
2625 375 1.23165e-05
2650 375 1.83927e-05
2675 375 1.2761e-05
2700 375 -1.20992e-05
2725 375 -3.4835e-05
2750 375 -3.43372e-05
2775 375 -2.01097e-05
2800 375 -1.09808e-05
2825 375 -1.53325e-05
2850 375 -3.05852e-05
2875 375 -3.54958e-05
2900 375 -9.43727e-06
2925 375 1.71041e-05
2950 375 1.31436e-05
2975 375 3.40158e-06
0 400 0
25 400 -3.80067e-08
50 400 -7.65187e-08
75 400 -1.16059e-07
100 400 -1.57185e-07
125 400 -2.00515e-07
150 400 -2.46746e-07
175 400 -2.96692e-07
200 400 -3.51321e-07
225 400 -4.11808e-07
250 400 -4.79613e-07
275 400 -5.56578e-07
300 400 -6.4508e-07
325 400 -7.48239e-07
350 400 -8.70247e-07
375 400 -1.01687e-06
400 400 -1.19626e-06
425 400 -1.4203e-06
450 400 -1.70704e-06
475 400 -2.08521e-06
500 400 -2.6036e-06
525 400 -3.35287e-06
550 400 -4.52925e-06
575 400 -6.70042e-06
600 400 -1.12886e-05
625 400 -1.76521e-05
650 400 -1.50248e-05
675 400 6.98041e-06
700 400 3.21445e-05
725 400 3.62739e-05
750 400 2.29248e-05
775 400 9.75123e-06
800 400 3.56051e-06
825 400 1.8469e-06
850 400 1.65219e-06
875 400 1.81956e-06
900 400 2.10034e-06
925 400 2.48751e-06
950 400 3.0383e-06
975 400 3.86881e-06
1000 400 5.24321e-06
1025 400 8.10078e-06
1050 400 1.76147e-05
1075 400 1.83574e-05
1100 400 -1.11789e-05
1125 400 -3.44928e-05
1150 400 -2.6743e-05
1175 400 -1.07009e-05
1200 400 -2.51351e-06
1225 400 -2.73527e-07
1250 400 1.12189e-07
1275 400 1.58307e-07
1300 400 1.63686e-07
1325 400 1.65814e-07
1350 400 1.67923e-07
1375 400 1.7022e-07
1400 400 1.72725e-07
1425 400 1.75451e-07
1450 400 1.78408e-07
1475 400 1.81613e-07
1500 400 1.85081e-07
1525 400 1.88829e-07
1550 400 1.92878e-07
1575 400 1.97249e-07
1600 400 2.01967e-07
1625 400 2.0706e-07
1650 400 2.12558e-07
1675 400 2.18495e-07
1700 400 2.2491e-07
1725 400 2.31847e-07
1750 400 2.39355e-07
1775 400 2.47489e-07
1800 400 2.56313e-07
1825 400 2.65897e-07
1850 400 2.76324e-07
1875 400 2.87688e-07
1900 400 3.00097e-07
1925 400 3.13674e-07
1950 400 3.28564e-07
1975 400 3.44935e-07
2000 400 3.62984e-07
2025 400 3.82942e-07
2050 400 4.05082e-07
2075 400 4.29732e-07
2100 400 4.57282e-07
2125 400 4.88203e-07
2150 400 5.23071e-07
2175 400 5.62589e-07
2200 400 6.07633e-07
2225 400 6.59297e-07
2250 400 7.18967e-07
2275 400 7.88425e-07
