0 0 0
25 0 0
50 0 0
75 0 0
100 0 0
125 0 0
150 0 0
175 0 0
200 0 0
225 0 0
250 0 0
275 0 0
300 0 0
325 0 0
350 0 0
375 0 0
400 0 0
425 0 0
450 0 0
475 0 0
500 0 0
525 0 0
550 0 0
575 0 0
600 0 0
625 0 0
650 0 0
675 0 0
700 0 0
725 0 0
750 0 0
775 0 0
800 0 0
825 0 0
850 0 0
875 0 0
900 0 0
925 0 0
950 0 0
975 0 0
1000 0 0
1025 0 0
1050 0 0
1075 0 0
1100 0 0
1125 0 0
1150 0 0
1175 0 0
1200 0 0
1225 0 0
1250 0 0
1275 0 0
1300 0 0
1325 0 0
1350 0 0
1375 0 0
1400 0 0
1425 0 0
1450 0 0
1475 0 0
1500 0 0
1525 0 0
1550 0 0
1575 0 0
1600 0 0
1625 0 0
1650 0 0
1675 0 0
1700 0 0
1725 0 0
1750 0 0
1775 0 0
1800 0 0
1825 0 0
1850 0 0
1875 0 0
1900 0 0
1925 0 0
1950 0 0
1975 0 0
2000 0 0
2025 0 0
2050 0 0
2075 0 0
2100 0 0
2125 0 0
2150 0 0
2175 0 0
2200 0 0
2225 0 0
2250 0 0
2275 0 0
2300 0 0
2325 0 0
2350 0 0
2375 0 0
2400 0 0
2425 0 0
2450 0 0
2475 0 0
2500 0 0
2525 0 0
2550 0 0
2575 0 0
2600 0 0
2625 0 0
2650 0 0
2675 0 0
2700 0 0
2725 0 0
2750 0 0
2775 0 0
2800 0 0
2825 0 0
2850 0 0
2875 0 0
2900 0 0
2925 0 0
2950 0 0
2975 0 0
0 25 0
25 25 1.59258e-217
50 25 2.95288e-211
75 25 4.26116e-205
100 25 4.77151e-199
125 25 4.13289e-193
150 25 2.75972e-187
175 25 1.41558e-181
200 25 5.55669e-176
225 25 1.66247e-170
250 25 3.77466e-165
275 25 6.47447e-160
300 25 8.34861e-155
325 25 8.05106e-150
350 25 5.77453e-145
375 25 3.06227e-140
400 25 1.19317e-135
425 25 3.39298e-131
450 25 6.99158e-127
475 25 1.03604e-122
500 25 1.09513e-118
525 25 8.18625e-115
550 25 4.28802e-111
575 25 1.55867e-107
600 25 3.89142e-104
625 25 6.6009e-101
650 25 7.52134e-98
675 25 5.68881e-95
700 25 2.82122e-92
725 25 9.05848e-90
750 25 1.85915e-87
775 25 2.408e-85
800 25 1.94368e-83
825 25 9.66001e-82
850 25 2.92289e-80
875 25 5.32949e-79
900 25 5.80383e-78
925 25 3.74687e-77
950 25 1.42565e-76
975 25 3.18376e-76
1000 25 4.16264e-76
1025 25 3.18376e-76
1050 25 1.42565e-76
1075 25 3.74687e-77
1100 25 5.80383e-78
1125 25 5.32949e-79
1150 25 2.92289e-80
1175 25 9.66001e-82
1200 25 1.94368e-83
1225 25 2.408e-85
1250 25 1.85915e-87
1275 25 9.05848e-90
1300 25 2.82122e-92
1325 25 5.68881e-95
1350 25 7.52134e-98
1375 25 6.6009e-101
1400 25 3.89142e-104
1425 25 1.55867e-107
1450 25 4.28802e-111
1475 25 8.18625e-115
1500 25 1.09513e-118
1525 25 1.03604e-122
1550 25 6.99158e-127
1575 25 3.39298e-131
1600 25 1.19317e-135
1625 25 3.06227e-140
1650 25 5.77453e-145
1675 25 8.05106e-150
1700 25 8.34861e-155
1725 25 6.47447e-160
1750 25 3.77466e-165
1775 25 1.66247e-170
1800 25 5.55669e-176
1825 25 1.41558e-181
1850 25 2.75972e-187
1875 25 4.13289e-193
1900 25 4.77151e-199
1925 25 4.26116e-205
1950 25 2.95288e-211
1975 25 1.59258e-217
2000 25 6.70278e-224
2025 25 2.20375e-230
2050 25 5.60632e-237
2075 25 1.05009e-243
2100 25 1.27671e-250
2125 25 8.31269e-258
2150 25 2.3352e-265
2175 25 2.24738e-273
2200 25 5.57974e-282
2225 25 2.32399e-291
2250 25 6.96337e-302
2275 25 7.0656e-315
2300 25 0
2325 25 0
2350 25 0
2375 25 0
2400 25 0
2425 25 0
2450 25 0
2475 25 0
2500 25 0
2525 25 0
2550 25 0
2575 25 0
2600 25 0
2625 25 0
2650 25 0
2675 25 0
2700 25 0
2725 25 0
2750 25 0
2775 25 0
2800 25 0
2825 25 0
2850 25 0
2875 25 0
2900 25 0
2925 25 0
2950 25 0
2975 25 0
0 50 0
25 50 2.95288e-211
50 50 4.85451e-205
75 50 6.21378e-199
100 50 6.17417e-193
125 50 4.74714e-187
150 50 2.81481e-181
175 50 1.28255e-175
200 50 4.47352e-170
225 50 1.18964e-164
250 50 2.40157e-159
275 50 3.66352e-154
300 50 4.20246e-149
325 50 3.6062e-144
350 50 2.30215e-139
375 50 1.0869e-134
400 50 3.77131e-130
425 50 9.55285e-126
450 50 1.75395e-121
475 50 2.31661e-117
500 50 2.18342e-113
525 50 1.45598e-109
550 50 6.80715e-106
575 50 2.21003e-102
600 50 4.93244e-99
625 50 7.48756e-96
650 50 7.64565e-93
675 50 5.19138e-90
700 50 2.31633e-87
725 50 6.71011e-85
750 50 1.24684e-82
775 50 1.46839e-80
800 50 1.0834e-78
825 50 4.95314e-77
850 50 1.38911e-75
875 50 2.3684e-74
900 50 2.43614e-73
925 50 1.5023e-72
950 50 5.52759e-72
975 50 1.20942e-71
1000 50 1.57043e-71
1025 50 1.20942e-71
1050 50 5.52759e-72
1075 50 1.5023e-72
1100 50 2.43614e-73
1125 50 2.3684e-74
1150 50 1.38911e-75
1175 50 4.95314e-77
1200 50 1.0834e-78
1225 50 1.46839e-80
1250 50 1.24684e-82
1275 50 6.71011e-85
1300 50 2.31633e-87
1325 50 5.19138e-90
1350 50 7.64565e-93
1375 50 7.48756e-96
1400 50 4.93244e-99
1425 50 2.21003e-102
1450 50 6.80715e-106
1475 50 1.45598e-109
1500 50 2.18342e-113
1525 50 2.31661e-117
1550 50 1.75395e-121
1575 50 9.55285e-126
1600 50 3.77131e-130
1625 50 1.0869e-134
1650 50 2.30215e-139
1675 50 3.6062e-144
1700 50 4.20246e-149
1725 50 3.66352e-154
1750 50 2.40157e-159
1775 50 1.18964e-164
1800 50 4.47352e-170
1825 50 1.28255e-175
1850 50 2.81481e-181
1875 50 4.74714e-187
1900 50 6.17417e-193
1925 50 6.21378e-199
1950 50 4.85451e-205
1975 50 2.95288e-211
2000 50 1.40243e-217
2025 50 5.21372e-224
2050 50 1.51858e-230
2075 50 3.43193e-237
2100 50 5.72515e-244
2125 50 6.21406e-251
2150 50 3.62022e-258
2175 50 9.12031e-266
2200 50 7.88929e-274
2225 50 1.76453e-282
2250 50 6.63539e-292
2275 50 1.79891e-302
2300 50 1.65505e-315
2325 50 0
2350 50 0
2375 50 0
2400 50 0
2425 50 0
2450 50 0
2475 50 0
2500 50 0
2525 50 0
2550 50 0
2575 50 0
2600 50 0
2625 50 0
2650 50 0
2675 50 0
2700 50 0
2725 50 0
2750 50 0
2775 50 0
2800 50 0
2825 50 0
2850 50 0
2875 50 0
2900 50 0
2925 50 0
2950 50 0
2975 50 0
0 75 0
25 75 4.26116e-205
50 75 6.21378e-199
75 75 7.05764e-193
100 75 6.22488e-187
125 75 4.24994e-181
150 75 2.23842e-175
175 75 9.06239e-170
200 75 2.80945e-164
225 75 6.64218e-159
250 75 1.19242e-153
275 75 1.618e-148
300 75 1.65131e-143
325 75 1.26101e-138
350 75 7.16538e-134
375 75 3.01179e-129
400 75 9.30572e-125
425 75 2.09948e-120
450 75 3.43418e-116
475 75 4.04211e-112
500 75 3.39616e-108
525 75 2.01965e-104
550 75 8.42512e-101
575 75 2.44218e-97
600 75 4.87042e-94
625 75 6.61343e-91
650 75 6.04884e-88
675 75 3.68523e-85
700 75 1.47866e-82
725 75 3.8628e-80
750 75 6.49551e-78
775 75 6.95299e-76
800 75 4.68775e-74
825 75 1.97108e-72
850 75 5.12306e-71
875 75 8.16734e-70
900 75 7.93526e-69
925 75 4.67471e-68
950 75 1.66344e-67
975 75 3.56609e-67
1000 75 4.59894e-67
1025 75 3.56609e-67
1050 75 1.66344e-67
1075 75 4.67471e-68
1100 75 7.93526e-69
1125 75 8.16734e-70
1150 75 5.12306e-71
1175 75 1.97108e-72
1200 75 4.68775e-74
1225 75 6.95299e-76
1250 75 6.49551e-78
1275 75 3.8628e-80
1300 75 1.47866e-82
1325 75 3.68523e-85
1350 75 6.04884e-88
1375 75 6.61343e-91
1400 75 4.87042e-94
1425 75 2.44218e-97
1450 75 8.42512e-101
1475 75 2.01965e-104
1500 75 3.39616e-108
1525 75 4.04211e-112
1550 75 3.43418e-116
1575 75 2.09948e-120
1600 75 9.30572e-125
1625 75 3.01179e-129
1650 75 7.16538e-134
1675 75 1.26101e-138
1700 75 1.65131e-143
1725 75 1.618e-148
1750 75 1.19242e-153
1775 75 6.64218e-159
1800 75 2.80945e-164
1825 75 9.06239e-170
1850 75 2.23842e-175
1875 75 4.24994e-181
1900 75 6.22488e-187
1925 75 7.05764e-193
1950 75 6.21378e-199
1975 75 4.26116e-205
2000 75 2.28248e-211
2025 75 9.57526e-218
2050 75 3.15353e-224
2075 75 8.15978e-231
2100 75 1.64252e-237
2125 75 2.44646e-244
2150 75 2.37609e-251
2175 75 1.24133e-258
2200 75 2.81042e-266
2225 75 2.1896e-274
2250 75 4.42056e-283
2275 75 1.50376e-292
2300 75 3.69577e-303
2325 75 3.08881e-316
2350 75 0
2375 75 0
2400 75 0
2425 75 0
2450 75 0
2475 75 0
2500 75 0
2525 75 0
2550 75 0
2575 75 0
2600 75 0
2625 75 0
2650 75 0
2675 75 0
2700 75 0
2725 75 0
2750 75 0
2775 75 0
2800 75 0
2825 75 0
2850 75 0
2875 75 0
2900 75 0
2925 75 0
2950 75 0
2975 75 0
0 100 0
25 100 4.77151e-199
50 100 6.17417e-193
75 100 6.22488e-187
100 100 4.87526e-181
125 100 2.95655e-175
150 100 1.3836e-169
175 100 4.97849e-164
200 100 1.37208e-158
225 100 2.88454e-153
250 100 4.60577e-148
275 100 5.55967e-143
300 100 5.04873e-138
325 100 3.4311e-133
350 100 1.73536e-128
375 100 6.49354e-124
400 100 1.78643e-119
425 100 3.58923e-115
450 100 5.22941e-111
475 100 5.48372e-107
500 100 4.10594e-103
525 100 2.17676e-99
550 100 8.09871e-96
575 100 2.09497e-92
600 100 3.73133e-89
625 100 4.52961e-86
650 100 3.70866e-83
675 100 2.02613e-80
700 100 7.30617e-78
725 100 1.72015e-75
750 100 2.61615e-73
775 100 2.54406e-71
800 100 1.56669e-69
825 100 6.05659e-68
850 100 1.45855e-66
875 100 2.17394e-65
900 100 1.99499e-64
925 100 1.12273e-63
950 100 3.8638e-63
975 100 8.11628e-63
1000 100 1.03957e-62
1025 100 8.11628e-63
1050 100 3.8638e-63
1075 100 1.12273e-63
1100 100 1.99499e-64
1125 100 2.17394e-65
1150 100 1.45855e-66
1175 100 6.05659e-68
1200 100 1.56669e-69
1225 100 2.54406e-71
1250 100 2.61615e-73
1275 100 1.72015e-75
1300 100 7.30617e-78
1325 100 2.02613e-80
1350 100 3.70866e-83
1375 100 4.52961e-86
1400 100 3.73133e-89
1425 100 2.09497e-92
1450 100 8.09871e-96
1475 100 2.17676e-99
1500 100 4.10594e-103
1525 100 5.48372e-107
1550 100 5.22941e-111
1575 100 3.58923e-115
1600 100 1.78643e-119
1625 100 6.49354e-124
1650 100 1.73536e-128
1675 100 3.4311e-133
1700 100 5.04873e-138
1725 100 5.55967e-143
1750 100 4.60577e-148
1775 100 2.88454e-153
1800 100 1.37208e-158
1825 100 4.97849e-164
1850 100 1.3836e-169
1875 100 2.95655e-175
1900 100 4.87526e-181
1925 100 6.22488e-187
1950 100 6.17417e-193
1975 100 4.77151e-199
2000 100 2.88138e-205
2025 100 1.36327e-211
2050 100 5.06639e-218
2075 100 1.48228e-224
2100 100 3.41629e-231
2125 100 6.14062e-238
2150 100 8.18553e-245
2175 100 7.1297e-252
2200 100 3.34712e-259
2225 100 6.82394e-267
2250 100 4.7978e-275
2275 100 8.76002e-284
2300 100 2.70072e-293
2325 100 6.02821e-304
2350 100 4.585e-317
2375 100 0
2400 100 0
2425 100 0
2450 100 0
2475 100 0
2500 100 0
2525 100 0
2550 100 0
2575 100 0
2600 100 0
2625 100 0
2650 100 0
2675 100 0
2700 100 0
2725 100 0
2750 100 0
2775 100 0
2800 100 0
2825 100 0
2850 100 0
2875 100 0
2900 100 0
2925 100 0
2950 100 0
2975 100 0
0 125 0
25 125 4.13289e-193
50 125 4.74714e-187
75 125 4.24994e-181
100 125 2.95655e-175
125 125 1.59306e-169
150 125 6.62579e-164
175 125 2.11941e-158
200 125 5.19381e-153
225 125 9.71099e-148
250 125 1.37928e-142
275 125 1.48127e-137
300 125 1.19693e-132
325 125 7.23903e-128
350 125 3.25873e-123
375 125 1.08544e-118
400 125 2.6584e-114
425 125 4.75554e-110
450 125 6.16982e-106
475 125 5.76221e-102
500 125 3.84337e-98
525 125 1.8156e-94
550 125 6.02152e-91
575 125 1.38924e-87
600 125 2.20843e-84
625 125 2.39509e-81
650 125 1.75419e-78
675 125 8.58739e-76
700 125 2.78082e-73
725 125 5.89617e-71
750 125 8.1049e-69
775 125 7.1555e-67
800 125 4.02267e-65
825 125 1.4291e-63
850 125 3.18765e-62
875 125 4.44084e-61
900 125 3.8486e-60
925 125 2.06891e-59
950 125 6.88586e-59
975 125 1.41728e-58
1000 125 1.80294e-58
1025 125 1.41728e-58
1050 125 6.88586e-59
1075 125 2.06891e-59
1100 125 3.8486e-60
1125 125 4.44084e-61
1150 125 3.18765e-62
1175 125 1.4291e-63
1200 125 4.02267e-65
1225 125 7.1555e-67
1250 125 8.1049e-69
1275 125 5.89617e-71
1300 125 2.78082e-73
1325 125 8.58739e-76
1350 125 1.75419e-78
1375 125 2.39509e-81
1400 125 2.20843e-84
1425 125 1.38924e-87
1450 125 6.02152e-91
1475 125 1.8156e-94
1500 125 3.84337e-98
1525 125 5.76221e-102
1550 125 6.16982e-106
1575 125 4.75554e-110
1600 125 2.6584e-114
1625 125 1.08544e-118
1650 125 3.25873e-123
1675 125 7.23903e-128
1700 125 1.19693e-132
1725 125 1.48127e-137
1750 125 1.37928e-142
1775 125 9.71099e-148
1800 125 5.19381e-153
1825 125 2.11941e-158
1850 125 6.62579e-164
1875 125 1.59306e-169
1900 125 2.95655e-175
1925 125 4.24994e-181
1950 125 4.74714e-187
1975 125 4.13289e-193
2000 125 2.81253e-199
2025 125 1.50016e-205
2050 125 6.28753e-212
2075 125 2.07573e-218
2100 125 5.40926e-225
2125 125 1.11327e-231
2150 125 1.79113e-238
2175 125 2.14166e-245
2200 125 1.67645e-252
2225 125 7.08649e-260
2250 125 1.30349e-267
2275 125 8.28585e-276
2300 125 1.3707e-284
2325 125 3.8368e-294
2350 125 7.79151e-305
2375 125 5.40239e-318
2400 125 0
2425 125 0
2450 125 0
2475 125 0
2500 125 0
2525 125 0
2550 125 0
2575 125 0
2600 125 0
2625 125 0
2650 125 0
2675 125 0
2700 125 0
2725 125 0
2750 125 0
2775 125 0
2800 125 0
2825 125 0
2850 125 0
2875 125 0
2900 125 0
2925 125 0
2950 125 0
2975 125 0
0 150 0
25 150 2.75972e-187
50 150 2.81481e-181
75 150 2.23842e-175
100 150 1.3836e-169
125 150 6.62579e-164
150 150 2.44978e-158
175 150 6.96762e-153
200 150 1.51851e-147
225 150 2.52543e-142
250 150 3.191e-137
275 150 3.04906e-132
300 150 2.19232e-127
325 150 1.17993e-122
350 150 4.7271e-118
375 150 1.40135e-113
400 150 3.05479e-109
425 150 4.86411e-105
450 150 5.61757e-101
475 150 4.67068e-97
500 150 2.77384e-93
525 150 1.16697e-89
550 150 3.44791e-86
575 150 7.08986e-83
600 150 1.00516e-79
625 150 9.73112e-77
650 150 6.37005e-74
675 150 2.79174e-71
700 150 8.1112e-69
725 150 1.54744e-66
750 150 1.92087e-64
775 150 1.5384e-62
800 150 7.88952e-61
825 150 2.57416e-59
850 150 5.31552e-58
875 150 6.91902e-57
900 150 5.66127e-56
925 150 2.90659e-55
950 150 9.35474e-55
975 150 1.88653e-54
1000 150 2.38348e-54
1025 150 1.88653e-54
1050 150 9.35474e-55
1075 150 2.90659e-55
1100 150 5.66127e-56
1125 150 6.91902e-57
1150 150 5.31552e-58
1175 150 2.57416e-59
1200 150 7.88952e-61
1225 150 1.5384e-62
1250 150 1.92087e-64
1275 150 1.54744e-66
1300 150 8.1112e-69
1325 150 2.79174e-71
1350 150 6.37005e-74
1375 150 9.73112e-77
1400 150 1.00516e-79
1425 150 7.08986e-83
1450 150 3.44791e-86
1475 150 1.16697e-89
1500 150 2.77384e-93
1525 150 4.67068e-97
1550 150 5.61757e-101
1575 150 4.86411e-105
1600 150 3.05479e-109
1625 150 1.40135e-113
1650 150 4.7271e-118
1675 150 1.17993e-122
1700 150 2.19232e-127
1725 150 3.04906e-132
1750 150 3.191e-137
1775 150 2.52543e-142
1800 150 1.51851e-147
1825 150 6.96762e-153
1850 150 2.44978e-158
1875 150 6.62579e-164
1900 150 1.3836e-169
1925 150 2.23842e-175
1950 150 2.81481e-181
1975 150 2.75972e-187
2000 150 2.11564e-193
2025 150 1.27165e-199
2050 150 6.00833e-206
2075 150 2.23696e-212
2100 150 6.57761e-219
2125 150 1.53061e-225
2150 150 2.81977e-232
2175 150 4.07011e-239
2200 150 4.37476e-246
2225 150 3.08378e-253
2250 150 1.17594e-260
2275 150 1.95509e-268
2300 150 1.12561e-276
2325 150 1.69002e-285
2350 150 4.30245e-295
2375 150 7.96247e-306
2400 150 5.04164e-319
2425 150 0
2450 150 0
2475 150 0
2500 150 0
2525 150 0
2550 150 0
2575 150 0
2600 150 0
2625 150 0
2650 150 0
2675 150 0
2700 150 0
2725 150 0
2750 150 0
2775 150 0
2800 150 0
2825 150 0
2850 150 0
2875 150 0
2900 150 0
2925 150 0
2950 150 0
2975 150 0
0 175 0
25 175 1.41558e-181
50 175 1.28255e-175
75 175 9.06239e-170
100 175 4.97849e-164
125 175 2.11941e-158
150 175 6.96762e-153
175 175 1.76239e-147
200 175 3.41635e-142
225 175 5.05432e-137
250 175 5.68175e-132
275 175 4.83042e-127
300 175 3.09036e-122
325 175 1.48e-117
350 175 5.276e-113
375 175 1.39175e-108
400 175 2.69956e-104
425 175 3.82477e-100
450 175 3.93045e-96
475 175 2.90785e-92
500 175 1.53675e-88
525 175 5.75399e-85
550 175 1.5134e-81
575 175 2.77136e-78
600 175 3.50107e-75
625 175 3.02273e-72
650 175 1.76672e-69
675 175 6.9245e-67
700 175 1.80315e-64
725 175 3.09191e-62
750 175 3.46231e-60
775 175 2.513e-58
800 175 1.17461e-56
825 175 3.51705e-55
850 175 6.71903e-54
875 175 8.16742e-53
900 175 6.3069e-52
925 175 3.09171e-51
950 175 9.62059e-51
975 175 1.90075e-50
1000 175 2.38497e-50
1025 175 1.90075e-50
1050 175 9.62059e-51
1075 175 3.09171e-51
1100 175 6.3069e-52
1125 175 8.16742e-53
1150 175 6.71903e-54
1175 175 3.51705e-55
1200 175 1.17461e-56
1225 175 2.513e-58
1250 175 3.46231e-60
1275 175 3.09191e-62
1300 175 1.80315e-64
1325 175 6.9245e-67
1350 175 1.76672e-69
1375 175 3.02273e-72
1400 175 3.50107e-75
1425 175 2.77136e-78
1450 175 1.5134e-81
1475 175 5.75399e-85
1500 175 1.53675e-88
1525 175 2.90785e-92
1550 175 3.93045e-96
1575 175 3.82477e-100
1600 175 2.69956e-104
1625 175 1.39175e-108
1650 175 5.276e-113
1675 175 1.48e-117
1700 175 3.09036e-122
1725 175 4.83042e-127
1750 175 5.68175e-132
1775 175 5.05432e-137
1800 175 3.41635e-142
1825 175 1.76239e-147
1850 175 6.96762e-153
1875 175 2.11941e-158
1900 175 4.97849e-164
1925 175 9.06239e-170
1950 175 1.28255e-175
1975 175 1.41558e-181
2000 175 1.22205e-187
2025 175 8.27432e-194
2050 175 4.40542e-200
2075 175 1.84891e-206
2100 175 6.13085e-213
2125 175 1.60969e-219
2150 175 3.35283e-226
2175 175 5.54175e-233
2200 175 7.1921e-240
2225 175 6.96339e-247
2250 175 4.42863e-254
2275 175 1.52622e-261
2300 175 2.29749e-269
2325 175 1.20006e-277
2350 175 1.63806e-286
2375 175 3.79896e-296
2400 175 6.4177e-307
2425 175 3.72081e-320
2450 175 0
2475 175 0
2500 175 0
2525 175 0
2550 175 0
2575 175 0
2600 175 0
2625 175 0
2650 175 0
2675 175 0
2700 175 0
2725 175 0
2750 175 0
2775 175 0
2800 175 0
2825 175 0
2850 175 0
2875 175 0
2900 175 0
2925 175 0
2950 175 0
2975 175 0
0 200 0
25 200 5.55669e-176
50 200 4.47352e-170
75 200 2.80945e-164
100 200 1.37208e-158
125 200 5.19381e-153
150 200 1.51851e-147
175 200 3.41635e-142
200 200 5.89117e-137
225 200 7.75382e-132
250 200 7.75487e-127
275 200 5.86581e-122
300 200 3.33889e-117
325 200 1.42263e-112
350 200 4.51182e-108
375 200 1.05875e-103
400 200 1.82672e-99
425 200 2.30193e-95
450 200 2.10378e-91
475 200 1.38413e-87
500 200 6.50489e-84
525 200 2.16601e-80
550 200 5.06716e-77
575 200 8.2556e-74
600 200 9.28357e-71
625 200 7.14009e-68
650 200 3.72173e-65
675 200 1.30293e-62
700 200 3.03703e-60
725 200 4.6748e-58
750 200 4.71648e-56
775 200 3.09874e-54
800 200 1.31867e-52
825 200 3.61992e-51
850 200 6.39268e-50
875 200 7.2518e-49
900 200 5.28212e-48
925 200 2.47135e-47
950 200 7.43323e-47
975 200 1.43855e-46
1000 200 1.79256e-46
1025 200 1.43855e-46
1050 200 7.43323e-47
1075 200 2.47135e-47
1100 200 5.28212e-48
1125 200 7.2518e-49
1150 200 6.39268e-50
1175 200 3.61992e-51
1200 200 1.31867e-52
1225 200 3.09874e-54
1250 200 4.71648e-56
1275 200 4.6748e-58
1300 200 3.03703e-60
1325 200 1.30293e-62
1350 200 3.72173e-65
1375 200 7.14009e-68
1400 200 9.28357e-71
1425 200 8.2556e-74
1450 200 5.06716e-77
1475 200 2.16601e-80
1500 200 6.50489e-84
1525 200 1.38413e-87
1550 200 2.10378e-91
1575 200 2.30193e-95
1600 200 1.82672e-99
1625 200 1.05875e-103
1650 200 4.51182e-108
1675 200 1.42263e-112
1700 200 3.33889e-117
1725 200 5.86581e-122
1750 200 7.75487e-127
1775 200 7.75382e-132
1800 200 5.89117e-137
1825 200 3.41635e-142
1850 200 1.51851e-147
1875 200 5.19381e-153
1900 200 1.37208e-158
1925 200 2.80945e-164
1950 200 4.47352e-170
1975 200 5.55669e-176
2000 200 5.40004e-182
2025 200 4.11713e-188
2050 200 2.46914e-194
2075 200 1.16767e-200
2100 200 4.36441e-207
2125 200 1.29216e-213
2150 200 3.03661e-220
2175 200 5.67453e-227
2200 200 8.43345e-234
2225 200 9.86139e-241
2250 200 8.61729e-248
2275 200 4.95369e-255
2300 200 1.54549e-262
2325 200 2.10996e-270
2350 200 1.0015e-278
2375 200 1.24477e-287
2400 200 2.63403e-297
2425 200 4.06814e-308
2450 200 2.16401e-321
2475 200 0
2500 200 0
2525 200 0
2550 200 0
2575 200 0
2600 200 0
2625 200 0
2650 200 0
2675 200 0
2700 200 0
2725 200 0
2750 200 0
2775 200 0
2800 200 0
2825 200 0
2850 200 0
2875 200 0
2900 200 0
2925 200 0
2950 200 0
2975 200 0
0 225 0
25 225 1.66247e-170
50 225 1.18964e-164
75 225 6.64218e-159
100 225 2.88454e-153
125 225 9.71099e-148
150 225 2.52543e-142
175 225 5.05432e-137
200 225 7.75382e-132
225 225 9.07948e-127
250 225 8.07891e-122
275 225 5.4366e-117
300 225 2.75293e-112
325 225 1.04337e-107
350 225 2.94306e-103
375 225 6.14154e-99
400 225 9.42156e-95
425 225 1.05544e-90
450 225 8.57348e-87
475 225 5.01277e-83
500 225 2.09332e-79
525 225 6.19334e-76
550 225 1.28741e-72
575 225 1.8641e-69
600 225 1.86369e-66
625 225 1.27524e-63
650 225 5.91987e-61
675 225 1.8485e-58
700 225 3.85115e-56
725 225 5.31342e-54
750 225 4.82291e-52
775 225 2.86421e-50
800 225 1.10824e-48
825 225 2.78586e-47
850 225 4.54311e-46
875 225 4.80534e-45
900 225 3.29927e-44
925 225 1.47252e-43
950 225 4.27945e-43
975 225 8.11092e-43
1000 225 1.00363e-42
1025 225 8.11092e-43
1050 225 4.27945e-43
1075 225 1.47252e-43
1100 225 3.29927e-44
1125 225 4.80534e-45
1150 225 4.54311e-46
1175 225 2.78586e-47
1200 225 1.10824e-48
1225 225 2.86421e-50
1250 225 4.82291e-52
1275 225 5.31342e-54
1300 225 3.85115e-56
1325 225 1.8485e-58
1350 225 5.91987e-61
1375 225 1.27524e-63
1400 225 1.86369e-66
1425 225 1.8641e-69
1450 225 1.28741e-72
1475 225 6.19334e-76
1500 225 2.09332e-79
1525 225 5.01277e-83
1550 225 8.57348e-87
1575 225 1.05544e-90
1600 225 9.42156e-95
1625 225 6.14154e-99
1650 225 2.94306e-103
1675 225 1.04337e-107
1700 225 2.75293e-112
1725 225 5.4366e-117
1750 225 8.07891e-122
1775 225 9.07948e-127
1800 225 7.75382e-132
1825 225 5.05432e-137
1850 225 2.52543e-142
1875 225 9.71099e-148
1900 225 2.88454e-153
1925 225 6.64218e-159
1950 225 1.18964e-164
1975 225 1.66247e-170
2000 225 1.81808e-176
2025 225 1.56031e-182
2050 225 1.05363e-188
2075 225 5.61217e-195
2100 225 2.36348e-201
2125 225 7.88709e-208
2150 225 2.08992e-214
2175 225 4.40601e-221
2200 225 7.40303e-228
2225 225 9.91374e-235
2250 225 1.04655e-241
2275 225 8.26939e-249
2300 225 4.3042e-256
2325 225 1.21765e-263
2350 225 1.51001e-271
2375 225 6.52309e-280
2400 225 7.3937e-289
2425 225 1.42969e-298
2450 225 2.02177e-309
2475 225 9.38725e-323
2500 225 0
2525 225 0
2550 225 0
2575 225 0
2600 225 0
2625 225 0
2650 225 0
2675 225 0
2700 225 0
2725 225 0
2750 225 0
2775 225 0
2800 225 0
2825 225 0
2850 225 0
2875 225 0
2900 225 0
2925 225 0
2950 225 0
2975 225 0
0 250 0
25 250 3.77466e-165
50 250 2.40157e-159
75 250 1.19242e-153
100 250 4.60577e-148
125 250 1.37928e-142
150 250 3.191e-137
175 250 5.68175e-132
200 250 7.75487e-127
225 250 8.07891e-122
250 250 6.39522e-117
275 250 3.82826e-112
300 250 1.7242e-107
325 250 5.81134e-103
350 250 1.45746e-98
375 250 2.70357e-94
400 250 3.68583e-90
425 250 3.66844e-86
450 250 2.64679e-82
475 250 1.37417e-78
500 250 5.09445e-75
525 250 1.33786e-71
550 250 2.46827e-68
575 250 3.17225e-65
600 250 2.81588e-62
625 250 1.71166e-59
650 250 7.06523e-57
675 250 1.96446e-54
700 250 3.65181e-52
725 250 4.50824e-50
750 250 3.67511e-48
775 250 1.96957e-46
800 250 6.91819e-45
825 250 1.59023e-43
850 250 2.39173e-42
875 250 2.35626e-41
900 250 1.52359e-40
925 250 6.48241e-40
950 250 1.81945e-39
975 250 3.37626e-39
1000 250 4.1482e-39
1025 250 3.37626e-39
1050 250 1.81945e-39
1075 250 6.48241e-40
1100 250 1.52359e-40
1125 250 2.35626e-41
1150 250 2.39173e-42
1175 250 1.59023e-43
1200 250 6.91819e-45
1225 250 1.96957e-46
1250 250 3.67511e-48
1275 250 4.50824e-50
1300 250 3.65181e-52
1325 250 1.96446e-54
1350 250 7.06523e-57
1375 250 1.71166e-59
1400 250 2.81588e-62
1425 250 3.17225e-65
1450 250 2.46827e-68
1475 250 1.33786e-71
1500 250 5.09445e-75
1525 250 1.37417e-78
1550 250 2.64679e-82
1575 250 3.66844e-86
1600 250 3.68583e-90
1625 250 2.70357e-94
1650 250 1.45746e-98
1675 250 5.81134e-103
1700 250 1.7242e-107
1725 250 3.82826e-112
1750 250 6.39522e-117
1775 250 8.07891e-122
1800 250 7.75487e-127
1825 250 5.68175e-132
1850 250 3.191e-137
1875 250 1.37928e-142
1900 250 4.60577e-148
1925 250 1.19242e-153
1950 250 2.40157e-159
1975 250 3.77466e-165
2000 250 4.64385e-171
2025 250 4.48458e-177
2050 250 3.40852e-183
2075 250 2.04409e-189
2100 250 9.69515e-196
2125 250 3.64502e-202
2150 250 1.08856e-208
2175 250 2.58747e-215
2200 250 4.90435e-222
2225 250 7.42467e-229
2250 250 8.97696e-236
2275 250 8.57183e-243
2300 250 6.13531e-250
2325 250 2.8962e-257
2350 250 7.44081e-265
2375 250 8.39406e-273
2400 250 3.305e-281
2425 250 3.42121e-290
2450 250 6.05393e-300
2475 250 7.84989e-311
2500 250 6.42285e-323
2525 250 0
2550 250 0
2575 250 0
2600 250 0
2625 250 0
2650 250 0
2675 250 0
2700 250 0
2725 250 0
2750 250 0
2775 250 0
2800 250 0
2825 250 0
2850 250 0
2875 250 0
2900 250 0
2925 250 0
2950 250 0
2975 250 0
0 275 0
25 275 6.47447e-160
50 275 3.66352e-154
75 275 1.618e-148
100 275 5.55967e-143
125 275 1.48127e-137
150 275 3.04906e-132
175 275 4.83042e-127
200 275 5.86581e-122
225 275 5.4366e-117
250 275 3.82826e-112
275 275 2.03823e-107
300 275 8.16314e-103
325 275 2.44603e-98
350 275 5.45225e-94
375 275 8.98607e-90
400 275 1.0881e-85
425 275 9.61517e-82
450 275 6.15696e-78
475 275 2.83591e-74
500 275 9.32393e-71
525 275 2.17085e-67
550 275 3.55007e-64
575 275 4.04396e-61
600 275 3.18206e-58
625 275 1.71535e-55
650 275 6.28432e-53
675 275 1.55292e-50
700 275 2.57065e-48
725 275 2.83382e-46
750 275 2.07055e-44
775 275 9.99387e-43
800 275 3.18081e-41
825 275 6.67416e-40
850 275 9.24359e-39
875 275 8.47074e-38
900 275 5.15282e-37
925 275 2.08819e-36
950 275 5.65708e-36
975 275 1.02741e-35
1000 275 1.25324e-35
1025 275 1.02741e-35
1050 275 5.65708e-36
1075 275 2.08819e-36
1100 275 5.15282e-37
1125 275 8.47074e-38
1150 275 9.24359e-39
1175 275 6.67416e-40
1200 275 3.18081e-41
1225 275 9.99387e-43
1250 275 2.07055e-44
1275 275 2.83382e-46
1300 275 2.57065e-48
1325 275 1.55292e-50
1350 275 6.28432e-53
1375 275 1.71535e-55
1400 275 3.18206e-58
1425 275 4.04396e-61
1450 275 3.55007e-64
1475 275 2.17085e-67
1500 275 9.32393e-71
1525 275 2.83591e-74
1550 275 6.15696e-78
1575 275 9.61517e-82
1600 275 1.0881e-85
1625 275 8.98607e-90
1650 275 5.45225e-94
1675 275 2.44603e-98
1700 275 8.16314e-103
1725 275 2.03823e-107
1750 275 3.82826e-112
1775 275 5.4366e-117
1800 275 5.86581e-122
1825 275 4.83042e-127
1850 275 3.04906e-132
1875 275 1.48127e-137
1900 275 5.55967e-143
1925 275 1.618e-148
1950 275 3.66352e-154
1975 275 6.47447e-160
2000 275 8.95795e-166
2025 275 9.73084e-172
2050 275 8.32144e-178
2075 275 5.61637e-184
2100 275 2.9989e-190
2125 275 1.26969e-196
2150 275 4.27159e-203
2175 275 1.14422e-209
2200 275 2.44503e-216
2225 275 4.17528e-223
2250 275 5.70667e-230
2275 275 6.24154e-237
2300 275 5.40066e-244
2325 275 3.50749e-251
2350 275 1.50396e-258
2375 275 3.51416e-266
2400 275 3.61139e-274
2425 275 1.29777e-282
2450 275 1.22859e-291
2475 275 1.99223e-301
2500 275 2.37195e-312
2525 275 2.96439e-323
2550 275 0
2575 275 0
2600 275 0
2625 275 0
2650 275 0
2675 275 0
2700 275 0
2725 275 0
2750 275 0
2775 275 0
2800 275 0
2825 275 0
2850 275 0
2875 275 0
2900 275 0
2925 275 0
2950 275 0
2975 275 0
0 300 0
25 300 8.34861e-155
50 300 4.20246e-149
75 300 1.65131e-143
100 300 5.04873e-138
125 300 1.19693e-132
150 300 2.19232e-127
175 300 3.09036e-122
200 300 3.33889e-117
225 300 2.75293e-112
250 300 1.7242e-107
275 300 8.16314e-103
300 300 2.90644e-98
325 300 7.7397e-94
350 300 1.53262e-89
375 300 2.24308e-85
400 300 2.4108e-81
425 300 1.88996e-77
450 300 1.07311e-73
475 300 4.38052e-70
500 300 1.27576e-66
525 300 2.62992e-63
550 300 3.80653e-60
575 300 3.83689e-57
600 300 2.6715e-54
625 300 1.27465e-51
650 300 4.13602e-49
675 300 9.06319e-47
700 300 1.33291e-44
725 300 1.30899e-42
750 300 8.55206e-41
775 300 3.70902e-39
800 300 1.06729e-37
825 300 2.04006e-36
850 300 2.59702e-35
875 300 2.21017e-34
900 300 1.26313e-33
925 300 4.87054e-33
950 300 1.2726e-32
975 300 2.26101e-32
1000 300 2.73775e-32
1025 300 2.26101e-32
1050 300 1.2726e-32
1075 300 4.87054e-33
1100 300 1.26313e-33
1125 300 2.21017e-34
1150 300 2.59702e-35
1175 300 2.04006e-36
1200 300 1.06729e-37
1225 300 3.70902e-39
1250 300 8.55206e-41
1275 300 1.30899e-42
1300 300 1.33291e-44
1325 300 9.06319e-47
1350 300 4.13602e-49
1375 300 1.27465e-51
1400 300 2.6715e-54
1425 300 3.83689e-57
1450 300 3.80653e-60
1475 300 2.62992e-63
1500 300 1.27576e-66
1525 300 4.38052e-70
1550 300 1.07311e-73
1575 300 1.88996e-77
1600 300 2.4108e-81
1625 300 2.24308e-85
1650 300 1.53262e-89
1675 300 7.7397e-94
1700 300 2.90644e-98
1725 300 8.16314e-103
1750 300 1.7242e-107
1775 300 2.75293e-112
1800 300 3.33889e-117
1825 300 3.09036e-122
1850 300 2.19232e-127
1875 300 1.19693e-132
1900 300 5.04873e-138
1925 300 1.65131e-143
1950 300 4.20246e-149
1975 300 8.34861e-155
2000 300 1.29864e-160
2025 300 1.5863e-166
2050 300 1.52574e-172
2075 300 1.15849e-178
2100 300 6.96096e-185
2125 300 3.31747e-191
2150 300 1.25673e-197
2175 300 3.79188e-204
2200 300 9.13018e-211
2225 300 1.75753e-217
2250 300 2.70932e-224
2275 300 3.34956e-231
2300 300 3.32009e-238
2325 300 2.60778e-245
2350 300 1.53925e-252
2375 300 6.00393e-260
2400 300 1.27763e-267
2425 300 1.19766e-275
2450 300 3.93323e-284
2475 300 3.40976e-293
2500 300 5.07349e-303
2525 300 5.55378e-314
2550 300 0
2575 300 0
2600 300 0
2625 300 0
2650 300 0
2675 300 0
2700 300 0
2725 300 0
2750 300 0
2775 300 0
2800 300 0
2825 300 0
2850 300 0
2875 300 0
2900 300 0
2925 300 0
2950 300 0
2975 300 0
0 325 0
25 325 8.05106e-150
50 325 3.6062e-144
75 325 1.26101e-138
100 325 3.4311e-133
125 325 7.23903e-128
150 325 1.17993e-122
175 325 1.48e-117
200 325 1.42263e-112
225 325 1.04337e-107
250 325 5.81134e-103
275 325 2.44603e-98
300 325 7.7397e-94
325 325 1.8309e-89
350 325 3.2192e-85
375 325 4.1812e-81
400 325 3.98576e-77
425 325 2.76965e-73
450 325 1.39302e-69
475 325 5.03371e-66
500 325 1.29686e-62
525 325 2.36349e-59
550 325 3.02268e-56
575 325 2.691e-53
600 325 1.65452e-50
625 325 6.97154e-48
650 325 1.99877e-45
675 325 3.87401e-43
700 325 5.04832e-41
725 325 4.4045e-39
750 325 2.56596e-37
775 325 9.97232e-36
800 325 2.58764e-34
825 325 4.49469e-33
850 325 5.24756e-32
875 325 4.13939e-31
900 325 2.21898e-30
925 325 8.1307e-30
950 325 2.04706e-29
975 325 3.556e-29
1000 325 4.27339e-29
1025 325 3.556e-29
1050 325 2.04706e-29
1075 325 8.1307e-30
1100 325 2.21898e-30
1125 325 4.13939e-31
1150 325 5.24756e-32
1175 325 4.49469e-33
1200 325 2.58764e-34
1225 325 9.97232e-36
1250 325 2.56596e-37
1275 325 4.4045e-39
1300 325 5.04832e-41
1325 325 3.87401e-43
1350 325 1.99877e-45
1375 325 6.97154e-48
1400 325 1.65452e-50
1425 325 2.691e-53
1450 325 3.02268e-56
1475 325 2.36349e-59
1500 325 1.29686e-62
1525 325 5.03371e-66
1550 325 1.39302e-69
1575 325 2.76965e-73
1600 325 3.98576e-77
1625 325 4.1812e-81
1650 325 3.2192e-85
1675 325 1.8309e-89
1700 325 7.7397e-94
1725 325 2.44603e-98
1750 325 5.81134e-103
1775 325 1.04337e-107
1800 325 1.42263e-112
1825 325 1.48e-117
1850 325 1.17993e-122
1875 325 7.23903e-128
1900 325 3.4311e-133
1925 325 1.26101e-138
1950 325 3.6062e-144
1975 325 8.05106e-150
2000 325 1.40758e-155
2025 325 1.93275e-161
2050 325 2.09008e-167
2075 325 1.78468e-173
2100 325 1.20623e-179
2125 325 6.46818e-186
2150 325 2.75778e-192
2175 325 9.36824e-199
2200 325 2.5405e-205
2225 325 5.50984e-212
2250 325 9.57341e-219
2275 325 1.33477e-225
2300 325 1.4954e-232
2325 325 1.34565e-239
2350 325 9.61037e-247
2375 325 5.16329e-254
2400 325 1.83461e-261
2425 325 3.56004e-269
2450 325 3.04784e-277
2475 325 9.15876e-286
2500 325 7.27974e-295
2525 325 9.95164e-305
2550 325 1.00288e-315
2575 325 0
2600 325 0
2625 325 0
2650 325 0
2675 325 0
2700 325 0
2725 325 0
2750 325 0
2775 325 0
2800 325 0
2825 325 0
2850 325 0
2875 325 0
2900 325 0
2925 325 0
2950 325 0
2975 325 0
0 350 0
25 350 5.77453e-145
50 350 2.30215e-139
75 350 7.16538e-134
100 350 1.73536e-128
125 350 3.25873e-123
150 350 4.7271e-118
175 350 5.276e-113
200 350 4.51182e-108
225 350 2.94306e-103
250 350 1.45746e-98
275 350 5.45225e-94
300 350 1.53262e-89
325 350 3.2192e-85
350 350 5.02285e-81
375 350 5.78551e-77
400 350 4.88744e-73
425 350 3.00742e-69
450 350 1.33835e-65
475 350 4.27546e-62
500 350 9.72975e-59
525 350 1.56501e-55
550 350 1.76516e-52
575 350 1.38503e-49
600 350 7.50218e-47
625 350 2.78459e-44
650 350 7.03464e-42
675 350 1.20245e-39
700 350 1.38413e-37
725 350 1.06944e-35
750 350 5.53769e-34
775 350 1.9224e-32
800 350 4.48429e-31
825 350 7.0577e-30
850 350 7.53695e-29
875 350 5.49781e-28
900 350 2.75896e-27
925 350 9.5915e-27
950 350 2.32427e-26
975 350 3.9449e-26
1000 350 4.70401e-26
1025 350 3.9449e-26
1050 350 2.32427e-26
1075 350 9.5915e-27
1100 350 2.75896e-27
1125 350 5.49781e-28
1150 350 7.53695e-29
1175 350 7.0577e-30
1200 350 4.48429e-31
1225 350 1.9224e-32
1250 350 5.53769e-34
1275 350 1.06944e-35
1300 350 1.38413e-37
1325 350 1.20245e-39
1350 350 7.03464e-42
1375 350 2.78459e-44
1400 350 7.50218e-47
1425 350 1.38503e-49
1450 350 1.76516e-52
1475 350 1.56501e-55
1500 350 9.72975e-59
1525 350 4.27546e-62
1550 350 1.33835e-65
1575 350 3.00742e-69
1600 350 4.88744e-73
1625 350 5.78551e-77
1650 350 5.02285e-81
1675 350 3.2192e-85
1700 350 1.53262e-89
1725 350 5.45225e-94
1750 350 1.45746e-98
1775 350 2.94306e-103
1800 350 4.51182e-108
1825 350 5.276e-113
1850 350 4.7271e-118
1875 350 3.25873e-123
1900 350 1.73536e-128
1925 350 7.16538e-134
1950 350 2.30215e-139
1975 350 5.77453e-145
2000 350 1.13436e-150
2025 350 1.75034e-156
2050 350 2.12738e-162
2075 350 2.04202e-168
2100 350 1.55183e-174
2125 350 9.35876e-181
2150 350 4.4889e-187
2175 350 1.71599e-193
2200 350 5.23835e-200
2225 350 1.27934e-206
2250 350 2.50409e-213
2275 350 3.93458e-220
2300 350 4.97055e-227
2325 350 5.05514e-234
2350 350 4.13665e-241
2375 350 2.69048e-248
2400 350 1.31763e-255
2425 350 4.27034e-263
2450 350 7.56551e-271
2475 350 5.92227e-279
2500 350 1.63027e-287
2525 350 1.18947e-296
2550 350 1.49571e-306
2575 350 1.38933e-317
2600 350 0
2625 350 0
2650 350 0
2675 350 0
2700 350 0
2725 350 0
2750 350 0
2775 350 0
2800 350 0
2825 350 0
2850 350 0
2875 350 0
2900 350 0
2925 350 0
2950 350 0
2975 350 0
0 375 0
25 375 3.06227e-140
50 375 1.0869e-134
75 375 3.01179e-129
100 375 6.49354e-124
125 375 1.08544e-118
150 375 1.40135e-113
175 375 1.39175e-108
200 375 1.05875e-103
225 375 6.14154e-99
250 375 2.70357e-94
275 375 8.98607e-90
300 375 2.24308e-85
325 375 4.1812e-81
350 375 5.78551e-77
375 375 5.90516e-73
400 375 4.41671e-69
425 375 2.40401e-65
450 375 9.45385e-62
475 375 2.66606e-58
500 375 5.35031e-55
525 375 7.58105e-52
550 375 7.52486e-49
575 375 5.19154e-46
600 375 2.47085e-43
625 375 8.05525e-41
650 375 1.78747e-38
675 375 2.68549e-36
700 375 2.72091e-34
725 375 1.85488e-32
750 375 8.50494e-31
775 375 2.62739e-29
800 375 5.48949e-28
825 375 7.80146e-27
850 375 7.59637e-26
875 375 5.1097e-25
900 375 2.39473e-24
925 375 7.88385e-24
950 375 1.83626e-23
975 375 3.04255e-23
1000 375 3.59888e-23
1025 375 3.04255e-23
1050 375 1.83626e-23
1075 375 7.88385e-24
1100 375 2.39473e-24
1125 375 5.1097e-25
1150 375 7.59637e-26
1175 375 7.80146e-27
1200 375 5.48949e-28
1225 375 2.62739e-29
1250 375 8.50494e-31
1275 375 1.85488e-32
1300 375 2.72091e-34
1325 375 2.68549e-36
1350 375 1.78747e-38
1375 375 8.05525e-41
1400 375 2.47085e-43
1425 375 5.19154e-46
1450 375 7.52486e-49
1475 375 7.58105e-52
1500 375 5.35031e-55
1525 375 2.66606e-58
1550 375 9.45385e-62
1575 375 2.40401e-65
1600 375 4.41671e-69
1625 375 5.90516e-73
1650 375 5.78551e-77
1675 375 4.1812e-81
1700 375 2.24308e-85
1725 375 8.98607e-90
1750 375 2.70357e-94
1775 375 6.14154e-99
1800 375 1.05875e-103
1825 375 1.39175e-108
1850 375 1.40135e-113
1875 375 1.08544e-118
1900 375 6.49354e-124
1925 375 3.01179e-129
1950 375 1.0869e-134
1975 375 3.06227e-140
2000 375 6.75719e-146
2025 375 1.17129e-151
2050 375 1.59942e-157
2075 375 1.72514e-163
2100 375 1.47346e-169
2125 375 9.98948e-176
2150 375 5.38772e-182
2175 375 2.31656e-188
2200 375 7.9565e-195
2225 375 2.18705e-201
2250 375 4.8197e-208
2275 375 8.52967e-215
2300 375 1.21417e-221
2325 375 1.3922e-228
2350 375 1.28745e-235
2375 375 9.59572e-243
2400 375 5.69224e-250
2425 375 2.5446e-257
2450 375 7.53126e-265
2475 375 1.21951e-272
2500 375 8.73804e-281
2525 375 2.20587e-289
2550 375 1.479e-298
2575 375 1.71266e-308
2600 375 1.46831e-319
2625 375 0
2650 375 0
2675 375 0
2700 375 0
2725 375 0
2750 375 0
2775 375 0
2800 375 0
2825 375 0
2850 375 0
2875 375 0
2900 375 0
2925 375 0
2950 375 0
2975 375 0
0 400 0
25 400 1.19317e-135
50 400 3.77131e-130
75 400 9.30572e-125
100 400 1.78643e-119
125 400 2.6584e-114
150 400 3.05479e-109
175 400 2.69956e-104
200 400 1.82672e-99
225 400 9.42156e-95
250 400 3.68583e-90
275 400 1.0881e-85
300 400 2.4108e-81
325 400 3.98576e-77
350 400 4.88744e-73
375 400 4.41671e-69
400 400 2.9218e-65
425 400 1.40505e-61
450 400 4.87592e-58
475 400 1.2119e-54
500 400 2.14073e-51
525 400 2.66644e-48
550 400 2.32364e-45
575 400 1.4058e-42
600 400 5.86143e-40
625 400 1.67288e-37
650 400 3.24896e-35
675 400 4.27372e-33
700 400 3.79567e-31
725 400 2.27325e-29
750 400 9.18909e-28
775 400 2.51506e-26
800 400 4.68638e-25
825 400 5.98926e-24
850 400 5.29729e-23
875 400 3.2747e-22
900 400 1.42918e-21
925 400 4.44534e-21
950 400 9.93486e-21
975 400 1.60537e-20
1000 400 1.88301e-20
1025 400 1.60537e-20
1050 400 9.93486e-21
1075 400 4.44534e-21
1100 400 1.42918e-21
1125 400 3.2747e-22
1150 400 5.29729e-23
1175 400 5.98926e-24
1200 400 4.68638e-25
1225 400 2.51506e-26
1250 400 9.18909e-28
1275 400 2.27325e-29
1300 400 3.79567e-31
1325 400 4.27372e-33
1350 400 3.24896e-35
1375 400 1.67288e-37
1400 400 5.86143e-40
1425 400 1.4058e-42
1450 400 2.32364e-45
1475 400 2.66644e-48
1500 400 2.14073e-51
1525 400 1.2119e-54
1550 400 4.87592e-58
1575 400 1.40505e-61
1600 400 2.9218e-65
1625 400 4.41671e-69
1650 400 4.88744e-73
1675 400 3.98576e-77
1700 400 2.4108e-81
1725 400 1.0881e-85
1750 400 3.68583e-90
1775 400 9.42156e-95
1800 400 1.82672e-99
1825 400 2.69956e-104
1850 400 3.05479e-109
1875 400 2.6584e-114
1900 400 1.78643e-119
1925 400 9.30572e-125
1950 400 3.77131e-130
1975 400 1.19317e-135
2000 400 2.95653e-141
2025 400 5.75515e-147
2050 400 8.82616e-153
2075 400 1.06931e-158
2100 400 1.02604e-164
2125 400 7.81627e-171
2150 400 4.73798e-177
2175 400 2.29022e-183
2200 400 8.84561e-190
2225 400 2.7351e-196
2250 400 6.78254e-203
2275 400 1.3512e-209
2300 400 2.16596e-216
2325 400 2.79792e-223
2350 400 2.91666e-230
2375 400 2.45642e-237
2400 400 1.6701e-244
2425 400 9.04881e-252
2450 400 3.69705e-259
2475 400 1.00039e-266
2500 400 1.4821e-274
2525 400 9.72987e-283
2550 400 2.25476e-291
2575 400 1.39068e-300
2600 400 1.48459e-310
2625 400 1.14129e-321
2650 400 0
2675 400 0
2700 400 0
2725 400 0
2750 400 0
2775 400 0
2800 400 0
2825 400 0
2850 400 0
2875 400 0
2900 400 0
2925 400 0
2950 400 0
2975 400 0
0 425 0
25 425 3.39298e-131
50 425 9.55285e-126
75 425 2.09948e-120
100 425 3.58923e-115
125 425 4.75554e-110
150 425 4.86411e-105
175 425 3.82477e-100
200 425 2.30193e-95
225 425 1.05544e-90
250 425 3.66844e-86
275 425 9.61517e-82
300 425 1.88996e-77
325 425 2.76965e-73
350 425 3.00742e-69
375 425 2.40401e-65
400 425 1.40505e-61
425 425 5.96174e-58
450 425 1.82291e-54
475 425 3.98616e-51
500 425 6.18514e-48
525 425 6.75655e-45
550 425 5.15554e-42
575 425 2.727e-39
600 425 9.92732e-37
625 425 2.47115e-34
650 425 4.1833e-32
675 425 4.79653e-30
700 425 3.71651e-28
725 425 1.94572e-26
750 425 6.89822e-25
775 425 1.66409e-23
800 425 2.75124e-22
825 425 3.14649e-21
850 425 2.51641e-20
875 425 1.42383e-19
900 425 5.76649e-19
925 425 1.68983e-18
950 425 3.61631e-18
975 425 5.69166e-18
1000 425 6.61729e-18
1025 425 5.69166e-18
1050 425 3.61631e-18
1075 425 1.68983e-18
1100 425 5.76649e-19
1125 425 1.42383e-19
1150 425 2.51641e-20
1175 425 3.14649e-21
1200 425 2.75124e-22
1225 425 1.66409e-23
1250 425 6.89822e-25
1275 425 1.94572e-26
1300 425 3.71651e-28
1325 425 4.79653e-30
1350 425 4.1833e-32
1375 425 2.47115e-34
1400 425 9.92732e-37
1425 425 2.727e-39
1450 425 5.15554e-42
1475 425 6.75655e-45
1500 425 6.18514e-48
1525 425 3.98616e-51
1550 425 1.82291e-54
1575 425 5.96174e-58
1600 425 1.40505e-61
1625 425 2.40401e-65
1650 425 3.00742e-69
1675 425 2.76965e-73
1700 425 1.88996e-77
1725 425 9.61517e-82
1750 425 3.66844e-86
1775 425 1.05544e-90
1800 425 2.30193e-95
1825 425 3.82477e-100
1850 425 4.86411e-105
1875 425 4.75554e-110
1900 425 3.58923e-115
1925 425 2.09948e-120
1950 425 9.55285e-126
1975 425 3.39298e-131
2000 425 9.43804e-137
2025 425 2.06243e-142
2050 425 3.55093e-148
2075 425 4.8302e-154
2100 425 5.20444e-160
2125 425 4.45279e-166
2150 425 3.03208e-172
2175 425 1.64681e-178
2200 425 7.14877e-185
2225 425 2.48509e-191
2250 425 6.93057e-198
2275 425 1.5533e-204
2300 425 2.80225e-211
2325 425 4.07551e-218
2350 425 4.78528e-225
2375 425 4.54217e-232
2400 425 3.48917e-239
2425 425 2.1671e-246
2450 425 1.07389e-253
2475 425 4.01487e-261
2500 425 9.94265e-269
2525 425 1.34894e-276
2550 425 8.1211e-285
2575 425 1.72914e-293
2600 425 9.82003e-303
2625 425 9.67407e-313
2650 425 0
2675 425 0
2700 425 0
2725 425 0
2750 425 0
2775 425 0
2800 425 0
2825 425 0
2850 425 0
2875 425 0
2900 425 0
2925 425 0
2950 425 0
2975 425 0
0 450 0
25 450 6.99158e-127
50 450 1.75395e-121
75 450 3.43418e-116
100 450 5.22941e-111
125 450 6.16982e-106
150 450 5.61757e-101
175 450 3.93045e-96
200 450 2.10378e-91
225 450 8.57348e-87
250 450 2.64679e-82
275 450 6.15696e-78
300 450 1.07311e-73
325 450 1.39302e-69
