0 0 0
25 0 0
50 0 0
75 0 0
100 0 0
125 0 0
150 0 0
175 0 0
200 0 0
225 0 0
250 0 0
275 0 0
300 0 0
325 0 0
350 0 0
375 0 0
400 0 0
425 0 0
450 0 0
475 0 0
500 0 0
525 0 0
550 0 0
575 0 0
600 0 0
625 0 0
650 0 0
675 0 0
700 0 0
725 0 0
750 0 0
775 0 0
800 0 0
825 0 0
850 0 0
875 0 0
900 0 0
925 0 0
950 0 0
975 0 0
1000 0 0
1025 0 0
1050 0 0
1075 0 0
1100 0 0
1125 0 0
1150 0 0
1175 0 0
1200 0 0
1225 0 0
1250 0 0
1275 0 0
1300 0 0
1325 0 0
1350 0 0
1375 0 0
1400 0 0
1425 0 0
1450 0 0
1475 0 0
1500 0 0
1525 0 0
1550 0 0
1575 0 0
1600 0 0
1625 0 0
1650 0 0
1675 0 0
1700 0 0
1725 0 0
1750 0 0
1775 0 0
1800 0 0
1825 0 0
1850 0 0
1875 0 0
1900 0 0
1925 0 0
1950 0 0
1975 0 0
2000 0 0
2025 0 0
2050 0 0
2075 0 0
2100 0 0
2125 0 0
2150 0 0
2175 0 0
2200 0 0
2225 0 0
2250 0 0
2275 0 0
2300 0 0
2325 0 0
2350 0 0
2375 0 0
2400 0 0
2425 0 0
2450 0 0
2475 0 0
2500 0 0
2525 0 0
2550 0 0
2575 0 0
2600 0 0
2625 0 0
2650 0 0
2675 0 0
2700 0 0
2725 0 0
2750 0 0
2775 0 0
2800 0 0
2825 0 0
2850 0 0
2875 0 0
2900 0 0
2925 0 0
2950 0 0
2975 0 0
0 25 0
25 25 -7.49503e-07
50 25 -1.78697e-06
75 25 -3.73956e-06
100 25 -7.55019e-06
125 25 -1.07623e-05
150 25 -7.99462e-07
175 25 2.96939e-05
200 25 4.93199e-05
225 25 2.41737e-05
250 25 -1.58274e-05
275 25 -2.69138e-05
300 25 -1.55672e-05
325 25 -4.95364e-06
350 25 -8.93406e-07
375 25 -3.71221e-09
400 25 1.1387e-07
425 25 1.17776e-07
450 25 1.11506e-07
475 25 1.05345e-07
500 25 9.98803e-08
525 25 9.50444e-08
550 25 9.07558e-08
575 25 8.69455e-08
600 25 8.35559e-08
625 25 8.05387e-08
650 25 7.78532e-08
675 25 7.54647e-08
700 25 7.3344e-08
725 25 7.14663e-08
750 25 6.98104e-08
775 25 6.83582e-08
800 25 6.70947e-08
825 25 6.6007e-08
850 25 6.50842e-08
875 25 6.43175e-08
900 25 6.36996e-08
925 25 6.32247e-08
950 25 6.28886e-08
975 25 6.26881e-08
1000 25 6.26215e-08
1025 25 6.26881e-08
1050 25 6.28886e-08
1075 25 6.32247e-08
1100 25 6.36996e-08
1125 25 6.43175e-08
1150 25 6.50842e-08
1175 25 6.6007e-08
1200 25 6.70947e-08
1225 25 6.83582e-08
1250 25 6.98104e-08
1275 25 7.14663e-08
1300 25 7.3344e-08
1325 25 7.54647e-08
1350 25 7.78532e-08
1375 25 8.05387e-08
1400 25 8.35559e-08
1425 25 8.69455e-08
1450 25 9.07558e-08
1475 25 9.50444e-08
1500 25 9.98804e-08
1525 25 1.05346e-07
1550 25 1.11543e-07
1575 25 1.18592e-07
1600 25 1.26644e-07
1625 25 1.35884e-07
1650 25 1.46544e-07
1675 25 1.58916e-07
1700 25 1.73375e-07
1725 25 1.90401e-07
1750 25 2.10626e-07
1775 25 2.34889e-07
1800 25 2.64322e-07
1825 25 3.00491e-07
1850 25 3.45603e-07
1875 25 4.02852e-07
1900 25 4.77009e-07
1925 25 5.75462e-07
1950 25 7.10194e-07
1975 25 9.01796e-07
2000 25 1.18859e-06
2025 25 1.6513e-06
2050 25 2.49716e-06
2075 25 4.31502e-06
2100 25 8.0272e-06
2125 25 1.11652e-05
2150 25 1.14507e-06
2175 25 -2.93934e-05
2200 25 -4.90556e-05
2225 25 -2.39388e-05
2250 25 1.6038e-05
2275 25 2.71042e-05
2300 25 1.57405e-05
2325 25 5.11255e-06
2350 25 1.03995e-06
2375 25 1.39596e-07
2400 25 1.27739e-08
2425 25 8.15877e-10
2450 25 3.70619e-11
2475 25 1.21636e-12
2500 25 2.9237e-14
2525 25 5.20877e-16
2550 25 6.95209e-18
2575 25 7.01877e-20
2600 25 5.4072e-22
2625 25 3.20419e-24
2650 25 1.47122e-26
2675 25 5.26961e-29
2700 25 1.48155e-31
2725 25 3.28846e-34
2750 25 5.79327e-37
2775 25 8.14076e-40
2800 25 9.16689e-43
2825 25 8.30745e-46
2850 25 6.08347e-49
2875 25 3.61336e-52
2900 25 1.74695e-55
2925 25 6.89762e-59
2950 25 2.2311e-62
2975 25 5.92937e-66
0 50 0
25 50 -1.78697e-06
50 50 -4.45788e-06
75 50 -9.23147e-06
100 50 -1.48074e-05
125 50 -1.0764e-05
150 50 1.54782e-05
175 50 5.24575e-05
200 50 6.61039e-05
225 50 3.70948e-05
250 50 -1.31111e-05
275 50 -3.99567e-05
300 50 -3.15461e-05
325 50 -1.34284e-05
350 50 -3.35352e-06
375 50 -3.53886e-07
400 50 1.83817e-07
425 50 2.34419e-07
450 50 2.25502e-07
475 50 2.13169e-07
500 50 2.02035e-07
525 50 1.92181e-07
550 50 1.83448e-07
575 50 1.75693e-07
600 50 1.68797e-07
625 50 1.62662e-07
650 50 1.57204e-07
675 50 1.52351e-07
700 50 1.48044e-07
725 50 1.44231e-07
750 50 1.40869e-07
775 50 1.37922e-07
800 50 1.35358e-07
825 50 1.33151e-07
850 50 1.31279e-07
875 50 1.29724e-07
900 50 1.28471e-07
925 50 1.27508e-07
950 50 1.26827e-07
975 50 1.2642e-07
1000 50 1.26285e-07
1025 50 1.2642e-07
1050 50 1.26827e-07
1075 50 1.27508e-07
1100 50 1.28471e-07
1125 50 1.29724e-07
1150 50 1.31279e-07
1175 50 1.33151e-07
1200 50 1.35358e-07
1225 50 1.37922e-07
1250 50 1.40869e-07
1275 50 1.44231e-07
1300 50 1.48044e-07
1325 50 1.52351e-07
1350 50 1.57204e-07
1375 50 1.62662e-07
1400 50 1.68797e-07
1425 50 1.75693e-07
1450 50 1.83448e-07
1475 50 1.92181e-07
1500 50 2.02036e-07
1525 50 2.13182e-07
1550 50 2.25827e-07
1575 50 2.40225e-07
1600 50 2.56687e-07
1625 50 2.75599e-07
1650 50 2.97447e-07
1675 50 3.2284e-07
1700 50 3.52565e-07
1725 50 3.87635e-07
1750 50 4.29388e-07
1775 50 4.79607e-07
1800 50 5.40723e-07
1825 50 6.16111e-07
1850 50 7.10577e-07
1875 50 8.31157e-07
1900 50 9.88514e-07
1925 50 1.19949e-06
1950 50 1.49213e-06
1975 50 1.91668e-06
2000 50 2.57367e-06
2025 50 3.70365e-06
2050 50 5.95001e-06
2075 50 1.0431e-05
2100 50 1.5796e-05
2125 50 1.15952e-05
2150 50 -1.47676e-05
2175 50 -5.18414e-05
2200 50 -6.55631e-05
2225 50 -3.66152e-05
2250 50 1.35405e-05
2275 50 4.03444e-05
2300 50 3.18986e-05
2325 50 1.37513e-05
2350 50 3.65097e-06
2375 50 6.29486e-07
2400 50 7.28697e-08
2425 50 5.80632e-09
2450 50 3.24953e-10
2475 50 1.29938e-11
2500 50 3.76795e-13
2525 50 8.02817e-15
2550 50 1.27158e-16
2575 50 1.51305e-18
2600 50 1.36542e-20
2625 50 9.42625e-23
2650 50 5.0176e-25
2675 50 2.07433e-27
2700 50 6.70468e-30
2725 50 1.70474e-32
2750 50 3.42916e-35
2775 50 5.48594e-38
2800 50 7.01411e-41
2825 50 7.19995e-44
2850 50 5.95891e-47
2875 50 3.99215e-50
2900 50 2.17301e-53
2925 50 9.64361e-57
2950 50 3.50071e-60
2975 50 1.04265e-63
0 75 0
25 75 -3.73956e-06
50 75 -9.23147e-06
75 75 -1.55558e-05
100 75 -1.34301e-05
125 75 8.57265e-06
150 75 4.06868e-05
175 75 5.69747e-05
200 75 5.22182e-05
225 75 3.60366e-05
250 75 4.57296e-06
275 75 -3.1934e-05
300 75 -4.22334e-05
325 75 -2.62293e-05
350 75 -9.26462e-06
375 75 -1.79343e-06
400 75 6.31058e-08
425 75 3.34891e-07
450 75 3.43478e-07
475 75 3.26054e-07
500 75 3.08889e-07
525 75 2.93638e-07
550 75 2.80133e-07
575 75 2.68152e-07
600 75 2.57509e-07
625 75 2.48047e-07
650 75 2.39633e-07
675 75 2.32158e-07
700 75 2.25527e-07
725 75 2.1966e-07
750 75 2.14489e-07
775 75 2.09958e-07
800 75 2.06017e-07
825 75 2.02626e-07
850 75 1.99751e-07
875 75 1.97363e-07
900 75 1.95438e-07
925 75 1.9396e-07
950 75 1.92914e-07
975 75 1.9229e-07
1000 75 1.92082e-07
1025 75 1.9229e-07
1050 75 1.92914e-07
1075 75 1.9396e-07
1100 75 1.95438e-07
1125 75 1.97363e-07
1150 75 1.99751e-07
1175 75 2.02626e-07
1200 75 2.06017e-07
1225 75 2.09958e-07
1250 75 2.14489e-07
1275 75 2.1966e-07
1300 75 2.25527e-07
1325 75 2.32158e-07
1350 75 2.39633e-07
1375 75 2.48047e-07
1400 75 2.57509e-07
1425 75 2.68152e-07
1450 75 2.80133e-07
1475 75 2.93638e-07
1500 75 3.08893e-07
1525 75 3.26167e-07
1550 75 3.45792e-07
1575 75 3.6817e-07
1600 75 3.93799e-07
1625 75 4.233e-07
1650 75 4.57453e-07
1675 75 4.9725e-07
1700 75 5.43967e-07
1725 75 5.9927e-07
1750 75 6.65368e-07
1775 75 7.45238e-07
1800 75 8.42974e-07
1825 75 9.64344e-07
1850 75 1.11769e-06
1875 75 1.31548e-06
1900 75 1.5771e-06
1925 75 1.93434e-06
1950 75 2.44299e-06
1975 75 3.21243e-06
2000 75 4.49733e-06
2025 75 6.95199e-06
2050 75 1.16745e-05
2075 75 1.74901e-05
2100 75 1.50072e-05
2125 75 -7.25717e-06
2150 75 -3.95691e-05
2175 75 -5.60103e-05
2200 75 -5.13752e-05
2225 75 -3.52913e-05
2250 75 -3.9076e-06
2275 75 3.25332e-05
2300 75 4.27773e-05
2325 75 2.67265e-05
2350 75 9.72207e-06
2375 75 2.21673e-06
2400 75 3.30693e-07
2425 75 3.32784e-08
2450 75 2.31389e-09
2475 75 1.13395e-10
2500 75 3.98359e-12
2525 75 1.01811e-13
2550 75 1.91778e-15
2575 75 2.69356e-17
2600 75 2.85033e-19
2625 75 2.29397e-21
2650 75 1.41616e-23
2675 75 6.75858e-26
2700 75 2.51139e-28
2725 75 7.31371e-31
2750 75 1.67939e-33
2775 75 3.05761e-36
2800 75 4.43689e-39
2825 75 5.15621e-42
2850 75 4.82037e-45
2875 75 3.64034e-48
2900 75 2.22948e-51
2925 75 1.11135e-54
2950 75 4.52442e-58
2975 75 1.50914e-61
0 100 0
25 100 -7.55019e-06
50 100 -1.48074e-05
75 100 -1.34301e-05
100 100 6.9664e-06
125 100 3.71301e-05
150 100 5.14365e-05
175 100 4.3202e-05
200 100 3.07734e-05
225 100 2.72426e-05
250 100 1.99394e-05
275 100 -9.02701e-06
300 100 -3.89305e-05
325 100 -3.87904e-05
350 100 -1.97601e-05
375 100 -5.68055e-06
400 100 -6.75867e-07
425 100 3.50206e-07
450 100 4.61257e-07
475 100 4.46518e-07
500 100 4.23168e-07
525 100 4.01929e-07
550 100 3.83126e-07
575 100 3.66467e-07
600 100 3.51686e-07
625 100 3.38559e-07
650 100 3.269e-07
675 100 3.1655e-07
700 100 3.07375e-07
725 100 2.99264e-07
750 100 2.9212e-07
775 100 2.85863e-07
800 100 2.80424e-07
825 100 2.75746e-07
850 100 2.7178e-07
875 100 2.68488e-07
900 100 2.65835e-07
925 100 2.63798e-07
950 100 2.62356e-07
975 100 2.61497e-07
1000 100 2.61211e-07
1025 100 2.61497e-07
1050 100 2.62356e-07
1075 100 2.63798e-07
1100 100 2.65835e-07
1125 100 2.68488e-07
1150 100 2.7178e-07
1175 100 2.75746e-07
1200 100 2.80424e-07
1225 100 2.85863e-07
1250 100 2.9212e-07
1275 100 2.99264e-07
1300 100 3.07375e-07
1325 100 3.1655e-07
1350 100 3.269e-07
1375 100 3.38559e-07
1400 100 3.51686e-07
1425 100 3.66467e-07
1450 100 3.83126e-07
1475 100 4.0193e-07
1500 100 4.23203e-07
1525 100 4.47335e-07
1550 100 4.74803e-07
1575 100 5.06193e-07
1600 100 5.42233e-07
1625 100 5.83834e-07
1650 100 6.32149e-07
1675 100 6.88655e-07
1700 100 7.5527e-07
1725 100 8.34518e-07
1750 100 9.29787e-07
1775 100 1.0457e-06
1800 100 1.18874e-06
1825 100 1.36819e-06
1850 100 1.59783e-06
1875 100 1.89893e-06
1900 100 2.30603e-06
1925 100 2.87938e-06
1950 100 3.7365e-06
1975 100 5.14924e-06
2000 100 7.79192e-06
2025 100 1.26994e-05
2050 100 1.8544e-05
2075 100 1.63095e-05
2100 100 -4.66037e-06
2125 100 -3.52312e-05
2150 100 -4.98387e-05
2175 100 -4.18338e-05
2200 100 -2.95847e-05
2225 100 -2.61968e-05
2250 100 -1.90096e-05
2275 100 9.86153e-06
2300 100 3.96858e-05
2325 100 3.94791e-05
2350 100 2.03923e-05
2375 100 6.26438e-06
2400 100 1.2181e-06
2425 100 1.55987e-07
2450 100 1.35463e-08
2475 100 8.16638e-10
2500 100 3.48487e-11
2525 100 1.07037e-12
2550 100 2.40097e-14
2575 100 3.98387e-16
2600 100 4.94593e-18
2625 100 4.64154e-20
2650 100 3.32325e-22
2675 100 1.83061e-24
2700 100 7.81774e-27
2725 100 2.60654e-29
2750 100 6.82872e-32
2775 100 1.4141e-34
2800 100 2.3274e-37
2825 100 3.05993e-40
2850 100 3.22886e-43
2875 100 2.74657e-46
2900 100 1.89107e-49
2925 100 1.05794e-52
2950 100 4.8261e-56
2975 100 1.80121e-59
0 125 0
25 125 -1.07623e-05
50 125 -1.0764e-05
75 125 8.57265e-06
100 125 3.71301e-05
125 125 5.03854e-05
150 125 4.11147e-05
175 125 2.5079e-05
200 125 1.66417e-05
225 125 1.8463e-05
250 125 2.38166e-05
275 125 1.3098e-05
300 125 -2.02813e-05
325 125 -4.23461e-05
350 125 -3.27396e-05
375 125 -1.34726e-05
400 125 -2.95019e-06
425 125 5.77875e-08
450 125 5.51376e-07
475 125 5.75457e-07
500 125 5.48009e-07
525 125 5.20042e-07
550 125 4.95166e-07
575 125 4.73162e-07
600 125 4.5367e-07
625 125 4.36386e-07
650 125 4.21054e-07
675 125 4.07459e-07
700 125 3.95422e-07
725 125 3.8479e-07
750 125 3.75434e-07
775 125 3.67245e-07
800 125 3.60132e-07
825 125 3.54017e-07
850 125 3.48836e-07
875 125 3.44536e-07
900 125 3.41074e-07
925 125 3.38415e-07
950 125 3.36533e-07
975 125 3.35412e-07
1000 125 3.35039e-07
1025 125 3.35412e-07
1050 125 3.36533e-07
1075 125 3.38415e-07
1100 125 3.41074e-07
1125 125 3.44536e-07
1150 125 3.48836e-07
1175 125 3.54017e-07
1200 125 3.60132e-07
1225 125 3.67245e-07
1250 125 3.75434e-07
1275 125 3.8479e-07
1300 125 3.95422e-07
1325 125 4.07459e-07
1350 125 4.21054e-07
1375 125 4.36386e-07
1400 125 4.5367e-07
1425 125 4.73162e-07
1450 125 4.95167e-07
1475 125 5.20052e-07
1500 125 5.48262e-07
1525 125 5.80339e-07
1550 125 6.16946e-07
1575 125 6.58905e-07
1600 125 7.07241e-07
1625 125 7.6325e-07
1650 125 8.28584e-07
1675 125 9.05382e-07
1700 125 9.96451e-07
1725 125 1.10554e-06
1750 125 1.23776e-06
1775 125 1.40022e-06
1800 125 1.6031e-06
1825 125 1.86144e-06
1850 125 2.19838e-06
1875 125 2.65147e-06
1900 125 3.28625e-06
1925 125 4.23163e-06
1950 125 5.78734e-06
1975 125 8.66508e-06
2000 125 1.37941e-05
2025 125 1.94274e-05
2050 125 1.65514e-05
2075 125 -4.34102e-06
2100 125 -3.38439e-05
2125 125 -4.77339e-05
2150 125 -3.89163e-05
2175 125 -2.32176e-05
2200 125 -1.50386e-05
2225 125 -1.70628e-05
2250 125 -2.25789e-05
2275 125 -1.19925e-05
2300 125 2.12778e-05
2325 125 4.32515e-05
2350 125 3.35682e-05
2375 125 1.42358e-05
2400 125 3.65743e-06
2425 125 6.01117e-07
2450 125 6.557e-08
2475 125 4.88156e-09
2500 125 2.53712e-10
2525 125 9.38192e-12
2550 125 2.50889e-13
2575 125 4.92127e-15
2600 125 7.17004e-17
2625 125 7.84622e-19
2650 125 6.51393e-21
2675 125 4.13995e-23
2700 125 2.03086e-25
2725 125 7.74725e-28
2750 125 2.31403e-30
2775 125 5.44599e-33
2800 125 1.01575e-35
2825 125 1.50947e-38
2850 125 1.79617e-41
2875 125 1.71929e-44
2900 125 1.32952e-47
2925 125 8.33901e-51
2950 125 4.25825e-54
2975 125 1.77646e-57
0 150 0
25 150 -7.99462e-07
50 150 1.54782e-05
75 150 4.06868e-05
100 150 5.14365e-05
125 150 4.11147e-05
150 150 2.41881e-05
175 150 1.35112e-05
200 150 1.05657e-05
225 150 1.29978e-05
250 150 1.99716e-05
275 150 2.34057e-05
300 150 3.59883e-06
325 150 -3.11537e-05
350 150 -4.16892e-05
375 150 -2.50214e-05
400 150 -8.08629e-06
425 150 -1.08189e-06
450 150 5.13497e-07
475 150 7.05441e-07
500 150 6.86666e-07
525 150 6.51672e-07
550 150 6.19653e-07
575 150 5.91352e-07
600 150 5.66335e-07
625 150 5.44194e-07
650 150 5.24587e-07
675 150 5.0723e-07
700 150 4.91881e-07
725 150 4.78341e-07
750 150 4.66438e-07
775 150 4.56031e-07
800 150 4.46998e-07
825 150 4.39238e-07
850 150 4.32668e-07
875 150 4.27217e-07
900 150 4.2283e-07
925 150 4.19463e-07
950 150 4.17081e-07
975 150 4.15661e-07
1000 150 4.15189e-07
1025 150 4.15661e-07
1050 150 4.17081e-07
1075 150 4.19463e-07
1100 150 4.2283e-07
1125 150 4.27217e-07
1150 150 4.32668e-07
1175 150 4.39238e-07
1200 150 4.46998e-07
1225 150 4.56031e-07
1250 150 4.66438e-07
1275 150 4.78341e-07
1300 150 4.91881e-07
1325 150 5.0723e-07
1350 150 5.24587e-07
1375 150 5.44194e-07
1400 150 5.66335e-07
1425 150 5.91352e-07
1450 150 6.19655e-07
1475 150 6.51741e-07
1500 150 6.88212e-07
1525 150 7.29809e-07
1550 150 7.77443e-07
1575 150 8.32255e-07
1600 150 8.95678e-07
1625 150 9.69541e-07
1650 150 1.05621e-06
1675 150 1.15877e-06
1700 150 1.28136e-06
1725 150 1.42959e-06
1750 150 1.61127e-06
1775 150 1.83757e-06
1800 150 2.12502e-06
1825 150 2.49905e-06
1850 150 3.00112e-06
1875 150 3.70429e-06
1900 150 4.75524e-06
1925 150 6.49823e-06
1950 150 9.69678e-06
1975 150 1.50903e-05
2000 150 2.02267e-05
2025 150 1.58898e-05
2050 150 -5.78142e-06
2075 150 -3.41885e-05
2100 150 -4.66813e-05
2125 150 -3.74104e-05
2150 150 -2.1187e-05
2175 150 -1.10122e-05
2200 150 -8.44066e-06
2225 150 -1.11602e-05
2250 150 -1.83603e-05
2275 150 -2.19761e-05
2300 150 -2.31747e-06
2325 150 3.23124e-05
2350 150 4.27454e-05
2375 150 2.5991e-05
2400 150 8.98196e-06
2425 150 1.91415e-06
2450 150 2.63946e-07
2475 150 2.43673e-08
2500 150 1.54662e-09
2525 150 6.89713e-11
2550 150 2.20101e-12
2575 150 5.10618e-14
2600 150 8.73118e-16
2625 150 1.11389e-17
2650 150 1.07179e-19
2675 150 7.85442e-22
2700 150 4.42252e-24
2725 150 1.92861e-26
2750 150 6.5615e-29
2775 150 1.75323e-31
2800 150 3.70177e-34
2825 150 6.2111e-37
2850 150 8.32493e-40
2875 150 8.95662e-43
2900 150 7.76976e-46
2925 150 5.45738e-49
2950 150 3.11576e-52
2975 150 1.45119e-55
0 175 0
25 175 2.96939e-05
50 175 5.24575e-05
75 175 5.69747e-05
100 175 4.3202e-05
125 175 2.5079e-05
150 175 1.35112e-05
175 175 9.13801e-06
200 175 8.68171e-06
225 175 1.03799e-05
250 175 1.50614e-05
275 175 2.28011e-05
300 175 2.00448e-05
325 175 -9.29576e-06
350 175 -3.91955e-05
375 175 -3.66913e-05
400 175 -1.69616e-05
425 175 -4.02635e-06
450 175 7.45286e-08
475 175 7.99668e-07
500 175 8.40547e-07
525 175 8.01436e-07
550 175 7.60968e-07
575 175 7.25035e-07
600 175 6.93347e-07
625 175 6.65369e-07
650 175 6.40648e-07
675 175 6.18804e-07
700 175 5.99523e-07
725 175 5.82539e-07
750 175 5.67629e-07
775 175 5.54608e-07
800 175 5.43318e-07
825 175 5.33629e-07
850 175 5.25431e-07
875 175 5.18635e-07
900 175 5.13168e-07
925 175 5.08973e-07
950 175 5.06006e-07
975 175 5.04238e-07
1000 175 5.03651e-07
1025 175 5.04238e-07
1050 175 5.06006e-07
1075 175 5.08973e-07
1100 175 5.13168e-07
1125 175 5.18635e-07
1150 175 5.25431e-07
1175 175 5.33629e-07
1200 175 5.43318e-07
1225 175 5.54608e-07
1250 175 5.67629e-07
1275 175 5.82539e-07
1300 175 5.99523e-07
1325 175 6.18804e-07
1350 175 6.40648e-07
1375 175 6.65369e-07
1400 175 6.93347e-07
1425 175 7.25035e-07
1450 175 7.60985e-07
1475 175 8.01864e-07
1500 175 8.48491e-07
1525 175 9.01879e-07
1550 175 9.63287e-07
1575 175 1.0343e-06
1600 175 1.11695e-06
1625 175 1.21384e-06
1650 175 1.3284e-06
1675 175 1.4652e-06
1700 175 1.63044e-06
1725 175 1.83281e-06
1750 175 2.0847e-06
1775 175 2.40456e-06
1800 175 2.82094e-06
1825 175 3.38083e-06
1850 175 4.16872e-06
1875 175 5.35979e-06
1900 175 7.36592e-06
1925 175 1.09997e-05
1950 175 1.66452e-05
1975 175 2.08289e-05
2000 175 1.41637e-05
2025 175 -8.86504e-06
2050 175 -3.58123e-05
2075 175 -4.59749e-05
2100 175 -3.58361e-05
2125 175 -1.97193e-05
2150 175 -9.34249e-06
2175 175 -5.75718e-06
2200 175 -5.86077e-06
2225 175 -7.97531e-06
2250 175 -1.29767e-05
2275 175 -2.09683e-05
2300 175 -1.84144e-05
2325 175 1.0761e-05
2350 175 4.05239e-05
2375 175 3.79052e-05
2400 175 1.80786e-05
2425 175 5.06066e-06
2450 175 8.88758e-07
2475 175 1.0221e-07
2500 175 7.94462e-09
2525 175 4.27961e-10
2550 175 1.63113e-11
2575 175 4.47668e-13
2600 175 8.98263e-15
2625 175 1.33538e-16
2650 175 1.48822e-18
2675 175 1.25647e-20
2700 175 8.11235e-23
2725 175 4.03978e-25
2750 175 1.56367e-27
2775 175 4.73776e-30
2800 175 1.13098e-32
2825 175 2.13977e-35
2850 175 3.22621e-38
2875 175 3.89612e-41
2900 175 3.78639e-44
2925 175 2.97417e-47
2950 175 1.8959e-50
2975 175 9.845e-54
0 200 0
25 200 4.93199e-05
50 200 6.61039e-05
75 200 5.22182e-05
100 200 3.07734e-05
125 200 1.66417e-05
150 200 1.05657e-05
175 200 8.68171e-06
200 200 8.5131e-06
225 200 9.40036e-06
250 200 1.19657e-05
275 200 1.81469e-05
300 200 2.47001e-05
325 200 1.18834e-05
350 200 -2.35818e-05
375 200 -4.19249e-05
400 200 -2.84257e-05
425 200 -9.87739e-06
450 200 -1.3334e-06
475 200 7.42463e-07
500 200 1.00192e-06
525 200 9.74751e-07
550 200 9.24947e-07
575 200 8.79532e-07
600 200 8.39552e-07
625 200 8.0436e-07
650 200 7.73348e-07
675 200 7.46012e-07
700 200 7.21934e-07
725 200 7.00765e-07
750 200 6.82214e-07
775 200 6.66036e-07
800 200 6.52028e-07
825 200 6.40018e-07
850 200 6.29867e-07
875 200 6.21459e-07
900 200 6.14699e-07
925 200 6.09515e-07
950 200 6.0585e-07
975 200 6.03667e-07
1000 200 6.02941e-07
1025 200 6.03667e-07
1050 200 6.0585e-07
1075 200 6.09515e-07
1100 200 6.14699e-07
1125 200 6.21459e-07
1150 200 6.29867e-07
1175 200 6.40018e-07
1200 200 6.52028e-07
1225 200 6.66036e-07
1250 200 6.82214e-07
1275 200 7.00765e-07
1300 200 7.21934e-07
1325 200 7.46012e-07
1350 200 7.73348e-07
1375 200 8.0436e-07
1400 200 8.39552e-07
1425 200 8.79535e-07
1450 200 9.2505e-07
1475 200 9.77007e-07
1500 200 1.03653e-06
1525 200 1.10502e-06
1550 200 1.18425e-06
1575 200 1.27647e-06
1600 200 1.3846e-06
1625 200 1.51246e-06
1650 200 1.66517e-06
1675 200 1.84972e-06
1700 200 2.07588e-06
1725 200 2.35772e-06
1750 200 2.71631e-06
1775 200 3.18463e-06
1800 200 3.81794e-06
1825 200 4.71886e-06
1850 200 6.10914e-06
1875 200 8.49591e-06
1900 200 1.26888e-05
1925 200 1.84245e-05
1950 200 2.09179e-05
1975 200 1.10161e-05
2000 200 -1.35572e-05
2025 200 -3.83039e-05
2050 200 -4.5186e-05
2075 200 -3.37937e-05
2100 200 -1.80846e-05
2125 200 -8.14575e-06
2150 200 -4.45653e-06
2175 200 -3.96285e-06
2200 200 -4.69516e-06
2225 200 -6.21573e-06
2250 200 -9.24943e-06
2275 200 -1.57891e-05
2300 200 -2.26242e-05
2325 200 -1.00337e-05
2350 200 2.5247e-05
2375 200 4.34373e-05
2400 200 2.98103e-05
2425 200 1.11539e-05
2450 200 2.51765e-06
2475 200 3.62559e-07
2500 200 3.46146e-08
2525 200 2.25602e-09
2550 200 1.0277e-10
2575 200 3.33712e-12
2600 200 7.85485e-14
2625 200 1.35981e-15
2650 200 1.75363e-17
2675 200 1.70383e-19
2700 200 1.2599e-21
2725 200 7.15497e-24
2750 200 3.14643e-26
2775 200 1.07948e-28
2800 200 2.90909e-31
2825 200 6.19681e-34
2850 200 1.04941e-36
2875 200 1.42034e-39
2900 200 1.54398e-42
2925 200 1.35416e-45
2950 200 9.62319e-49
2975 200 5.56278e-52
0 225 0
25 225 2.41737e-05
50 225 3.70948e-05
75 225 3.60366e-05
100 225 2.72426e-05
125 225 1.8463e-05
150 225 1.29978e-05
175 225 1.03799e-05
200 225 9.40036e-06
225 225 9.46136e-06
250 225 1.06758e-05
275 225 1.42881e-05
300 225 2.18958e-05
325 225 2.35633e-05
350 225 -1.59245e-06
375 225 -3.54925e-05
400 225 -3.8335e-05
425 225 -1.89761e-05
450 225 -4.57778e-06
475 225 2.56957e-07
500 225 1.13412e-06
525 225 1.17626e-06
550 225 1.11951e-06
575 225 1.06218e-06
600 225 1.01159e-06
625 225 9.67214e-07
650 225 9.28243e-07
675 225 8.93994e-07
700 225 8.63908e-07
725 225 8.37519e-07
750 225 8.14441e-07
775 225 7.94352e-07
800 225 7.76985e-07
825 225 7.62117e-07
850 225 7.49565e-07
875 225 7.39177e-07
900 225 7.30834e-07
925 225 7.24439e-07
950 225 7.1992e-07
975 225 7.17229e-07
1000 225 7.16335e-07
1025 225 7.17229e-07
1050 225 7.1992e-07
1075 225 7.24439e-07
1100 225 7.30834e-07
1125 225 7.39177e-07
1150 225 7.49565e-07
1175 225 7.62117e-07
1200 225 7.76985e-07
1225 225 7.94352e-07
1250 225 8.14441e-07
1275 225 8.37519e-07
1300 225 8.63908e-07
1325 225 8.93994e-07
1350 225 9.28243e-07
1375 225 9.67215e-07
1400 225 1.01159e-06
1425 225 1.0622e-06
1450 225 1.12006e-06
1475 225 1.18644e-06
1500 225 1.2629e-06
1525 225 1.35145e-06
1550 225 1.45462e-06
1575 225 1.57572e-06
1600 225 1.7191e-06
1625 225 1.8906e-06
1650 225 2.09822e-06
1675 225 2.35325e-06
1700 225 2.67209e-06
1725 225 3.07956e-06
1750 225 3.61524e-06
1775 225 4.34732e-06
1800 225 5.40899e-06
1825 225 7.09818e-06
1850 225 1.00341e-05
1875 225 1.48578e-05
1900 225 2.0217e-05
1925 225 1.99223e-05
1950 225 5.98632e-06
1975 225 -1.9722e-05
2000 225 -4.11243e-05
2025 225 -4.38958e-05
2050 225 -3.11085e-05
2075 225 -1.61143e-05
2100 225 -7.02554e-06
2125 225 -3.60519e-06
2150 225 -2.9637e-06
2175 225 -3.28169e-06
2200 225 -3.99137e-06
2225 225 -5.11404e-06
2250 225 -7.06057e-06
2275 225 -1.12085e-05
2300 225 -1.92237e-05
2325 225 -2.12101e-05
2350 225 3.69066e-06
2375 225 3.73831e-05
2400 225 4.00541e-05
2425 225 2.05519e-05
2450 225 6.0324e-06
2475 225 1.09449e-06
2500 225 1.28777e-07
2525 225 1.01718e-08
2550 225 5.54166e-10
2575 225 2.12888e-11
2600 225 5.87486e-13
2625 225 1.18329e-14
2650 225 1.76381e-16
2675 225 1.96958e-18
2700 225 1.66557e-20
2725 225 1.07703e-22
2750 225 5.3723e-25
2775 225 2.08353e-27
2800 225 6.32807e-30
2825 225 1.51507e-32
2850 225 2.87679e-35
2875 225 4.35619e-38
2900 225 5.28761e-41
2925 225 5.16925e-44
2950 225 4.08811e-47
2975 225 2.62616e-50
0 250 0
25 250 -1.58274e-05
50 250 -1.31111e-05
75 250 4.57296e-06
100 250 1.99394e-05
125 250 2.38166e-05
150 250 1.99716e-05
175 250 1.50614e-05
200 250 1.19657e-05
225 250 1.06758e-05
250 250 1.07443e-05
275 250 1.24553e-05
300 250 1.76436e-05
325 250 2.52882e-05
350 250 1.67395e-05
375 250 -1.82256e-05
400 250 -4.09961e-05
425 250 -2.97157e-05
450 250 -1.04877e-05
475 250 -1.1698e-06
500 250 1.13147e-06
525 250 1.40423e-06
550 250 1.35533e-06
575 250 1.28344e-06
600 250 1.21888e-06
625 250 1.16245e-06
650 250 1.11309e-06
675 250 1.06989e-06
700 250 1.03206e-06
725 250 9.98972e-07
750 250 9.70114e-07
775 250 9.4505e-07
800 250 9.23425e-07
825 250 9.04943e-07
850 250 8.89362e-07
875 250 8.76484e-07
900 250 8.6615e-07
925 250 8.58236e-07
950 250 8.52648e-07
975 250 8.49321e-07
1000 250 8.48216e-07
1025 250 8.49321e-07
1050 250 8.52648e-07
1075 250 8.58236e-07
1100 250 8.6615e-07
1125 250 8.76484e-07
1150 250 8.89362e-07
1175 250 9.04943e-07
1200 250 9.23425e-07
1225 250 9.4505e-07
1250 250 9.70114e-07
1275 250 9.98972e-07
1300 250 1.03206e-06
1325 250 1.06989e-06
1350 250 1.11309e-06
1375 250 1.16245e-06
1400 250 1.21888e-06
1425 250 1.28355e-06
1450 250 1.3579e-06
1475 250 1.44372e-06
1500 250 1.54329e-06
1525 250 1.65955e-06
1550 250 1.7963e-06
1575 250 1.95859e-06
1600 250 2.15325e-06
1625 250 2.38971e-06
1650 250 2.6814e-06
1675 250 3.04811e-06
1700 250 3.52028e-06
1725 250 4.14782e-06
1750 250 5.02087e-06
1775 250 6.32723e-06
1800 250 8.48159e-06
1825 250 1.21678e-05
1850 250 1.74831e-05
1875 250 2.14805e-05
1900 250 1.69908e-05
1925 250 -1.31951e-06
1950 250 -2.69383e-05
1975 250 -4.35513e-05
2000 250 -4.16924e-05
2025 250 -2.77239e-05
2050 250 -1.38272e-05
2075 250 -5.89248e-06
2100 250 -2.94854e-06
2125 250 -2.33616e-06
2150 250 -2.48847e-06
2175 250 -2.89359e-06
2200 250 -3.48415e-06
2225 250 -4.34857e-06
2250 250 -5.72338e-06
2275 250 -8.30744e-06
2300 250 -1.41233e-05
2325 250 -2.22401e-05
2350 250 -1.40581e-05
2375 250 2.06153e-05
2400 250 4.31493e-05
2425 250 3.16743e-05
2450 250 1.2284e-05
2475 250 2.82935e-06
2500 250 4.11828e-07
2525 250 3.94946e-08
2550 250 2.57482e-09
2575 250 1.16997e-10
2600 250 3.78252e-12
2625 250 8.85421e-14
2650 250 1.52342e-15
2675 250 1.95211e-17
2700 250 1.88472e-19
2725 250 1.38527e-21
2750 250 7.82342e-24
2775 250 3.42346e-26
2800 250 1.1696e-28
2825 250 3.14135e-31
2850 250 6.675e-34
2875 250 1.12867e-36
2900 250 1.52681e-39
2925 250 1.66057e-42
2950 250 1.45872e-45
2975 250 1.03938e-48
0 275 0
25 275 -2.69138e-05
50 275 -3.99567e-05
75 275 -3.1934e-05
100 275 -9.02701e-06
125 275 1.3098e-05
150 275 2.34057e-05
175 275 2.28011e-05
200 275 1.81469e-05
225 275 1.42881e-05
250 275 1.24553e-05
275 275 1.2503e-05
300 275 1.50794e-05
325 275 2.2133e-05
350 275 2.57617e-05
375 275 2.84284e-06
400 275 -3.28808e-05
425 275 -3.82051e-05
450 275 -1.90927e-05
475 275 -4.24181e-06
500 275 7.62479e-07
525 275 1.6367e-06
550 275 1.64615e-06
575 275 1.55875e-06
600 275 1.4753e-06
625 275 1.40249e-06
650 275 1.33914e-06
675 275 1.28395e-06
700 275 1.23582e-06
725 275 1.19388e-06
750 275 1.15742e-06
775 275 1.12585e-06
800 275 1.09867e-06
825 275 1.07549e-06
850 275 1.05598e-06
875 275 1.03988e-06
900 275 1.02698e-06
925 275 1.01711e-06
950 275 1.01015e-06
975 275 1.006e-06
1000 275 1.00462e-06
1025 275 1.006e-06
1050 275 1.01015e-06
1075 275 1.01711e-06
1100 275 1.02698e-06
1125 275 1.03988e-06
1150 275 1.05598e-06
1175 275 1.07549e-06
1200 275 1.09867e-06
1225 275 1.12585e-06
1250 275 1.15742e-06
1275 275 1.19388e-06
1300 275 1.23582e-06
1325 275 1.28395e-06
1350 275 1.33914e-06
1375 275 1.40249e-06
1400 275 1.47533e-06
1425 275 1.55931e-06
1450 275 1.65653e-06
1475 275 1.76967e-06
1500 275 1.90216e-06
1525 275 2.05853e-06
1550 275 2.24481e-06
1575 275 2.46922e-06
1600 275 2.74327e-06
1625 275 3.08355e-06
1650 275 3.51502e-06
1675 275 4.0771e-06
1700 275 4.83734e-06
1725 275 5.92716e-06
1750 275 7.63274e-06
1775 275 1.0505e-05
1800 275 1.50537e-05
1825 275 2.01971e-05
1850 275 2.11628e-05
1875 275 1.11141e-05
1900 275 -1.09268e-05
1925 275 -3.43369e-05
1950 275 -4.47232e-05
1975 275 -3.82574e-05
2000 275 -2.37092e-05
2025 275 -1.13435e-05
2050 275 -4.76644e-06
2075 275 -2.40292e-06
2100 275 -1.89979e-06
2125 275 -1.98393e-06
2150 275 -2.24288e-06
2175 275 -2.60401e-06
2200 275 -3.09315e-06
2225 275 -3.78304e-06
2250 275 -4.82252e-06
2275 275 -6.57586e-06
2300 275 -1.02421e-05
2325 275 -1.80559e-05
2350 275 -2.22467e-05
2375 275 2.40712e-07
2400 275 3.56241e-05
2425 275 4.06743e-05
2450 275 2.13376e-05
2475 275 6.30034e-06
2500 275 1.13968e-06
2525 275 1.32967e-07
2550 275 1.03792e-08
2575 275 5.5766e-10
2600 275 2.11028e-11
2625 275 5.73345e-13
2650 275 1.13688e-14
2675 275 1.66877e-16
2700 275 1.836e-18
2725 275 1.53082e-20
2750 275 9.76847e-23
2775 275 4.81306e-25
2800 275 1.84578e-27
2825 275 5.54952e-30
2850 275 1.31683e-32
2875 275 2.48106e-35
2900 275 3.73255e-38
2925 275 4.50682e-41
2950 275 4.38834e-44
2975 275 3.46105e-47
0 300 0
25 300 -1.55672e-05
50 300 -3.15461e-05
75 300 -4.22334e-05
100 300 -3.89305e-05
125 300 -2.02813e-05
150 300 3.59883e-06
175 300 2.00448e-05
200 300 2.47001e-05
225 300 2.18958e-05
250 300 1.76436e-05
275 300 1.50794e-05
300 300 1.50783e-05
325 300 1.9084e-05
350 300 2.67716e-05
375 300 1.95998e-05
400 300 -1.56265e-05
425 300 -3.97685e-05
450 300 -2.88131e-05
475 300 -9.55264e-06
500 300 -3.6716e-07
525 300 1.80712e-06
550 300 2.00795e-06
575 300 1.91172e-06
600 300 1.80228e-06
625 300 1.70632e-06
650 300 1.62336e-06
675 300 1.5515e-06
700 300 1.48919e-06
725 300 1.43514e-06
750 300 1.38834e-06
775 300 1.34796e-06
800 300 1.3133e-06
825 300 1.28383e-06
850 300 1.25908e-06
875 300 1.23869e-06
900 300 1.22238e-06
925 300 1.20991e-06
950 300 1.20112e-06
975 300 1.19589e-06
1000 300 1.19416e-06
1025 300 1.19589e-06
1050 300 1.20112e-06
1075 300 1.20991e-06
1100 300 1.22238e-06
1125 300 1.23869e-06
1150 300 1.25908e-06
1175 300 1.28383e-06
1200 300 1.3133e-06
1225 300 1.34796e-06
1250 300 1.38834e-06
1275 300 1.43514e-06
1300 300 1.48919e-06
1325 300 1.5515e-06
1350 300 1.62336e-06
1375 300 1.70633e-06
1400 300 1.80239e-06
1425 300 1.91404e-06
1450 300 2.0445e-06
1475 300 2.19795e-06
1500 300 2.37991e-06
1525 300 2.59786e-06
1550 300 2.86209e-06
1575 300 3.18728e-06
1600 300 3.59502e-06
1625 300 4.11869e-06
1650 300 4.81342e-06
1675 300 5.7813e-06
1700 300 7.23768e-06
1725 300 9.61694e-06
1750 300 1.34738e-05
1775 300 1.85472e-05
1800 300 2.19178e-05
1825 300 1.76747e-05
1850 300 1.54058e-06
1875 300 -2.20979e-05
1900 300 -4.05677e-05
1925 300 -4.38114e-05
1950 300 -3.34906e-05
1975 300 -1.92759e-05
2000 300 -8.84314e-06
2025 300 -3.70875e-06
2050 300 -1.94457e-06
2075 300 -1.57803e-06
2100 300 -1.63719e-06
2125 300 -1.81662e-06
2150 300 -2.05825e-06
2175 300 -2.3701e-06
2200 300 -2.78229e-06
2225 300 -3.34862e-06
2250 300 -4.16983e-06
2275 300 -5.46247e-06
2300 300 -7.84064e-06
2325 300 -1.33027e-05
2350 300 -2.19582e-05
2375 300 -1.54811e-05
2400 300 1.92215e-05
2425 300 4.29558e-05
2450 300 3.16752e-05
2475 300 1.21505e-05
2500 300 2.74707e-06
2525 300 3.9083e-07
2550 300 3.655e-08
2575 300 2.32105e-09
2600 300 1.02696e-10
2625 300 3.23364e-12
2650 300 7.37643e-14
2675 300 1.23786e-15
2700 300 1.5487e-17
2725 300 1.46162e-19
2750 300 1.05149e-21
2775 300 5.82013e-24
2800 300 2.49964e-26
2825 300 8.3936e-29
2850 300 2.219e-31
2875 300 4.64795e-34
2900 300 7.75865e-37
2925 300 1.03767e-39
2950 300 1.11744e-42
2975 300 9.73343e-46
0 325 0
25 325 -4.95364e-06
50 325 -1.34284e-05
75 325 -2.62293e-05
100 325 -3.87904e-05
125 325 -4.23461e-05
150 325 -3.11537e-05
175 325 -9.29576e-06
200 325 1.18834e-05
225 325 2.35633e-05
250 325 2.52882e-05
275 325 2.2133e-05
300 325 1.9084e-05
325 325 1.91698e-05
350 325 2.48963e-05
375 325 2.83733e-05
400 325 4.75158e-06
425 325 -3.17019e-05
450 325 -3.6361e-05
475 325 -1.70196e-05
500 325 -2.75501e-06
525 325 1.77719e-06
550 325 2.45694e-06
575 325 2.38005e-06
600 325 2.23461e-06
625 325 2.1044e-06
650 325 1.99262e-06
675 325 1.89658e-06
700 325 1.81386e-06
725 325 1.74256e-06
750 325 1.68114e-06
775 325 1.62838e-06
800 325 1.58328e-06
825 325 1.54505e-06
850 325 1.51305e-06
875 325 1.48674e-06
900 325 1.46574e-06
925 325 1.44971e-06
950 325 1.43842e-06
975 325 1.43172e-06
1000 325 1.42949e-06
1025 325 1.43172e-06
1050 325 1.43842e-06
1075 325 1.44971e-06
1100 325 1.46574e-06
1125 325 1.48674e-06
1150 325 1.51305e-06
1175 325 1.54505e-06
1200 325 1.58328e-06
1225 325 1.62838e-06
1250 325 1.68114e-06
1275 325 1.74256e-06
1300 325 1.81386e-06
1325 325 1.89658e-06
1350 325 1.99262e-06
1375 325 2.10441e-06
1400 325 2.23505e-06
1425 325 2.38854e-06
1450 325 2.57015e-06
1475 325 2.78695e-06
1500 325 3.0486e-06
1525 325 3.36873e-06
1550 325 3.76714e-06
1575 325 4.27397e-06
1600 325 4.93789e-06
1625 325 5.8465e-06
1650 325 7.18045e-06
1675 325 9.30305e-06
1700 325 1.27199e-05
1725 325 1.74522e-05
1750 325 2.16133e-05
1775 325 2.05579e-05
1800 325 9.35349e-06
1825 325 -1.14723e-05
1850 325 -3.30585e-05
1875 325 -4.40365e-05
1900 325 -4.03088e-05
1925 325 -2.76155e-05
1950 325 -1.47622e-05
1975 325 -6.52315e-06
2000 325 -2.78476e-06
2025 325 -1.56951e-06
2050 325 -1.33383e-06
2075 325 -1.3862e-06
2100 325 -1.51839e-06
2125 325 -1.69037e-06
2150 325 -1.90485e-06
2175 325 -2.17656e-06
2200 325 -2.52992e-06
2225 325 -3.00537e-06
2250 325 -3.67484e-06
2275 325 -4.68081e-06
2300 325 -6.36408e-06
2325 325 -9.86676e-06
2350 325 -1.77159e-05
2375 325 -2.25268e-05
2400 325 1.86312e-07
2425 325 3.59759e-05
2450 325 4.01281e-05
2475 325 2.03883e-05
2500 325 5.80361e-06
2525 325 1.00976e-06
2550 325 1.13214e-07
2575 325 8.49326e-09
2600 325 4.38853e-10
2625 325 1.59879e-11
2650 325 4.18743e-13
2675 325 8.01637e-15
2700 325 1.13788e-16
2725 325 1.21266e-18
2750 325 9.81107e-21
2775 325 6.08567e-23
2800 325 2.91985e-25
2825 325 1.09231e-27
2850 325 3.20931e-30
2875 325 7.4548e-33
2900 325 1.37736e-35
2925 325 2.03547e-38
2950 325 2.41833e-41
2975 325 2.32089e-44
0 350 0
25 350 -8.93406e-07
50 350 -3.35352e-06
75 350 -9.26462e-06
100 350 -1.97601e-05
125 350 -3.27396e-05
150 350 -4.16892e-05
175 350 -3.91955e-05
200 350 -2.35818e-05
225 350 -1.59245e-06
250 350 1.67395e-05
275 350 2.57617e-05
300 350 2.67716e-05
325 350 2.48963e-05
350 350 2.59623e-05
375 350 3.16761e-05
400 350 2.21928e-05
425 350 -1.50872e-05
450 350 -3.78191e-05
475 350 -2.53052e-05
500 350 -6.75921e-06
525 350 1.33941e-06
550 350 3.01194e-06
575 350 3.02834e-06
600 350 2.83284e-06
625 350 2.64888e-06
650 350 2.4922e-06
675 350 2.359e-06
700 350 2.24536e-06
725 350 2.14819e-06
750 350 2.06508e-06
775 350 1.99411e-06
800 350 1.93376e-06
825 350 1.88283e-06
850 350 1.84035e-06
875 350 1.80555e-06
900 350 1.77782e-06
925 350 1.75671e-06
950 350 1.74186e-06
975 350 1.73305e-06
1000 350 1.73012e-06
1025 350 1.73305e-06
1050 350 1.74186e-06
1075 350 1.75671e-06
1100 350 1.77782e-06
1125 350 1.80555e-06
1150 350 1.84035e-06
1175 350 1.88283e-06
1200 350 1.93376e-06
1225 350 1.99411e-06
1250 350 2.06508e-06
1275 350 2.14819e-06
1300 350 2.24536e-06
1325 350 2.359e-06
1350 350 2.4922e-06
1375 350 2.64895e-06
1400 350 2.8345e-06
1425 350 3.05585e-06
1450 350 3.32251e-06
1475 350 3.64784e-06
1500 350 4.05119e-06
1525 350 4.56166e-06
1550 350 5.22561e-06
1575 350 6.12672e-06
1600 350 7.43647e-06
1625 350 9.4862e-06
1650 350 1.27163e-05
1675 350 1.71696e-05
1700 350 2.13938e-05
1725 350 2.16625e-05
1750 350 1.34521e-05
1775 350 -4.32063e-06
1800 350 -2.59035e-05
1825 350 -4.12096e-05
1850 350 -4.34638e-05
1875 350 -3.4323e-05
1900 350 -2.11879e-05
1925 350 -1.05643e-05
1950 350 -4.5513e-06
1975 350 -2.03982e-06
2000 350 -1.27572e-06
2025 350 -1.14641e-06
2050 350 -1.19778e-06
2075 350 -1.29971e-06
2100 350 -1.42777e-06
2125 350 -1.58336e-06
2150 350 -1.7746e-06
2175 350 -2.01419e-06
2200 350 -2.32162e-06
2225 350 -2.72819e-06
2250 350 -3.28739e-06
2275 350 -4.09923e-06
2300 350 -5.37781e-06
2325 350 -7.72674e-06
2350 350 -1.3246e-05
2375 350 -2.21899e-05
2400 350 -1.47564e-05
2425 350 2.12139e-05
2450 350 4.30447e-05
2475 350 2.98668e-05
2500 350 1.08104e-05
2525 350 2.30844e-06
2550 350 3.10573e-07
2575 350 2.75096e-08
2600 350 1.65776e-09
2625 350 6.97478e-11
2650 350 2.09292e-12
2675 350 4.55997e-14
2700 350 7.32525e-16
2725 350 8.79282e-18
2750 350 7.97945e-20
2775 350 5.53192e-22
2800 350 2.95719e-24
2825 350 1.2292e-26
2850 350 4.00308e-29
2875 350 1.02847e-31
2900 350 2.09776e-34
2925 350 3.41657e-37
2950 350 4.46691e-40
2975 350 4.71121e-43
0 375 0
25 375 -3.71221e-09
50 375 -3.53886e-07
75 375 -1.79343e-06
100 375 -5.68055e-06
125 375 -1.34726e-05
150 375 -2.50214e-05
175 375 -3.66913e-05
200 375 -4.19249e-05
225 375 -3.54925e-05
250 375 -1.82256e-05
275 375 2.84284e-06
300 375 1.95998e-05
325 375 2.83733e-05
350 375 3.16761e-05
375 375 3.60545e-05
400 375 3.57003e-05
425 375 6.66931e-06
450 375 -3.01551e-05
475 375 -3.15714e-05
500 375 -1.21278e-05
525 375 3.24259e-07
550 375 3.72712e-06
575 375 3.98204e-06
600 375 3.71288e-06
625 375 3.4373e-06
650 375 3.20474e-06
675 375 3.01001e-06
700 375 2.8461e-06
725 375 2.70754e-06
750 375 2.59017e-06
775 375 2.49078e-06
800 375 2.40687e-06
825 375 2.33646e-06
850 375 2.27803e-06
875 375 2.23036e-06
900 375 2.19251e-06
925 375 2.16376e-06
950 375 2.14358e-06
975 375 2.13162e-06
1000 375 2.12765e-06
1025 375 2.13162e-06
1050 375 2.14358e-06
1075 375 2.16376e-06
1100 375 2.19251e-06
1125 375 2.23036e-06
1150 375 2.27803e-06
1175 375 2.33646e-06
1200 375 2.40687e-06
1225 375 2.49078e-06
1250 375 2.59017e-06
1275 375 2.70754e-06
1300 375 2.8461e-06
1325 375 3.01001e-06
1350 375 3.20475e-06
1375 375 3.43757e-06
1400 375 3.71845e-06
1425 375 4.06145e-06
1450 375 4.48675e-06
1475 375 5.0243e-06
1500 375 5.72274e-06
1525 375 6.6744e-06
1550 375 8.06578e-06
1575 375 1.02204e-05
1600 375 1.34911e-05
1625 375 1.77771e-05
1650 375 2.16753e-05
1675 375 2.19964e-05
1700 375 1.49335e-05
1725 375 -8.07131e-07
1750 375 -2.12024e-05
1775 375 -3.79929e-05
1800 375 -4.40722e-05
1825 375 -3.85678e-05
1850 375 -2.66843e-05
1875 375 -1.49634e-05
1900 375 -7.03029e-06
1925 375 -3.02571e-06
1950 375 -1.48747e-06
1975 375 -1.05614e-06
2000 375 -1.00197e-06
2025 375 -1.05243e-06
2050 375 -1.13359e-06
2075 375 -1.23228e-06
2100 375 -1.34974e-06
2125 375 -1.49084e-06
2150 375 -1.66288e-06
2175 375 -1.87643e-06
2200 375 -2.14733e-06
2225 375 -2.50041e-06
2250 375 -2.97679e-06
2275 375 -3.64997e-06
2300 375 -4.66627e-06
2325 375 -6.37688e-06
2350 375 -1.00008e-05
2375 375 -1.82773e-05
2400 375 -2.22092e-05
2425 375 3.55108e-06
2450 375 3.82209e-05
2475 375 3.82458e-05
2500 375 1.78505e-05
2525 375 4.70004e-06
2550 375 7.59628e-07
2575 375 7.94022e-08
2600 375 5.57218e-09
2625 375 2.70211e-10
2650 375 9.26785e-12
2675 375 2.29226e-13
2700 375 4.15631e-15
2725 375 5.60378e-17
2750 375 5.68827e-19
2775 375 4.39512e-21
2800 375 2.61035e-23
2825 375 1.20219e-25
2850 375 4.32743e-28
2875 375 1.22628e-30
2900 375 2.75359e-33
2925 375 4.929e-36
2950 375 7.07229e-39
2975 375 8.17526e-42
0 400 0
25 400 1.1387e-07
50 400 1.83817e-07
75 400 6.31058e-08
100 400 -6.75867e-07
125 400 -2.95019e-06
150 400 -8.08629e-06
175 400 -1.69616e-05
200 400 -2.84257e-05
225 400 -3.8335e-05
250 400 -4.09961e-05
275 400 -3.28808e-05
300 400 -1.56265e-05
325 400 4.75158e-06
350 400 2.21928e-05
375 400 3.57003e-05
400 400 4.53147e-05
425 400 3.08091e-05
450 400 -1.1087e-05
475 400 -3.09824e-05
500 400 -1.69901e-05
525 400 -9.45851e-07
550 400 4.86413e-06
575 400 5.54013e-06
600 400 5.132e-06
625 400 4.67722e-06
650 400 4.29948e-06
675 400 3.9909e-06
700 400 3.73673e-06
725 400 3.52568e-06
750 400 3.34947e-06
775 400 3.20202e-06
800 400 3.07876e-06
825 400 2.97622e-06
850 400 2.89172e-06
875 400 2.82319e-06
900 400 2.76903e-06
925 400 2.72805e-06
950 400 2.69937e-06
975 400 2.68239e-06
1000 400 2.67677e-06
1025 400 2.68239e-06
1050 400 2.69937e-06
1075 400 2.72805e-06
1100 400 2.76903e-06
1125 400 2.82319e-06
1150 400 2.89172e-06
1175 400 2.97622e-06
1200 400 3.07876e-06
1225 400 3.20202e-06
1250 400 3.34947e-06
1275 400 3.52568e-06
1300 400 3.73673e-06
1325 400 3.9909e-06
1350 400 4.29952e-06
1375 400 4.67815e-06
1400 400 5.14877e-06
1425 400 5.74572e-06
1450 400 6.53169e-06
1475 400 7.62996e-06
1500 400 9.26167e-06
1525 400 1.17273e-05
1550 400 1.52096e-05
1575 400 1.9301e-05
1600 400 2.24202e-05
1625 400 2.17222e-05
1650 400 1.42556e-05
1675 400 -7.0211e-07
1700 400 -1.97538e-05
1725 400 -3.61743e-05
1750 400 -4.37191e-05
1775 400 -4.06455e-05
1800 400 -3.04256e-05
1825 400 -1.87201e-05
1850 400 -9.65259e-06
1875 400 -4.36042e-06
1900 400 -1.95721e-06
1925 400 -1.11031e-06
1950 400 -8.98147e-07
1975 400 -8.89957e-07
2000 400 -9.37787e-07
2025 400 -1.00383e-06
2050 400 -1.08196e-06
2075 400 -1.17342e-06
2100 400 -1.28135e-06
2125 400 -1.41023e-06
2150 400 -1.5663e-06
2175 400 -1.75846e-06
2200 400 -1.99983e-06
2225 400 -2.31054e-06
2250 400 -2.72308e-06
2275 400 -3.29343e-06
2300 400 -4.12723e-06
2325 400 -5.45369e-06
2350 400 -7.93723e-06
2375 400 -1.39781e-05
2400 400 -2.28945e-05
2425 400 -1.15081e-05
2450 400 2.62966e-05
2475 400 4.27098e-05
2500 400 2.62518e-05
2525 400 8.57581e-06
2550 400 1.66756e-06
2575 400 2.05587e-07
