0 0 0
25 0 0
50 0 0
75 0 0
100 0 0
125 0 0
150 0 0
175 0 0
200 0 0
225 0 0
250 0 0
275 0 0
300 0 0
325 0 0
350 0 0
375 0 0
400 0 0
425 0 0
450 0 0
475 0 0
500 0 0
525 0 0
550 0 0
575 0 0
600 0 0
625 0 0
650 0 0
675 0 0
700 0 0
725 0 0
750 0 0
775 0 0
800 0 0
825 0 0
850 0 0
875 0 0
900 0 0
925 0 0
950 0 0
975 0 0
1000 0 0
1025 0 0
1050 0 0
1075 0 0
1100 0 0
1125 0 0
1150 0 0
1175 0 0
1200 0 0
1225 0 0
1250 0 0
1275 0 0
1300 0 0
1325 0 0
1350 0 0
1375 0 0
1400 0 0
1425 0 0
1450 0 0
1475 0 0
1500 0 0
1525 0 0
1550 0 0
1575 0 0
1600 0 0
1625 0 0
1650 0 0
1675 0 0
1700 0 0
1725 0 0
1750 0 0
1775 0 0
1800 0 0
1825 0 0
1850 0 0
1875 0 0
1900 0 0
1925 0 0
1950 0 0
1975 0 0
2000 0 0
2025 0 0
2050 0 0
2075 0 0
2100 0 0
2125 0 0
2150 0 0
2175 0 0
2200 0 0
2225 0 0
2250 0 0
2275 0 0
2300 0 0
2325 0 0
2350 0 0
2375 0 0
2400 0 0
2425 0 0
2450 0 0
2475 0 0
2500 0 0
2525 0 0
2550 0 0
2575 0 0
2600 0 0
2625 0 0
2650 0 0
2675 0 0
2700 0 0
2725 0 0
2750 0 0
2775 0 0
2800 0 0
2825 0 0
2850 0 0
2875 0 0
2900 0 0
2925 0 0
2950 0 0
2975 0 0
0 25 0
25 25 5.50054e-12
50 25 1.1024e-10
75 25 1.62678e-09
100 25 1.76508e-08
125 25 1.40537e-07
150 25 8.19562e-07
175 25 3.49101e-06
200 25 1.08014e-05
225 25 2.39509e-05
250 25 3.67049e-05
275 25 3.44186e-05
300 25 7.24713e-06
325 25 -3.40028e-05
350 25 -6.3245e-05
375 25 -6.3254e-05
400 25 -3.95728e-05
425 25 -1.08568e-05
450 25 8.50497e-06
475 25 1.55588e-05
500 25 1.47098e-05
525 25 1.11833e-05
550 25 7.89564e-06
575 25 5.63232e-06
600 25 4.22561e-06
625 25 3.34663e-06
650 25 2.7652e-06
675 25 2.35626e-06
700 25 2.05527e-06
725 25 1.82687e-06
750 25 1.64992e-06
775 25 1.51086e-06
800 25 1.40059e-06
825 25 1.31283e-06
850 25 1.24312e-06
875 25 1.18828e-06
900 25 1.14599e-06
925 25 1.11459e-06
950 25 1.09293e-06
975 25 1.08022e-06
1000 25 1.07603e-06
1025 25 1.08022e-06
1050 25 1.09293e-06
1075 25 1.11459e-06
1100 25 1.14599e-06
1125 25 1.18828e-06
1150 25 1.24312e-06
1175 25 1.31283e-06
1200 25 1.40059e-06
1225 25 1.51086e-06
1250 25 1.64992e-06
1275 25 1.82687e-06
1300 25 2.05527e-06
1325 25 2.35626e-06
1350 25 2.7652e-06
1375 25 3.34663e-06
1400 25 4.22561e-06
1425 25 5.63232e-06
1450 25 7.89564e-06
1475 25 1.11833e-05
1500 25 1.47098e-05
1525 25 1.55588e-05
1550 25 8.50497e-06
1575 25 -1.08568e-05
1600 25 -3.95728e-05
1625 25 -6.3254e-05
1650 25 -6.3245e-05
1675 25 -3.40028e-05
1700 25 7.24713e-06
1725 25 3.44186e-05
1750 25 3.67049e-05
1775 25 2.39509e-05
1800 25 1.08014e-05
1825 25 3.49101e-06
1850 25 8.19562e-07
1875 25 1.40537e-07
1900 25 1.76508e-08
1925 25 1.62678e-09
1950 25 1.10241e-10
1975 25 5.50611e-12
2000 25 2.03291e-13
2025 25 5.56762e-15
2050 25 1.13555e-16
2075 25 1.73221e-18
2100 25 1.98532e-20
2125 25 1.71775e-22
2150 25 1.12743e-24
2175 25 5.64064e-27
2200 25 2.16163e-29
2225 25 6.37561e-32
2250 25 1.45403e-34
2275 25 2.57577e-37
2300 25 3.55986e-40
2325 25 3.85472e-43
2350 25 3.28366e-46
2375 25 2.20917e-49
2400 25 1.17823e-52
2425 25 4.99945e-56
2450 25 1.6935e-59
2475 25 4.59448e-63
2500 25 1.00144e-66
2525 25 1.75889e-70
2550 25 2.4963e-74
2575 25 2.87052e-78
2600 25 2.68125e-82
2625 25 2.03927e-86
2650 25 1.26581e-90
2675 25 6.42639e-95
2700 25 2.67403e-99
2725 25 9.13733e-104
2750 25 2.56881e-108
2775 25 5.95209e-113
2800 25 1.13856e-117
2825 25 1.80086e-122
2850 25 2.35879e-127
2875 25 2.56211e-132
2900 25 2.31092e-137
2925 25 1.73301e-142
2950 25 1.08183e-147
2975 25 5.62798e-153
0 50 0
25 50 1.1024e-10
50 50 1.73756e-09
75 50 1.99098e-08
100 50 1.65544e-07
125 50 9.95732e-07
150 50 4.31874e-06
175 50 1.34482e-05
200 50 2.98224e-05
225 50 4.62107e-05
250 50 4.73276e-05
275 50 2.49215e-05
300 50 -1.10255e-05
325 50 -4.3221e-05
350 50 -6.29886e-05
375 50 -6.96875e-05
400 50 -6.31969e-05
425 50 -4.44668e-05
450 50 -1.94154e-05
475 50 3.01168e-06
500 50 1.66523e-05
525 50 2.09919e-05
550 50 1.93307e-05
575 50 1.54426e-05
600 50 1.16717e-05
625 50 8.84012e-06
650 50 6.92652e-06
675 50 5.66061e-06
700 50 4.79889e-06
725 50 4.18462e-06
750 50 3.72842e-06
775 50 3.37983e-06
800 50 3.10886e-06
825 50 2.89637e-06
850 50 2.72952e-06
875 50 2.5994e-06
900 50 2.49975e-06
925 50 2.42615e-06
950 50 2.37553e-06
975 50 2.34592e-06
1000 50 2.33617e-06
1025 50 2.34592e-06
1050 50 2.37553e-06
1075 50 2.42615e-06
1100 50 2.49975e-06
1125 50 2.5994e-06
1150 50 2.72952e-06
1175 50 2.89637e-06
1200 50 3.10886e-06
1225 50 3.37983e-06
1250 50 3.72842e-06
1275 50 4.18462e-06
1300 50 4.79889e-06
1325 50 5.66061e-06
1350 50 6.92652e-06
1375 50 8.84012e-06
1400 50 1.16717e-05
1425 50 1.54426e-05
1450 50 1.93307e-05
1475 50 2.09919e-05
1500 50 1.66523e-05
1525 50 3.01168e-06
1550 50 -1.94154e-05
1575 50 -4.44668e-05
1600 50 -6.31969e-05
1625 50 -6.96875e-05
1650 50 -6.29886e-05
1675 50 -4.3221e-05
1700 50 -1.10255e-05
1725 50 2.49215e-05
1750 50 4.73276e-05
1775 50 4.62107e-05
1800 50 2.98224e-05
1825 50 1.34482e-05
1850 50 4.31874e-06
1875 50 9.95732e-07
1900 50 1.65544e-07
1925 50 1.99098e-08
1950 50 1.73757e-09
1975 50 1.10415e-10
2000 50 5.12885e-12
2025 50 1.74908e-13
2050 50 4.40021e-15
2075 50 8.20763e-17
2100 50 1.14116e-18
2125 50 1.18908e-20
2150 50 9.33667e-23
2175 50 5.55454e-25
2200 50 2.51717e-27
2225 50 8.73502e-30
2250 50 2.33304e-32
2275 50 4.81985e-35
2300 50 7.73865e-38
2325 50 9.7007e-41
2350 50 9.53566e-44
2375 50 7.3812e-47
2400 50 4.51719e-50
2425 50 2.19397e-53
2450 50 8.48771e-57
2475 50 2.6245e-60
2500 50 6.50769e-64
2525 50 1.29803e-67
2550 50 2.08885e-71
2575 50 2.71968e-75
2600 50 2.87259e-79
2625 50 2.46762e-83
2650 50 1.72811e-87
2675 50 9.88891e-92
2700 50 4.63387e-96
2725 50 1.78175e-100
2750 50 5.63253e-105
2775 50 1.46659e-109
2800 50 3.1508e-114
2825 50 5.59439e-119
2850 50 8.2221e-124
2875 50 1.00173e-128
2900 50 1.01311e-133
2925 50 8.51684e-139
2950 50 5.95868e-144
2975 50 3.4736e-149
0 75 0
25 75 1.62678e-09
50 75 1.99098e-08
75 75 1.7438e-07
100 75 1.08992e-06
125 75 4.83353e-06
150 75 1.50986e-05
175 75 3.28322e-05
200 75 4.85114e-05
225 75 4.56459e-05
250 75 2.06517e-05
275 75 -9.18915e-06
300 75 -2.62764e-05
325 75 -3.07377e-05
350 75 -3.3267e-05
375 75 -4.05404e-05
400 75 -5.06786e-05
425 75 -5.67804e-05
450 75 -5.26836e-05
475 75 -3.75299e-05
500 75 -1.63489e-05
525 75 3.52074e-06
550 75 1.68717e-05
575 75 2.25652e-05
600 75 2.25172e-05
625 75 1.95541e-05
650 75 1.58812e-05
675 75 1.2646e-05
700 75 1.0187e-05
725 75 8.43773e-06
750 75 7.21393e-06
775 75 6.34629e-06
800 75 5.71496e-06
825 75 5.24396e-06
850 75 4.88687e-06
875 75 4.61506e-06
900 75 4.41039e-06
925 75 4.261e-06
950 75 4.15911e-06
975 75 4.0998e-06
1000 75 4.08032e-06
1025 75 4.0998e-06
1050 75 4.15911e-06
1075 75 4.261e-06
1100 75 4.41039e-06
1125 75 4.61506e-06
1150 75 4.88687e-06
1175 75 5.24396e-06
1200 75 5.71496e-06
1225 75 6.34629e-06
1250 75 7.21393e-06
1275 75 8.43773e-06
1300 75 1.0187e-05
1325 75 1.2646e-05
1350 75 1.58812e-05
1375 75 1.95541e-05
1400 75 2.25172e-05
1425 75 2.25652e-05
1450 75 1.68717e-05
1475 75 3.52074e-06
1500 75 -1.63489e-05
1525 75 -3.75299e-05
1550 75 -5.26836e-05
1575 75 -5.67804e-05
1600 75 -5.06786e-05
1625 75 -4.05404e-05
1650 75 -3.3267e-05
1675 75 -3.07377e-05
1700 75 -2.62764e-05
1725 75 -9.18915e-06
1750 75 2.06517e-05
1775 75 4.56459e-05
1800 75 4.85114e-05
1825 75 3.28322e-05
1850 75 1.50986e-05
1875 75 4.83353e-06
1900 75 1.08992e-06
1925 75 1.7438e-07
1950 75 1.99099e-08
1975 75 1.63091e-09
2000 75 9.6369e-11
2025 75 4.13093e-12
2050 75 1.29219e-13
2075 75 2.9677e-15
2100 75 5.03534e-17
2125 75 6.35132e-19
2150 75 5.99273e-21
2175 75 4.25568e-23
2200 75 2.28819e-25
2225 75 9.36951e-28
2250 75 2.93817e-30
2275 75 7.09438e-33
2300 75 1.32579e-35
2325 75 1.9271e-38
2350 75 2.18902e-41
2375 75 1.95193e-44
2400 75 1.37215e-47
2425 75 7.63527e-51
2450 75 3.37606e-54
2475 75 1.19055e-57
2500 75 3.36007e-61
2525 75 7.61443e-65
2550 75 1.38987e-68
2575 75 2.04947e-72
2600 75 2.44828e-76
2625 75 2.37566e-80
2650 75 1.87718e-84
2675 75 1.21077e-88
2700 75 6.38899e-93
2725 75 2.76407e-97
2750 75 9.82403e-102
2775 75 2.87401e-106
2800 75 6.93319e-111
2825 75 1.38156e-115
2850 75 2.27772e-120
2875 75 3.11167e-125
2900 75 3.52759e-130
2925 75 3.32315e-135
2950 75 2.60476e-140
2975 75 1.70083e-145
0 100 0
25 100 1.76508e-08
50 100 1.65544e-07
75 100 1.08992e-06
100 100 5.01597e-06
125 100 1.59691e-05
150 100 3.46136e-05
175 100 4.94966e-05
200 100 4.28507e-05
225 100 1.4407e-05
250 100 -1.39696e-05
275 100 -2.52509e-05
300 100 -2.26454e-05
325 100 -1.70413e-05
350 100 -1.46202e-05
375 100 -1.70456e-05
400 100 -2.44731e-05
425 100 -3.5649e-05
450 100 -4.70134e-05
475 100 -5.34458e-05
500 100 -5.08998e-05
525 100 -3.89449e-05
550 100 -2.10794e-05
575 100 -2.6386e-06
600 100 1.19504e-05
625 100 2.07289e-05
650 100 2.40862e-05
675 100 2.36742e-05
700 100 2.13064e-05
725 100 1.83396e-05
750 100 1.55416e-05
775 100 1.32227e-05
800 100 1.14275e-05
825 100 1.00862e-05
850 100 9.10064e-06
875 100 8.38257e-06
900 100 7.86493e-06
925 100 7.50081e-06
950 100 7.25928e-06
975 100 7.12122e-06
1000 100 7.07629e-06
1025 100 7.12122e-06
1050 100 7.25928e-06
1075 100 7.50081e-06
1100 100 7.86493e-06
1125 100 8.38257e-06
1150 100 9.10064e-06
1175 100 1.00862e-05
1200 100 1.14275e-05
1225 100 1.32227e-05
1250 100 1.55416e-05
1275 100 1.83396e-05
1300 100 2.13064e-05
1325 100 2.36742e-05
1350 100 2.40862e-05
1375 100 2.07289e-05
1400 100 1.19504e-05
1425 100 -2.6386e-06
1450 100 -2.10794e-05
1475 100 -3.89449e-05
1500 100 -5.08998e-05
1525 100 -5.34458e-05
1550 100 -4.70134e-05
1575 100 -3.5649e-05
1600 100 -2.44731e-05
1625 100 -1.70456e-05
1650 100 -1.46202e-05
1675 100 -1.70413e-05
1700 100 -2.26454e-05
1725 100 -2.52509e-05
1750 100 -1.39696e-05
1775 100 1.4407e-05
1800 100 4.28507e-05
1825 100 4.94966e-05
1850 100 3.46136e-05
1875 100 1.59691e-05
1900 100 5.01597e-06
1925 100 1.08992e-06
1950 100 1.65547e-07
1975 100 1.77242e-08
2000 100 1.3478e-09
2025 100 7.3336e-11
2050 100 2.87628e-12
2075 100 8.19152e-14
2100 100 1.70645e-15
2125 100 2.61917e-17
2150 100 2.98299e-19
2175 100 2.53838e-21
2200 100 1.62472e-23
2225 100 7.87255e-26
2250 100 2.90566e-28
2275 100 8.21726e-31
2300 100 1.79063e-33
2325 100 3.02276e-36
2350 100 3.97308e-39
2375 100 4.08574e-42
2400 100 3.30233e-45
2425 100 2.10697e-48
2450 100 1.06552e-51
2475 100 4.28768e-55
2500 100 1.37795e-58
2525 100 3.54899e-62
2550 100 7.34965e-66
2575 100 1.22764e-69
2600 100 1.65883e-73
2625 100 1.8183e-77
2650 100 1.62109e-81
2675 100 1.17847e-85
2700 100 7.00191e-90
2725 100 3.40783e-94
2750 100 1.36151e-98
2775 100 4.47415e-103
2800 100 1.21164e-107
2825 100 2.70883e-112
2850 100 5.00808e-117
2875 100 7.66898e-122
2900 100 9.74169e-127
2925 100 1.02797e-131
2950 100 9.02318e-137
2975 100 6.59663e-142
0 125 0
25 125 1.40537e-07
50 125 9.95732e-07
75 125 4.83353e-06
100 125 1.59691e-05
125 125 3.52048e-05
150 125 4.98597e-05
175 125 4.08531e-05
200 125 1.0133e-05
225 125 -1.71836e-05
250 125 -2.5341e-05
275 125 -2.06881e-05
300 125 -1.42159e-05
325 125 -1.00451e-05
350 125 -8.01688e-06
375 125 -7.70936e-06
400 125 -9.49846e-06
425 125 -1.42251e-05
450 125 -2.23811e-05
475 125 -3.31442e-05
500 125 -4.39281e-05
525 125 -5.10786e-05
550 125 -5.153e-05
575 125 -4.43659e-05
600 125 -3.12285e-05
625 125 -1.54048e-05
650 125 -3.17482e-07
675 125 1.166e-05
700 125 1.96066e-05
725 125 2.37872e-05
750 125 2.51025e-05
775 125 2.45906e-05
800 125 2.313e-05
825 125 2.13348e-05
850 125 1.95724e-05
875 125 1.80287e-05
900 125 1.67761e-05
925 125 1.58275e-05
950 125 1.517e-05
975 125 1.4785e-05
1000 125 1.46584e-05
1025 125 1.4785e-05
1050 125 1.517e-05
1075 125 1.58275e-05
1100 125 1.67761e-05
1125 125 1.80287e-05
1150 125 1.95724e-05
1175 125 2.13348e-05
1200 125 2.313e-05
1225 125 2.45906e-05
1250 125 2.51025e-05
1275 125 2.37872e-05
1300 125 1.96066e-05
1325 125 1.166e-05
1350 125 -3.17482e-07
1375 125 -1.54048e-05
1400 125 -3.12285e-05
1425 125 -4.43659e-05
1450 125 -5.153e-05
1475 125 -5.10786e-05
1500 125 -4.39281e-05
1525 125 -3.31442e-05
1550 125 -2.23811e-05
1575 125 -1.42251e-05
1600 125 -9.49846e-06
1625 125 -7.70936e-06
1650 125 -8.01688e-06
1675 125 -1.00451e-05
1700 125 -1.42159e-05
1725 125 -2.06881e-05
1750 125 -2.5341e-05
1775 125 -1.71836e-05
1800 125 1.0133e-05
1825 125 4.08531e-05
1850 125 4.98597e-05
1875 125 3.52048e-05
1900 125 1.59691e-05
1925 125 4.83354e-06
1950 125 9.9578e-07
1975 125 1.41516e-07
2000 125 1.40255e-08
2025 125 9.78925e-10
2050 125 4.85642e-11
2075 125 1.72783e-12
2100 125 4.44701e-14
2125 125 8.34972e-16
2150 125 1.15303e-17
2175 125 1.18023e-19
2200 125 9.02207e-22
2225 125 5.18753e-24
2250 125 2.25884e-26
2275 125 7.49699e-29
2300 125 1.90821e-31
2325 125 3.74644e-34
2350 125 5.70491e-37
2375 125 6.77277e-40
2400 125 6.29936e-43
2425 125 4.61156e-46
2450 125 2.66879e-49
2475 125 1.22599e-52
2500 125 4.48802e-56
2525 125 1.31406e-59
2550 125 3.08797e-63
2575 125 5.84323e-67
2600 125 8.931e-71
2625 125 1.10582e-74
2650 125 1.11227e-78
2675 125 9.11186e-83
2700 125 6.09469e-87
2725 125 3.33624e-91
2750 125 1.4979e-95
2775 125 5.52755e-100
2800 125 1.67983e-104
2825 125 4.21201e-109
2850 125 8.72908e-114
2875 125 1.4977e-118
2900 125 2.1308e-123
2925 125 2.51746e-128
2950 125 2.4734e-133
2975 125 2.02352e-138
0 150 0
25 150 8.19562e-07
50 150 4.31874e-06
75 150 1.50986e-05
100 150 3.46136e-05
125 150 4.98597e-05
150 150 4.01387e-05
175 150 8.01362e-06
200 150 -1.88479e-05
225 150 -2.51453e-05
250 150 -1.94634e-05
275 150 -1.30626e-05
300 150 -9.15187e-06
325 150 -6.98653e-06
350 150 -5.70097e-06
375 150 -4.95458e-06
400 150 -4.77593e-06
425 150 -5.5102e-06
450 150 -7.79424e-06
475 150 -1.23612e-05
500 150 -1.95941e-05
525 150 -2.89975e-05
550 150 -3.89609e-05
575 150 -4.7113e-05
600 150 -5.11762e-05
625 150 -4.98636e-05
650 150 -4.33209e-05
675 150 -3.29349e-05
700 150 -2.07059e-05
725 150 -8.55961e-06
750 150 2.11451e-06
775 150 1.0609e-05
800 150 1.68022e-05
825 150 2.09535e-05
850 150 2.34976e-05
875 150 2.48958e-05
900 150 2.55517e-05
925 150 2.57793e-05
950 150 2.58014e-05
975 150 2.57621e-05
1000 150 2.57405e-05
1025 150 2.57621e-05
1050 150 2.58014e-05
1075 150 2.57793e-05
1100 150 2.55517e-05
1125 150 2.48958e-05
1150 150 2.34976e-05
1175 150 2.09535e-05
1200 150 1.68022e-05
1225 150 1.0609e-05
1250 150 2.11451e-06
1275 150 -8.55961e-06
1300 150 -2.07059e-05
1325 150 -3.29349e-05
1350 150 -4.33209e-05
1375 150 -4.98636e-05
1400 150 -5.11762e-05
1425 150 -4.7113e-05
1450 150 -3.89609e-05
1475 150 -2.89975e-05
1500 150 -1.95941e-05
1525 150 -1.23612e-05
1550 150 -7.79424e-06
1575 150 -5.5102e-06
1600 150 -4.77593e-06
1625 150 -4.95458e-06
1650 150 -5.70097e-06
1675 150 -6.98653e-06
1700 150 -9.15187e-06
1725 150 -1.30626e-05
1750 150 -1.94634e-05
1775 150 -2.51453e-05
1800 150 -1.88479e-05
1825 150 8.01362e-06
1850 150 4.01387e-05
1875 150 4.98597e-05
1900 150 3.46136e-05
1925 150 1.50986e-05
1950 150 4.31937e-06
1975 150 8.29399e-07
2000 150 1.08643e-07
2025 150 9.83742e-09
2050 150 6.23058e-10
2075 150 2.7906e-11
2100 150 8.93053e-13
2125 150 2.06222e-14
2150 150 3.46839e-16
2175 150 4.28657e-18
2200 150 3.92587e-20
2225 150 2.68571e-22
2250 150 1.38276e-24
2275 150 5.39607e-27
2300 150 1.60677e-29
2325 150 3.6737e-32
2350 150 6.48789e-35
2375 150 8.89963e-38
2400 150 9.53205e-41
2425 150 8.01106e-44
2450 150 5.30764e-47
2475 150 2.78433e-50
2500 150 1.16128e-53
2525 150 3.86576e-57
2550 150 1.03087e-60
2575 150 2.20977e-64
2600 150 3.82007e-68
2625 150 5.34211e-72
2650 150 6.0608e-76
2675 150 5.59384e-80
2700 150 4.2109e-84
2725 150 2.59169e-88
2750 150 1.30718e-92
2775 150 5.41472e-97
2800 150 1.84585e-101
2825 150 5.18851e-106
2850 150 1.20478e-110
2875 150 2.31495e-115
2900 150 3.68686e-120
2925 150 4.8744e-125
2950 150 5.35754e-130
2975 150 4.90214e-135
0 175 0
25 175 3.49101e-06
50 175 1.34482e-05
75 175 3.28322e-05
100 175 4.94966e-05
125 175 4.08531e-05
150 175 8.01362e-06
175 175 -1.93569e-05
200 175 -2.49706e-05
225 175 -1.87321e-05
250 175 -1.23765e-05
275 175 -8.66886e-06
300 175 -6.62986e-06
325 175 -5.37862e-06
350 175 -4.52959e-06
375 175 -3.92406e-06
400 175 -3.50529e-06
425 175 -3.30189e-06
450 175 -3.4609e-06
475 175 -4.29182e-06
500 175 -6.26414e-06
525 175 -9.89282e-06
550 175 -1.54983e-05
575 175 -2.29298e-05
600 175 -3.14172e-05
625 175 -3.96799e-05
650 175 -4.62799e-05
675 175 -5.00594e-05
700 175 -5.0462e-05
725 175 -4.76167e-05
750 175 -4.2196e-05
775 175 -3.51528e-05
800 175 -2.7457e-05
825 175 -1.99126e-05
850 175 -1.30772e-05
875 175 -7.26563e-06
900 175 -2.60148e-06
925 175 9.15483e-07
950 175 3.34682e-06
975 175 4.7675e-06
1000 175 5.23416e-06
1025 175 4.7675e-06
1050 175 3.34682e-06
1075 175 9.15483e-07
1100 175 -2.60148e-06
1125 175 -7.26563e-06
1150 175 -1.30772e-05
1175 175 -1.99126e-05
1200 175 -2.7457e-05
1225 175 -3.51528e-05
1250 175 -4.2196e-05
1275 175 -4.76167e-05
1300 175 -5.0462e-05
1325 175 -5.00594e-05
1350 175 -4.62799e-05
1375 175 -3.96799e-05
1400 175 -3.14172e-05
1425 175 -2.29298e-05
1450 175 -1.54983e-05
1475 175 -9.89282e-06
1500 175 -6.26414e-06
1525 175 -4.29182e-06
1550 175 -3.4609e-06
1575 175 -3.30189e-06
1600 175 -3.50529e-06
1625 175 -3.92406e-06
1650 175 -4.52959e-06
1675 175 -5.37862e-06
1700 175 -6.62986e-06
1725 175 -8.66886e-06
1750 175 -1.23765e-05
1775 175 -1.87321e-05
1800 175 -2.49706e-05
1825 175 -1.93569e-05
1850 175 8.01362e-06
1875 175 4.08531e-05
1900 175 4.94966e-05
1925 175 3.28325e-05
1950 175 1.34543e-05
1975 175 3.5656e-06
2000 175 6.27143e-07
2025 175 7.45849e-08
2050 175 6.09048e-09
2075 175 3.4615e-10
2100 175 1.38638e-11
2125 175 3.95836e-13
2150 175 8.14416e-15
2175 175 1.21973e-16
2200 175 1.3424e-18
2225 175 1.09535e-20
2250 175 6.68175e-23
2275 175 3.07099e-25
2300 175 1.07123e-27
2325 175 2.85542e-30
2350 175 5.85356e-33
2375 175 9.28403e-36
2400 175 1.14567e-38
2425 175 1.10581e-41
2450 175 8.38973e-45
2475 175 5.02662e-48
2500 175 2.3887e-51
2525 175 9.04035e-55
2550 175 2.73541e-58
2575 175 6.64127e-62
2600 175 1.29824e-65
2625 175 2.0499e-69
2650 175 2.62242e-73
2675 175 2.72587e-77
2700 175 2.30843e-81
2725 175 1.59676e-85
2750 175 9.04308e-90
2775 175 4.20275e-94
2800 175 1.60628e-98
2825 175 5.05887e-103
2850 175 1.31541e-107
2875 175 2.82893e-112
2900 175 5.04055e-117
2925 175 7.45282e-122
2950 175 9.15815e-127
2975 175 9.36606e-132
0 200 0
25 200 1.08014e-05
50 200 2.98224e-05
75 200 4.85114e-05
100 200 4.28507e-05
125 200 1.0133e-05
150 200 -1.88479e-05
175 200 -2.49706e-05
200 200 -1.84899e-05
225 200 -1.20524e-05
250 200 -8.40199e-06
275 200 -6.41621e-06
300 200 -5.19687e-06
325 200 -4.36672e-06
350 200 -3.76475e-06
375 200 -3.3101e-06
400 200 -2.95834e-06
425 200 -2.68823e-06
450 200 -2.50367e-06
475 200 -2.44904e-06
500 200 -2.63491e-06
525 200 -3.26185e-06
550 200 -4.61781e-06
575 200 -7.02446e-06
600 200 -1.07298e-05
625 200 -1.57817e-05
650 200 -2.19423e-05
675 200 -2.86952e-05
700 200 -3.53528e-05
725 200 -4.12235e-05
750 200 -4.57711e-05
775 200 -4.87151e-05
800 200 -5.00483e-05
825 200 -4.99878e-05
850 200 -4.88906e-05
875 200 -4.71661e-05
900 200 -4.52072e-05
925 200 -4.33481e-05
950 200 -4.18455e-05
975 200 -4.08761e-05
1000 200 -4.05418e-05
1025 200 -4.08761e-05
1050 200 -4.18455e-05
1075 200 -4.33481e-05
1100 200 -4.52072e-05
1125 200 -4.71661e-05
1150 200 -4.88906e-05
1175 200 -4.99878e-05
1200 200 -5.00483e-05
1225 200 -4.87151e-05
1250 200 -4.57711e-05
1275 200 -4.12235e-05
1300 200 -3.53528e-05
1325 200 -2.86952e-05
1350 200 -2.19423e-05
1375 200 -1.57817e-05
1400 200 -1.07298e-05
1425 200 -7.02446e-06
1450 200 -4.61781e-06
1475 200 -3.26185e-06
1500 200 -2.63491e-06
1525 200 -2.44904e-06
1550 200 -2.50367e-06
1575 200 -2.68823e-06
1600 200 -2.95834e-06
1625 200 -3.3101e-06
1650 200 -3.76475e-06
1675 200 -4.36672e-06
1700 200 -5.19687e-06
1725 200 -6.41621e-06
1750 200 -8.40199e-06
1775 200 -1.20524e-05
1800 200 -1.84899e-05
1825 200 -2.49706e-05
1850 200 -1.88479e-05
1875 200 1.0133e-05
1900 200 4.28509e-05
1925 200 4.85147e-05
1950 200 2.98679e-05
1975 200 1.12293e-05
2000 200 2.70206e-06
2025 200 4.27911e-07
2050 200 4.55296e-08
2075 200 3.31099e-09
2100 200 1.67066e-10
2125 200 5.92936e-12
2150 200 1.49879e-13
2175 200 2.72961e-15
2200 200 3.62016e-17
2225 200 3.53125e-19
2250 200 2.55685e-21
2275 200 1.38604e-23
2300 200 5.67021e-26
2325 200 1.76361e-28
2350 200 4.19939e-31
2375 200 7.70467e-34
2400 200 1.09578e-36
2425 200 1.21489e-39
2450 200 1.05555e-42
2475 200 7.22269e-46
2500 200 3.91018e-49
2525 200 1.68211e-52
2550 200 5.77353e-56
2575 200 1.58713e-59
2600 200 3.50696e-63
2625 200 6.24969e-67
2650 200 9.01111e-71
2675 200 1.05436e-74
2700 200 1.00395e-78
2725 200 7.80023e-83
2750 200 4.95744e-87
2775 200 2.58338e-91
2800 200 1.10629e-95
2825 200 3.90129e-100
2850 200 1.13519e-104
2875 200 2.73065e-109
2900 200 5.43953e-114
2925 200 8.98831e-119
2950 200 1.23395e-123
2975 200 1.40949e-128
0 225 0
25 225 2.39509e-05
50 225 4.62107e-05
75 225 4.56459e-05
100 225 1.4407e-05
125 225 -1.71836e-05
150 225 -2.51453e-05
175 225 -1.87321e-05
200 225 -1.20524e-05
225 225 -8.31643e-06
250 225 -6.31418e-06
275 225 -5.09331e-06
300 225 -4.26556e-06
325 225 -3.66722e-06
350 225 -3.21593e-06
375 225 -2.86482e-06
400 225 -2.58511e-06
425 225 -2.35846e-06
450 225 -2.17386e-06
475 225 -2.02779e-06
500 225 -1.92849e-06
525 225 -1.90465e-06
550 225 -2.01738e-06
575 225 -2.37019e-06
600 225 -3.10792e-06
625 225 -4.3968e-06
650 225 -6.38489e-06
675 225 -9.15342e-06
700 225 -1.26778e-05
725 225 -1.68154e-05
750 225 -2.1326e-05
775 225 -2.59192e-05
800 225 -3.03102e-05
825 225 -3.42676e-05
850 225 -3.76411e-05
875 225 -4.03664e-05
900 225 -4.24517e-05
925 225 -4.39531e-05
950 225 -4.49481e-05
975 225 -4.55103e-05
1000 225 -4.56916e-05
1025 225 -4.55103e-05
1050 225 -4.49481e-05
1075 225 -4.39531e-05
1100 225 -4.24517e-05
1125 225 -4.03664e-05
1150 225 -3.76411e-05
1175 225 -3.42676e-05
1200 225 -3.03102e-05
1225 225 -2.59192e-05
1250 225 -2.1326e-05
1275 225 -1.68154e-05
1300 225 -1.26778e-05
1325 225 -9.15342e-06
1350 225 -6.38489e-06
1375 225 -4.3968e-06
1400 225 -3.10792e-06
1425 225 -2.37019e-06
1450 225 -2.01738e-06
1475 225 -1.90465e-06
1500 225 -1.92849e-06
1525 225 -2.02779e-06
1550 225 -2.17386e-06
1575 225 -2.35846e-06
1600 225 -2.58511e-06
1625 225 -2.86482e-06
1650 225 -3.21593e-06
1675 225 -3.66722e-06
1700 225 -4.26556e-06
1725 225 -5.09331e-06
1750 225 -6.31418e-06
1775 225 -8.31643e-06
1800 225 -1.20524e-05
1825 225 -1.87321e-05
1850 225 -2.51453e-05
1875 225 -1.71835e-05
1900 225 1.44086e-05
1925 225 4.56705e-05
1950 225 4.64721e-05
1975 225 2.58153e-05
2000 225 8.70128e-06
2025 225 1.86438e-06
2050 225 2.61484e-07
2075 225 2.4545e-08
2100 225 1.57089e-09
2125 225 6.96694e-11
2150 225 2.1726e-12
2175 225 4.82723e-14
2200 225 7.73475e-16
2225 225 9.03739e-18
2250 225 7.779e-20
2275 225 4.97945e-22
2300 225 2.3911e-24
2325 225 8.68314e-27
2350 225 2.4025e-29
2375 225 5.10006e-32
2400 225 8.36015e-35
2425 225 1.06461e-37
2450 225 1.05911e-40
2475 225 8.27441e-44
2500 225 5.10153e-47
2525 225 2.49355e-50
2550 225 9.70401e-54
2575 225 3.01887e-57
2600 225 7.53585e-61
2625 225 1.51479e-64
2650 225 2.46008e-68
2675 225 3.23804e-72
2700 225 3.46439e-76
2725 225 3.02124e-80
2750 225 2.15324e-84
2775 225 1.25723e-88
2800 225 6.02783e-93
2825 225 2.37835e-97
2850 225 7.73845e-102
2875 225 2.08037e-106
2900 225 4.62943e-111
2925 225 8.54215e-116
2950 225 1.30907e-120
2975 225 1.66873e-125
0 250 0
25 250 3.67049e-05
50 250 4.73276e-05
75 250 2.06517e-05
100 250 -1.39696e-05
125 250 -2.5341e-05
150 250 -1.94634e-05
175 250 -1.23765e-05
200 250 -8.40199e-06
225 250 -6.31418e-06
250 250 -5.0596e-06
275 250 -4.21652e-06
300 250 -3.61085e-06
325 250 -3.15616e-06
350 250 -2.80364e-06
375 250 -2.52349e-06
400 250 -2.2964e-06
425 250 -2.10936e-06
450 250 -1.95334e-06
475 250 -1.82211e-06
500 250 -1.71188e-06
525 250 -1.622e-06
550 250 -1.55693e-06
575 250 -1.52956e-06
600 250 -1.56539e-06
625 250 -1.70557e-06
650 250 -2.00621e-06
675 250 -2.53191e-06
700 250 -3.34331e-06
725 250 -4.48146e-06
750 250 -5.95385e-06
775 250 -7.72677e-06
800 250 -9.72666e-06
825 250 -1.18497e-05
850 250 -1.39763e-05
875 250 -1.59867e-05
900 250 -1.7773e-05
925 250 -1.92471e-05
950 250 -2.03433e-05
975 250 -2.10175e-05
1000 250 -2.12449e-05
1025 250 -2.10175e-05
1050 250 -2.03433e-05
1075 250 -1.92471e-05
1100 250 -1.7773e-05
1125 250 -1.59867e-05
1150 250 -1.39763e-05
1175 250 -1.18497e-05
1200 250 -9.72666e-06
1225 250 -7.72677e-06
1250 250 -5.95385e-06
1275 250 -4.48146e-06
1300 250 -3.34331e-06
1325 250 -2.53191e-06
1350 250 -2.00621e-06
1375 250 -1.70557e-06
1400 250 -1.56539e-06
1425 250 -1.52956e-06
1450 250 -1.55693e-06
1475 250 -1.622e-06
1500 250 -1.71188e-06
1525 250 -1.82211e-06
1550 250 -1.95334e-06
1575 250 -2.10936e-06
1600 250 -2.2964e-06
1625 250 -2.52349e-06
1650 250 -2.80364e-06
1675 250 -3.15616e-06
1700 250 -3.61085e-06
1725 250 -4.21652e-06
1750 250 -5.0596e-06
1775 250 -6.31418e-06
1800 250 -8.40199e-06
1825 250 -1.23765e-05
1850 250 -1.94634e-05
1875 250 -2.53403e-05
1900 250 -1.3958e-05
1925 250 2.07936e-05
1950 250 4.84874e-05
1975 250 4.28963e-05
2000 250 2.09419e-05
2025 250 6.19142e-06
2050 250 1.15981e-06
2075 250 1.41857e-07
2100 250 1.15961e-08
2125 250 6.46057e-10
2150 250 2.49541e-11
2175 250 6.78471e-13
2200 250 1.3164e-14
2225 250 1.84549e-16
2250 250 1.89072e-18
2275 250 1.43034e-20
2300 250 8.06647e-23
2325 250 3.4211e-25
2350 250 1.10001e-27
2375 250 2.70158e-30
2400 250 5.10311e-33
2425 250 7.46164e-36
2450 250 8.49582e-39
2475 250 7.57456e-42
2500 250 5.31541e-45
2525 250 2.95012e-48
2550 250 1.30084e-51
2575 250 4.57642e-55
2600 250 1.28961e-58
2625 250 2.92166e-62
2650 250 5.34016e-66
2675 250 7.90036e-70
2700 250 9.48946e-74
2725 250 9.28092e-78
2750 250 7.41098e-82
2775 250 4.84401e-86
2800 250 2.59791e-90
2825 250 1.14583e-94
2850 250 4.16502e-99
2875 250 1.25024e-103
2900 250 3.10509e-108
2925 250 6.39194e-113
2950 250 1.09246e-117
2975 250 1.55266e-122
0 275 0
25 275 3.44186e-05
50 275 2.49215e-05
75 275 -9.18915e-06
100 275 -2.52509e-05
125 275 -2.06881e-05
150 275 -1.30626e-05
175 275 -8.66886e-06
200 275 -6.41621e-06
225 275 -5.09331e-06
250 275 -4.21652e-06
275 275 -3.59239e-06
300 275 -3.12698e-06
325 275 -2.76801e-06
350 275 -2.48388e-06
375 275 -2.25431e-06
400 275 -2.0657e-06
425 275 -1.90857e-06
450 275 -1.77617e-06
475 275 -1.66352e-06
500 275 -1.56696e-06
525 275 -1.4838e-06
550 275 -1.41231e-06
575 275 -1.35196e-06
600 275 -1.30401e-06
625 275 -1.27239e-06
650 275 -1.26469e-06
675 275 -1.29262e-06
700 275 -1.37148e-06
725 275 -1.51813e-06
750 275 -1.74755e-06
775 275 -2.06865e-06
800 275 -2.48052e-06
825 275 -2.9702e-06
850 275 -3.51255e-06
875 275 -4.07258e-06
900 275 -4.60934e-06
925 275 -5.08077e-06
950 275 -5.44857e-06
975 275 -5.6823e-06
1000 275 -5.76244e-06
1025 275 -5.6823e-06
1050 275 -5.44857e-06
1075 275 -5.08077e-06
1100 275 -4.60934e-06
1125 275 -4.07258e-06
1150 275 -3.51255e-06
1175 275 -2.9702e-06
1200 275 -2.48052e-06
1225 275 -2.06865e-06
1250 275 -1.74755e-06
1275 275 -1.51813e-06
1300 275 -1.37148e-06
1325 275 -1.29262e-06
1350 275 -1.26469e-06
1375 275 -1.27239e-06
1400 275 -1.30401e-06
1425 275 -1.35196e-06
1450 275 -1.41231e-06
1475 275 -1.4838e-06
1500 275 -1.56696e-06
1525 275 -1.66352e-06
1550 275 -1.77617e-06
1575 275 -1.90857e-06
1600 275 -2.0657e-06
1625 275 -2.25431e-06
1650 275 -2.48388e-06
1675 275 -2.76801e-06
1700 275 -3.12698e-06
1725 275 -3.59239e-06
1750 275 -4.21652e-06
1775 275 -5.09331e-06
1800 275 -6.41621e-06
1825 275 -8.66885e-06
1850 275 -1.30624e-05
1875 275 -2.06833e-05
1900 275 -2.51832e-05
1925 275 -8.54572e-06
1950 275 2.89168e-05
1975 275 5.0137e-05
2000 275 3.75196e-05
2025 275 1.57184e-05
2050 275 3.99526e-06
2075 275 6.43433e-07
2100 275 6.76754e-08
2125 275 4.76146e-09
2150 275 2.28667e-10
2175 275 7.62888e-12
2200 275 1.79588e-13
2225 275 3.0249e-15
2250 275 3.69179e-17
2275 275 3.3023e-19
2300 275 2.18761e-21
2325 275 1.08352e-23
2350 275 4.04767e-26
2375 275 1.14965e-28
2400 275 2.50114e-31
2425 275 4.19652e-34
2450 275 5.4648e-37
2475 275 5.55581e-40
2500 275 4.43387e-43
2525 275 2.79183e-46
2550 275 1.39357e-49
2575 275 5.53894e-53
2600 275 1.76027e-56
2625 275 4.49029e-60
2650 275 9.22753e-64
2675 275 1.53283e-67
2700 275 2.06486e-71
2725 275 2.26244e-75
2750 275 2.02201e-79
2775 275 1.47795e-83
2800 275 8.85716e-88
2825 275 4.36223e-92
2850 275 1.76956e-96
2875 275 5.92478e-101
2900 275 1.64052e-105
2925 275 3.76356e-110
2950 275 7.1661e-115
2975 275 1.13435e-119
0 300 0
25 300 7.24713e-06
50 300 -1.10255e-05
75 300 -2.62764e-05
100 300 -2.26454e-05
125 300 -1.42159e-05
150 300 -9.15187e-06
175 300 -6.62986e-06
200 300 -5.19687e-06
225 300 -4.26556e-06
250 300 -3.61085e-06
275 300 -3.12698e-06
300 300 -2.75631e-06
325 300 -2.46448e-06
350 300 -2.22969e-06
375 300 -2.03745e-06
400 300 -1.87775e-06
425 300 -1.74347e-06
450 300 -1.62941e-06
475 300 -1.53169e-06
500 300 -1.44736e-06
525 300 -1.37416e-06
550 300 -1.31032e-06
575 300 -1.25447e-06
600 300 -1.20565e-06
625 300 -1.16327e-06
650 300 -1.12727e-06
675 300 -1.09823e-06
700 300 -1.07748e-06
725 300 -1.06705e-06
750 300 -1.06944e-06
775 300 -1.08705e-06
800 300 -1.12142e-06
825 300 -1.17249e-06
850 300 -1.23795e-06
875 300 -1.31308e-06
900 300 -1.39108e-06
925 300 -1.46383e-06
950 300 -1.52312e-06
975 300 -1.56189e-06
1000 300 -1.57537e-06
1025 300 -1.56189e-06
1050 300 -1.52312e-06
1075 300 -1.46383e-06
1100 300 -1.39108e-06
1125 300 -1.31308e-06
1150 300 -1.23795e-06
1175 300 -1.17249e-06
1200 300 -1.12142e-06
1225 300 -1.08705e-06
1250 300 -1.06944e-06
1275 300 -1.06705e-06
1300 300 -1.07748e-06
1325 300 -1.09823e-06
1350 300 -1.12727e-06
1375 300 -1.16327e-06
1400 300 -1.20565e-06
1425 300 -1.25447e-06
1450 300 -1.31032e-06
1475 300 -1.37416e-06
1500 300 -1.44736e-06
1525 300 -1.53169e-06
1550 300 -1.62941e-06
1575 300 -1.74347e-06
1600 300 -1.87775e-06
1625 300 -2.03745e-06
1650 300 -2.22969e-06
1675 300 -2.46448e-06
1700 300 -2.75631e-06
1725 300 -3.12698e-06
1750 300 -3.61085e-06
1775 300 -4.26556e-06
1800 300 -5.19687e-06
1825 300 -6.62979e-06
1850 300 -9.15018e-06
1875 300 -1.41877e-05
1900 300 -2.23308e-05
1925 300 -2.39697e-05
1950 300 -2.79485e-07
1975 300 3.77738e-05
2000 300 4.93297e-05
2025 300 3.05267e-05
2050 300 1.0746e-05
2075 300 2.30674e-06
2100 300 3.14662e-07
2125 300 2.81087e-08
2150 300 1.6846e-09
2175 300 6.91359e-11
2200 300 1.97779e-12
2225 300 4.00637e-14
2250 300 5.8277e-16
2275 300 6.16439e-18
2300 300 4.79596e-20
2325 300 2.77297e-22
2350 300 1.20281e-24
2375 300 3.94801e-27
2400 300 9.88401e-30
2425 300 1.90121e-32
2450 300 2.82872e-35
2475 300 3.27584e-38
2500 300 2.96982e-41
2525 300 2.11907e-44
2550 300 1.196e-47
2575 300 5.36422e-51
2600 300 1.92024e-54
2625 300 5.50859e-58
2650 300 1.27118e-61
2675 300 2.36807e-65
2700 300 3.57317e-69
2725 300 4.38067e-73
2750 300 4.37652e-77
2775 300 3.57287e-81
2800 300 2.38963e-85
2825 300 1.31259e-89
2850 300 5.93489e-94
2875 300 2.21369e-98
2900 300 6.82541e-103
2925 300 1.74293e-107
2950 300 3.69277e-112
2975 300 6.50263e-117
0 325 0
25 325 -3.40028e-05
50 325 -4.3221e-05
75 325 -3.07377e-05
100 325 -1.70413e-05
125 325 -1.00451e-05
150 325 -6.98653e-06
175 325 -5.37862e-06
200 325 -4.36672e-06
225 325 -3.66722e-06
250 325 -3.15616e-06
275 325 -2.76801e-06
300 325 -2.46448e-06
325 325 -2.22158e-06
350 325 -2.02357e-06
375 325 -1.85966e-06
400 325 -1.72223e-06
425 325 -1.60577e-06
450 325 -1.50617e-06
475 325 -1.42035e-06
500 325 -1.3459e-06
525 325 -1.28098e-06
550 325 -1.2241e-06
575 325 -1.1741e-06
600 325 -1.13003e-06
625 325 -1.09112e-06
650 325 -1.05678e-06
675 325 -1.02654e-06
700 325 -1.00009e-06
725 325 -9.77262e-07
750 325 -9.57994e-07
775 325 -9.42327e-07
800 325 -9.30316e-07
825 325 -9.21944e-07
850 325 -9.17016e-07
875 325 -9.15093e-07
900 325 -9.15473e-07
925 325 -9.17251e-07
950 325 -9.19447e-07
975 325 -9.21178e-07
1000 325 -9.21828e-07
1025 325 -9.21178e-07
1050 325 -9.19447e-07
1075 325 -9.17251e-07
1100 325 -9.15473e-07
1125 325 -9.15093e-07
1150 325 -9.17016e-07
1175 325 -9.21944e-07
1200 325 -9.30316e-07
1225 325 -9.42327e-07
1250 325 -9.57994e-07
1275 325 -9.77262e-07
1300 325 -1.00009e-06
1325 325 -1.02654e-06
1350 325 -1.05678e-06
1375 325 -1.09112e-06
1400 325 -1.13003e-06
1425 325 -1.1741e-06
1450 325 -1.2241e-06
1475 325 -1.28098e-06
1500 325 -1.3459e-06
1525 325 -1.42035e-06
1550 325 -1.50617e-06
1575 325 -1.60577e-06
1600 325 -1.72223e-06
1625 325 -1.85966e-06
1650 325 -2.02357e-06
1675 325 -2.22158e-06
1700 325 -2.46448e-06
1725 325 -2.76801e-06
1750 325 -3.15616e-06
1775 325 -3.66722e-06
1800 325 -4.3667e-06
1825 325 -5.37811e-06
1850 325 -6.97647e-06
1875 325 -9.91104e-06
1900 325 -1.58661e-05
1925 325 -2.41543e-05
1950 325 -2.05584e-05
1975 325 1.11225e-05
2000 325 4.55337e-05
2025 325 4.51253e-05
2050 325 2.26626e-05
2075 325 6.58339e-06
2100 325 1.17521e-06
2125 325 1.34046e-07
2150 325 1.00616e-08
2175 325 5.09088e-10
2200 325 1.77211e-11
2225 325 4.31968e-13
2250 325 7.48954e-15
2275 325 9.36556e-17
2300 325 8.55256e-19
2325 325 5.76795e-21
2350 325 2.90224e-23
2375 325 1.09966e-25
2400 325 3.1643e-28
2425 325 6.96892e-31
2450 325 1.18311e-33
2475 325 1.55854e-36
2500 325 1.60284e-39
2525 325 1.29417e-42
2550 325 8.24695e-46
2575 325 4.16788e-49
2600 325 1.67813e-52
2625 325 5.40587e-56
2650 325 1.39878e-59
2675 325 2.91799e-63
2700 325 4.92463e-67
2725 325 6.74573e-71
2750 325 7.5227e-75
2775 325 6.84935e-79
2800 325 5.10532e-83
2825 325 3.12315e-87
2850 325 1.57178e-91
2875 325 6.52211e-96
2900 325 2.23614e-100
2925 325 6.34725e-105
2950 325 1.49436e-109
2975 325 2.92332e-114
0 350 0
25 350 -6.3245e-05
50 350 -6.29886e-05
75 350 -3.3267e-05
100 350 -1.46202e-05
125 350 -8.01688e-06
150 350 -5.70097e-06
175 350 -4.52959e-06
200 350 -3.76475e-06
225 350 -3.21593e-06
250 350 -2.80364e-06
275 350 -2.48388e-06
300 350 -2.22969e-06
325 350 -2.02357e-06
350 350 -1.85369e-06
375 350 -1.71177e-06
400 350 -1.59186e-06
425 350 -1.48956e-06
450 350 -1.40157e-06
475 350 -1.32535e-06
500 350 -1.25895e-06
525 350 -1.20081e-06
550 350 -1.1497e-06
575 350 -1.10463e-06
600 350 -1.06478e-06
625 350 -1.02949e-06
650 350 -9.98224e-07
675 350 -9.70521e-07
700 350 -9.4601e-07
725 350 -9.24382e-07
750 350 -9.05385e-07
775 350 -8.88812e-07
800 350 -8.74496e-07
825 350 -8.62295e-07
850 350 -8.52084e-07
875 350 -8.43743e-07
900 350 -8.37154e-07
925 350 -8.32195e-07
950 350 -8.28753e-07
975 350 -8.26732e-07
1000 350 -8.26066e-07
1025 350 -8.26732e-07
1050 350 -8.28753e-07
1075 350 -8.32195e-07
1100 350 -8.37154e-07
1125 350 -8.43743e-07
1150 350 -8.52084e-07
1175 350 -8.62295e-07
1200 350 -8.74496e-07
1225 350 -8.88812e-07
1250 350 -9.05385e-07
1275 350 -9.24382e-07
1300 350 -9.4601e-07
1325 350 -9.70521e-07
1350 350 -9.98224e-07
1375 350 -1.02949e-06
1400 350 -1.06478e-06
1425 350 -1.10463e-06
1450 350 -1.1497e-06
1475 350 -1.20081e-06
1500 350 -1.25895e-06
1525 350 -1.32535e-06
1550 350 -1.40157e-06
1575 350 -1.48956e-06
1600 350 -1.59186e-06
1625 350 -1.71177e-06
1650 350 -1.85369e-06
1675 350 -2.02357e-06
1700 350 -2.22969e-06
1725 350 -2.48388e-06
1750 350 -2.80364e-06
1775 350 -3.21593e-06
1800 350 -3.76462e-06
1825 350 -4.52651e-06
1850 350 -5.65181e-06
1875 350 -7.49584e-06
1900 350 -1.10646e-05
1925 350 -1.82094e-05
1950 350 -2.54676e-05
1975 350 -1.34543e-05
2000 350 2.48633e-05
2025 350 4.97907e-05
2050 350 3.75209e-05
2075 350 1.50576e-05
2100 350 3.55559e-06
2125 350 5.21044e-07
2150 350 4.91602e-08
2175 350 3.0728e-09
2200 350 1.30275e-10
2225 350 3.82211e-12
2250 350 7.8963e-14
2275 350 1.16649e-15
2300 350 1.24907e-17
2325 350 9.81399e-20
2350 350 5.72041e-22
2375 350 2.49836e-24
2400 350 8.25015e-27
2425 350 2.077e-29
2450 350 4.01672e-32
2475 350 6.00882e-35
2500 350 6.99807e-38
2525 350 6.38284e-41
2550 350 4.5844e-44
2575 350 2.60614e-47
2600 350 1.1782e-50
2625 350 4.25466e-54
2650 350 1.23232e-57
2675 350 2.87384e-61
2700 350 5.41565e-65
2725 350 8.27462e-69
2750 350 1.02832e-72
2775 350 1.0425e-76
2800 350 8.64573e-81
2825 350 5.88085e-85
2850 350 3.28896e-89
2875 350 1.51587e-93
2900 350 5.77021e-98
2925 350 1.81777e-102
2950 350 4.74832e-107
2975 350 1.03035e-111
0 375 0
25 375 -6.3254e-05
50 375 -6.96875e-05
75 375 -4.05404e-05
100 375 -1.70456e-05
125 375 -7.70936e-06
150 375 -4.95458e-06
175 375 -3.92406e-06
200 375 -3.3101e-06
225 375 -2.86482e-06
250 375 -2.52349e-06
275 375 -2.25431e-06
300 375 -2.03745e-06
325 375 -1.85966e-06
350 375 -1.71177e-06
375 375 -1.58727e-06
400 375 -1.48137e-06
425 375 -1.3905e-06
450 375 -1.31194e-06
475 375 -1.2436e-06
500 375 -1.18383e-06
525 375 -1.13131e-06
550 375 -1.085e-06
575 375 -1.04405e-06
600 375 -1.00776e-06
625 375 -9.75547e-07
650 375 -9.46947e-07
675 375 -9.2156e-07
700 375 -8.99054e-07
725 375 -8.79151e-07
750 375 -8.61614e-07
775 375 -8.46249e-07
800 375 -8.32889e-07
825 375 -8.21395e-07
850 375 -8.11652e-07
875 375 -8.03564e-07
900 375 -7.97052e-07
925 375 -7.92053e-07
950 375 -7.88517e-07
975 375 -7.8641e-07
1000 375 -7.8571e-07
1025 375 -7.8641e-07
1050 375 -7.88517e-07
1075 375 -7.92053e-07
1100 375 -7.97052e-07
1125 375 -8.03564e-07
1150 375 -8.11652e-07
1175 375 -8.21395e-07
1200 375 -8.32889e-07
1225 375 -8.46249e-07
1250 375 -8.61614e-07
1275 375 -8.79151e-07
1300 375 -8.99054e-07
1325 375 -9.2156e-07
1350 375 -9.46947e-07
1375 375 -9.75547e-07
1400 375 -1.00776e-06
1425 375 -1.04405e-06
1450 375 -1.085e-06
1475 375 -1.13131e-06
1500 375 -1.18383e-06
1525 375 -1.2436e-06
1550 375 -1.31194e-06
1575 375 -1.3905e-06
1600 375 -1.48137e-06
1625 375 -1.58727e-06
1650 375 -1.71177e-06
1675 375 -1.85966e-06
1700 375 -2.03745e-06
1725 375 -2.25431e-06
1750 375 -2.52349e-06
1775 375 -2.86479e-06
1800 375 -3.30931e-06
1825 375 -3.90872e-06
1850 375 -4.75623e-06
1875 375 -6.04316e-06
1900 375 -8.2583e-06
1925 375 -1.27931e-05
1950 375 -2.11884e-05
1975 375 -2.48178e-05
2000 375 -1.40163e-06
2025 375 3.84362e-05
2050 375 4.84991e-05
2075 375 2.77473e-05
2100 375 8.7873e-06
2125 375 1.6662e-06
2150 375 1.98349e-07
2175 375 1.53444e-08
2200 375 7.92835e-10
2225 375 2.79916e-11
2250 375 6.88564e-13
2275 375 1.20029e-14
2300 375 1.50496e-16
2325 375 1.37536e-18
2350 375 9.27056e-21
2375 375 4.65832e-23
2400 375 1.76192e-25
2425 375 5.06045e-28
2450 375 1.11257e-30
2475 375 1.8862e-33
2500 375 2.48263e-36
2525 375 2.5527e-39
2550 375 2.0623e-42
2575 375 1.31609e-45
2600 375 6.66724e-49
2625 375 2.6936e-52
2650 375 8.71583e-56
2675 375 2.26782e-59
2700 375 4.7627e-63
2725 375 8.10143e-67
2750 375 1.11984e-70
2775 375 1.26172e-74
2800 375 1.16209e-78
2825 375 8.7731e-83
2850 375 5.44262e-87
2875 375 2.78125e-91
2900 375 1.17334e-95
2925 375 4.09522e-100
2950 375 1.18484e-104
2975 375 2.847e-109
0 400 0
25 400 -3.95728e-05
50 400 -6.31969e-05
75 400 -5.06786e-05
100 400 -2.44731e-05
125 400 -9.49846e-06
150 400 -4.77593e-06
175 400 -3.50529e-06
200 400 -2.95834e-06
225 400 -2.58511e-06
250 400 -2.2964e-06
275 400 -2.0657e-06
300 400 -1.87775e-06
325 400 -1.72223e-06
350 400 -1.59186e-06
375 400 -1.48137e-06
400 400 -1.38684e-06
425 400 -1.30532e-06
450 400 -1.23454e-06
475 400 -1.17273e-06
500 400 -1.11848e-06
525 400 -1.07066e-06
550 400 -1.02839e-06
575 400 -9.90915e-07
600 400 -9.5763e-07
625 400 -9.28034e-07
650 400 -9.01708e-07
675 400 -8.78302e-07
700 400 -8.57524e-07
725 400 -8.39124e-07
750 400 -8.22894e-07
775 400 -8.08657e-07
800 400 -7.96265e-07
825 400 -7.85593e-07
850 400 -7.76536e-07
875 400 -7.69008e-07
900 400 -7.62939e-07
925 400 -7.58274e-07
950 400 -7.54972e-07
975 400 -7.53002e-07
1000 400 -7.52347e-07
1025 400 -7.53002e-07
1050 400 -7.54972e-07
1075 400 -7.58274e-07
1100 400 -7.62939e-07
1125 400 -7.69008e-07
1150 400 -7.76536e-07
1175 400 -7.85593e-07
1200 400 -7.96265e-07
1225 400 -8.08657e-07
1250 400 -8.22894e-07
1275 400 -8.39124e-07
1300 400 -8.57524e-07
1325 400 -8.78302e-07
1350 400 -9.01708e-07
1375 400 -9.28034e-07
1400 400 -9.5763e-07
1425 400 -9.90915e-07
1450 400 -1.02839e-06
1475 400 -1.07066e-06
1500 400 -1.11848e-06
1525 400 -1.17273e-06
1550 400 -1.23454e-06
1575 400 -1.30532e-06
1600 400 -1.38684e-06
1625 400 -1.48137e-06
1650 400 -1.59186e-06
1675 400 -1.72223e-06
1700 400 -1.87775e-06
1725 400 -2.0657e-06
1750 400 -2.29639e-06
1775 400 -2.58493e-06
1800 400 -2.95431e-06
1825 400 -3.44128e-06
1850 400 -4.1086e-06
1875 400 -5.07388e-06
