0 0 0
25 0 0
50 0 0
75 0 0
100 0 0
125 0 0
150 0 0
175 0 0
200 0 0
225 0 0
250 0 0
275 0 0
300 0 0
325 0 0
350 0 0
375 0 0
400 0 0
425 0 0
450 0 0
475 0 0
500 0 0
525 0 0
550 0 0
575 0 0
600 0 0
625 0 0
650 0 0
675 0 0
700 0 0
725 0 0
750 0 0
775 0 0
800 0 0
825 0 0
850 0 0
875 0 0
900 0 0
925 0 0
950 0 0
975 0 0
1000 0 0
1025 0 0
1050 0 0
1075 0 0
1100 0 0
1125 0 0
1150 0 0
1175 0 0
1200 0 0
1225 0 0
1250 0 0
1275 0 0
1300 0 0
1325 0 0
1350 0 0
1375 0 0
1400 0 0
1425 0 0
1450 0 0
1475 0 0
1500 0 0
1525 0 0
1550 0 0
1575 0 0
1600 0 0
1625 0 0
1650 0 0
1675 0 0
1700 0 0
1725 0 0
1750 0 0
1775 0 0
1800 0 0
1825 0 0
1850 0 0
1875 0 0
1900 0 0
1925 0 0
1950 0 0
1975 0 0
2000 0 0
2025 0 0
2050 0 0
2075 0 0
2100 0 0
2125 0 0
2150 0 0
2175 0 0
2200 0 0
2225 0 0
2250 0 0
2275 0 0
2300 0 0
2325 0 0
2350 0 0
2375 0 0
2400 0 0
2425 0 0
2450 0 0
2475 0 0
2500 0 0
2525 0 0
2550 0 0
2575 0 0
2600 0 0
2625 0 0
2650 0 0
2675 0 0
2700 0 0
2725 0 0
2750 0 0
2775 0 0
2800 0 0
2825 0 0
2850 0 0
2875 0 0
2900 0 0
2925 0 0
2950 0 0
2975 0 0
0 25 0
25 25 6.13019e-105
50 25 8.97479e-101
75 25 1.04867e-96
100 25 9.74543e-93
125 25 7.17702e-89
150 25 4.17313e-85
175 25 1.90856e-81
200 25 6.83899e-78
225 25 1.91257e-74
250 25 4.15772e-71
275 25 6.99813e-68
300 25 9.0841e-65
325 25 9.05889e-62
350 25 6.91408e-59
375 25 4.02456e-56
400 25 1.78074e-53
425 25 5.97179e-51
450 25 1.51408e-48
475 25 2.89662e-46
500 25 4.17604e-44
525 25 4.53452e-42
550 25 3.70949e-40
575 25 2.28895e-38
600 25 1.06767e-36
625 25 3.77635e-35
650 25 1.01699e-33
675 25 2.09563e-32
700 25 3.32313e-31
725 25 4.08089e-30
750 25 3.9072e-29
775 25 2.93698e-28
800 25 1.74541e-27
825 25 8.25681e-27
850 25 3.12927e-26
875 25 9.55783e-26
900 25 2.36501e-25
925 25 4.76205e-25
950 25 7.83038e-25
975 25 1.05419e-24
1000 25 1.16383e-24
1025 25 1.05419e-24
1050 25 7.83038e-25
1075 25 4.76205e-25
1100 25 2.36501e-25
1125 25 9.55783e-26
1150 25 3.12927e-26
1175 25 8.25681e-27
1200 25 1.74541e-27
1225 25 2.93698e-28
1250 25 3.9072e-29
1275 25 4.08089e-30
1300 25 3.32313e-31
1325 25 2.09563e-32
1350 25 1.01699e-33
1375 25 3.77635e-35
1400 25 1.06767e-36
1425 25 2.28895e-38
1450 25 3.70949e-40
1475 25 4.53452e-42
1500 25 4.17604e-44
1525 25 2.89662e-46
1550 25 1.51408e-48
1575 25 5.97179e-51
1600 25 1.78074e-53
1625 25 4.02456e-56
1650 25 6.91408e-59
1675 25 9.05889e-62
1700 25 9.0841e-65
1725 25 6.99813e-68
1750 25 4.15772e-71
1775 25 1.91257e-74
1800 25 6.83899e-78
1825 25 1.90856e-81
1850 25 4.17313e-85
1875 25 7.17702e-89
1900 25 9.74543e-93
1925 25 1.04867e-96
1950 25 8.97479e-101
1975 25 6.13019e-105
2000 25 3.35318e-109
2025 25 1.47364e-113
2050 25 5.21976e-118
2075 25 1.49468e-122
2100 25 3.47022e-127
2125 25 6.55081e-132
2150 25 1.00817e-136
2175 25 1.26825e-141
2200 25 1.30731e-146
2225 25 1.10687e-151
2250 25 7.71532e-157
2275 25 4.4371e-162
2300 25 2.10982e-167
2325 25 8.31131e-173
2350 25 2.71773e-178
2375 25 7.39026e-184
2400 25 1.67416e-189
2425 25 3.16487e-195
2450 25 5.00079e-201
2475 25 6.61485e-207
2500 25 7.33578e-213
2525 25 6.83023e-219
2550 25 5.34659e-225
2575 25 3.5232e-231
2600 25 1.95686e-237
2625 25 9.17187e-244
2650 25 3.63186e-250
2675 25 1.21632e-256
2700 25 3.44872e-263
2725 25 8.28663e-270
2750 25 1.68849e-276
2775 25 2.91656e-283
2800 25 4.25504e-290
2825 25 5.18315e-297
2850 25 5.14267e-304
2875 25 3.99475e-311
2900 25 2.31142e-318
2925 25 0
2950 25 0
2975 25 0
0 50 0
25 50 8.97479e-101
50 50 1.18867e-96
75 50 1.25534e-92
100 50 1.05337e-88
125 50 6.99735e-85
150 50 3.66593e-81
175 50 1.5089e-77
200 50 4.86025e-74
225 50 1.22026e-70
250 50 2.3785e-67
275 50 3.58484e-64
300 50 4.16136e-61
325 50 3.70612e-58
350 50 2.52295e-55
375 50 1.30824e-52
400 50 5.15075e-50
425 50 1.53547e-47
450 50 3.45784e-45
475 50 5.87249e-43
500 50 7.51394e-41
525 50 7.24219e-39
550 50 5.26206e-37
575 50 2.8872e-35
600 50 1.19959e-33
625 50 3.78856e-32
650 50 9.13846e-31
675 50 1.69315e-29
700 50 2.42517e-28
725 50 2.70439e-27
750 50 2.36539e-26
775 50 1.63514e-25
800 50 9.00152e-25
825 50 3.97537e-24
850 50 1.41821e-23
875 50 4.11286e-23
900 50 9.7501e-23
925 50 1.89836e-22
950 50 3.04707e-22
975 50 4.04302e-22
1000 50 4.44188e-22
1025 50 4.04302e-22
1050 50 3.04707e-22
1075 50 1.89836e-22
1100 50 9.7501e-23
1125 50 4.11286e-23
1150 50 1.41821e-23
1175 50 3.97537e-24
1200 50 9.00152e-25
1225 50 1.63514e-25
1250 50 2.36539e-26
1275 50 2.70439e-27
1300 50 2.42517e-28
1325 50 1.69315e-29
1350 50 9.13846e-31
1375 50 3.78856e-32
1400 50 1.19959e-33
1425 50 2.8872e-35
1450 50 5.26206e-37
1475 50 7.24219e-39
1500 50 7.51394e-41
1525 50 5.87249e-43
1550 50 3.45784e-45
1575 50 1.53547e-47
1600 50 5.15075e-50
1625 50 1.30824e-52
1650 50 2.52295e-55
1675 50 3.70612e-58
1700 50 4.16136e-61
1725 50 3.58484e-64
1750 50 2.3785e-67
1775 50 1.22026e-70
1800 50 4.86025e-74
1825 50 1.5089e-77
1850 50 3.66593e-81
1875 50 6.99735e-85
1900 50 1.05337e-88
1925 50 1.25534e-92
1950 50 1.18867e-96
1975 50 8.97479e-101
2000 50 5.42182e-105
2025 50 2.62946e-109
2050 50 1.02703e-113
2075 50 3.24065e-118
2100 50 8.2853e-123
2125 50 1.72128e-127
2150 50 2.91379e-132
2175 50 4.02966e-137
2200 50 4.56439e-142
2225 50 4.24477e-147
2250 50 3.24859e-152
2275 50 2.05056e-157
2300 50 1.06983e-162
2325 50 4.62285e-168
2350 50 1.65772e-173
2375 50 4.94234e-179
2400 50 1.22732e-184
2425 50 2.54292e-190
2450 50 4.40325e-196
2475 50 6.38213e-202
2500 50 7.75471e-208
2525 50 7.91044e-214
2550 50 6.78378e-220
2575 50 4.89727e-226
2600 50 2.97987e-232
2625 50 1.53012e-238
2650 50 6.63811e-245
2675 50 2.43575e-251
2700 50 7.56749e-258
2725 50 1.99268e-264
2750 50 4.4513e-271
2775 50 8.44076e-278
2800 50 1.35815e-284
2825 50 1.84743e-291
2850 50 2.09983e-298
2875 50 1.94531e-305
2900 50 1.41174e-312
2925 50 7.62887e-320
2950 50 0
2975 50 0
0 75 0
25 75 1.04867e-96
50 75 1.25534e-92
75 75 1.19703e-88
100 75 9.05951e-85
125 75 5.42172e-81
150 75 2.5559e-77
175 75 9.45419e-74
200 75 2.73306e-70
225 75 6.14991e-67
250 75 1.07281e-63
275 75 1.44495e-60
300 75 1.4967e-57
325 75 1.18764e-54
350 75 7.19285e-52
375 75 3.31352e-49
400 75 1.15746e-46
425 75 3.05771e-44
450 75 6.09603e-42
475 75 9.15873e-40
500 75 1.03628e-37
525 75 8.83246e-36
550 75 5.67786e-34
575 75 2.75922e-32
600 75 1.0171e-30
625 75 2.85673e-29
650 75 6.14754e-28
675 75 1.02015e-26
700 75 1.31489e-25
725 75 1.32669e-24
750 75 1.05646e-23
775 75 6.69487e-23
800 75 3.40411e-22
825 75 1.39981e-21
850 75 4.68977e-21
875 75 1.28877e-20
900 75 2.9222e-20
925 75 5.49442e-20
950 75 8.60068e-20
975 75 1.12407e-19
1000 75 1.22875e-19
1025 75 1.12407e-19
1050 75 8.60068e-20
1075 75 5.49442e-20
1100 75 2.9222e-20
1125 75 1.28877e-20
1150 75 4.68977e-21
1175 75 1.39981e-21
1200 75 3.40411e-22
1225 75 6.69487e-23
1250 75 1.05646e-23
1275 75 1.32669e-24
1300 75 1.31489e-25
1325 75 1.02015e-26
1350 75 6.14754e-28
1375 75 2.85673e-29
1400 75 1.0171e-30
1425 75 2.75922e-32
1450 75 5.67786e-34
1475 75 8.83246e-36
1500 75 1.03628e-37
1525 75 9.15873e-40
1550 75 6.09603e-42
1575 75 3.05771e-44
1600 75 1.15746e-46
1625 75 3.31352e-49
1650 75 7.19285e-52
1675 75 1.18764e-54
1700 75 1.4967e-57
1725 75 1.44495e-60
1750 75 1.07281e-63
1775 75 6.14991e-67
1800 75 2.73306e-70
1825 75 9.45419e-74
1850 75 2.5559e-77
1875 75 5.42172e-81
1900 75 9.05951e-85
1925 75 1.19703e-88
1950 75 1.25534e-92
1975 75 1.04867e-96
2000 75 7.00265e-101
2025 75 3.7506e-105
2050 75 1.61649e-109
2075 75 5.624e-114
2100 75 1.58429e-118
2125 75 3.62413e-123
2150 75 6.751e-128
2175 75 1.02682e-132
2200 75 1.2785e-137
2225 75 1.30635e-142
2250 75 1.098e-147
2275 75 7.60868e-153
2300 75 4.35642e-158
2325 75 2.06522e-163
2350 75 8.12246e-169
2375 75 2.65535e-174
2400 75 7.22875e-180
2425 75 1.64162e-185
2450 75 3.11516e-191
2475 75 4.94745e-197
2500 75 6.58633e-203
2525 75 7.36045e-209
2550 75 6.91473e-215
2575 75 5.46816e-221
2600 75 3.64468e-227
2625 75 2.05006e-233
2650 75 9.74256e-240
2675 75 3.91622e-246
2700 75 1.33296e-252
2725 75 3.84564e-259
2750 75 9.41337e-266
2775 75 1.95674e-272
2800 75 3.45621e-279
2825 75 5.18501e-286
2850 75 6.58154e-293
2875 75 6.98593e-300
2900 75 6.04753e-307
2925 75 4.10327e-314
2950 75 2.03061e-321
2975 75 0
0 100 0
25 100 9.74543e-93
50 100 1.05337e-88
75 100 9.05951e-85
100 100 6.17684e-81
125 100 3.32596e-77
150 100 1.40885e-73
175 100 4.67602e-70
200 100 1.21114e-66
225 100 2.43802e-63
250 100 3.79857e-60
275 100 4.56213e-57
300 100 4.20665e-54
325 100 2.96647e-51
350 100 1.59398e-48
375 100 6.5041e-46
400 100 2.00932e-43
425 100 4.68787e-41
450 100 8.24403e-39
475 100 1.09152e-36
500 100 1.08774e-34
525 100 8.16415e-33
550 100 4.62329e-31
575 100 1.9811e-29
600 100 6.44989e-28
625 100 1.60384e-26
650 100 3.06534e-25
675 100 4.5359e-24
700 100 5.23855e-23
725 100 4.76279e-22
750 100 3.43952e-21
775 100 1.99086e-20
800 100 9.31833e-20
825 100 3.55699e-19
850 100 1.11612e-18
875 100 2.89962e-18
900 100 6.27626e-18
925 100 1.13786e-17
950 100 1.73511e-17
975 100 2.23221e-17
1000 100 2.42725e-17
1025 100 2.23221e-17
1050 100 1.73511e-17
1075 100 1.13786e-17
1100 100 6.27626e-18
1125 100 2.89962e-18
1150 100 1.11612e-18
1175 100 3.55699e-19
1200 100 9.31833e-20
1225 100 1.99086e-20
1250 100 3.43952e-21
1275 100 4.76279e-22
1300 100 5.23855e-23
1325 100 4.5359e-24
1350 100 3.06534e-25
1375 100 1.60384e-26
1400 100 6.44989e-28
1425 100 1.9811e-29
1450 100 4.62329e-31
1475 100 8.16415e-33
1500 100 1.08774e-34
1525 100 1.09152e-36
1550 100 8.24403e-39
1575 100 4.68787e-41
1600 100 2.00932e-43
1625 100 6.5041e-46
1650 100 1.59398e-48
1675 100 2.96647e-51
1700 100 4.20665e-54
1725 100 4.56213e-57
1750 100 3.79857e-60
1775 100 2.43802e-63
1800 100 1.21114e-66
1825 100 4.67602e-70
1850 100 1.40885e-73
1875 100 3.32596e-77
1900 100 6.17684e-81
1925 100 9.05951e-85
1950 100 1.05337e-88
1975 100 9.74543e-93
2000 100 7.19968e-97
2025 100 4.26205e-101
2050 100 2.02846e-105
2075 100 7.7866e-110
2100 100 2.41828e-114
2125 100 6.09443e-119
2150 100 1.24987e-123
2175 100 2.09166e-128
2200 100 2.86385e-133
2225 100 3.21617e-138
2250 100 2.96965e-143
2275 100 2.2597e-148
2300 100 1.42017e-153
2325 100 7.38742e-159
2350 100 3.18708e-164
2375 100 1.14258e-169
2400 100 3.41019e-175
2425 100 8.48881e-181
2450 100 1.76535e-186
2475 100 3.07214e-192
2500 100 4.4808e-198
2525 100 5.4856e-204
2550 100 5.64505e-210
2575 100 4.88968e-216
2600 100 3.5697e-222
2625 100 2.1992e-228
2650 100 1.14472e-234
2675 100 5.04006e-241
2700 100 1.87908e-247
2725 100 5.93857e-254
2750 100 1.59251e-260
2775 100 3.62707e-267
2800 100 7.02226e-274
2825 100 1.15637e-280
2850 100 1.61883e-287
2875 100 1.9191e-294
2900 100 1.9038e-301
2925 100 1.54116e-308
2950 100 9.7834e-316
2975 100 2.47033e-323
0 125 0
25 125 7.17702e-89
50 125 6.99735e-85
75 125 5.42172e-81
100 125 3.32596e-77
125 125 1.60912e-73
150 125 6.11531e-70
175 125 1.81821e-66
200 125 4.21179e-63
225 125 7.56962e-60
250 125 1.05111e-56
275 125 1.12303e-53
300 125 9.19461e-51
325 125 5.74622e-48
350 125 2.73111e-45
375 125 9.83891e-43
400 125 2.67876e-40
425 125 5.49877e-38
450 125 8.49576e-36
475 125 9.87094e-34
500 125 8.62499e-32
525 125 5.67406e-30
550 125 2.81686e-28
575 125 1.05904e-26
600 125 3.02987e-25
625 125 6.63618e-24
650 125 1.12075e-22
675 125 1.47142e-21
700 125 1.51522e-20
725 125 1.2355e-19
750 125 8.05524e-19
775 125 4.24068e-18
800 125 1.82e-17
825 125 6.4261e-17
850 125 1.88255e-16
875 125 4.61092e-16
900 125 9.50559e-16
925 125 1.65866e-15
950 125 2.46067e-15
975 125 3.11362e-15
1000 125 3.36699e-15
1025 125 3.11362e-15
1050 125 2.46067e-15
1075 125 1.65866e-15
1100 125 9.50559e-16
1125 125 4.61092e-16
1150 125 1.88255e-16
1175 125 6.4261e-17
1200 125 1.82e-17
1225 125 4.24068e-18
1250 125 8.05524e-19
1275 125 1.2355e-19
1300 125 1.51522e-20
1325 125 1.47142e-21
1350 125 1.12075e-22
1375 125 6.63618e-24
1400 125 3.02987e-25
1425 125 1.05904e-26
1450 125 2.81686e-28
1475 125 5.67406e-30
1500 125 8.62499e-32
1525 125 9.87094e-34
1550 125 8.49576e-36
1575 125 5.49877e-38
1600 125 2.67876e-40
1625 125 9.83891e-43
1650 125 2.73111e-45
1675 125 5.74622e-48
1700 125 9.19461e-51
1725 125 1.12303e-53
1750 125 1.05111e-56
1775 125 7.56962e-60
1800 125 4.21179e-63
1825 125 1.81821e-66
1850 125 6.11531e-70
1875 125 1.60912e-73
1900 125 3.32596e-77
1925 125 5.42172e-81
1950 125 6.99735e-85
1975 125 7.17702e-89
2000 125 5.87158e-93
2025 125 3.84503e-97
2050 125 2.02235e-101
2075 125 8.57137e-106
2100 125 2.93665e-110
2125 125 8.15789e-115
2150 125 1.84287e-119
2175 125 3.39478e-124
2200 125 5.11326e-129
2225 125 6.31343e-134
2250 125 6.40597e-139
2275 125 5.35403e-144
2300 125 3.69431e-149
2325 125 2.10903e-154
2350 125 9.98221e-160
2375 125 3.92489e-165
2400 125 1.28443e-170
2425 125 3.50478e-176
2450 125 7.98798e-182
2475 125 1.52321e-187
2500 125 2.43399e-193
2525 125 3.2642e-199
2550 125 3.67931e-205
2575 125 3.49054e-211
2600 125 2.79083e-217
2625 125 1.88297e-223
2650 125 1.07337e-229
2675 125 5.17559e-236
2700 125 2.11328e-242
2725 125 7.31481e-249
2750 125 2.14852e-255
2775 125 5.36029e-262
2800 125 1.13697e-268
2825 125 2.05202e-275
2850 125 3.15302e-282
2875 125 4.12235e-289
2900 125 4.56779e-296
2925 125 4.23824e-303
2950 125 3.21068e-310
2975 125 1.90819e-317
0 150 0
25 150 4.17313e-85
50 150 3.66593e-81
75 150 2.5559e-77
100 150 1.40885e-73
125 150 6.11531e-70
150 150 2.08179e-66
175 150 5.53487e-63
200 150 1.14444e-59
225 150 1.8325e-56
250 150 2.26258e-53
275 150 2.14504e-50
300 150 1.55507e-47
325 150 8.58681e-45
350 150 3.59815e-42
375 150 1.14036e-39
400 150 2.72574e-37
425 150 4.90259e-35
450 150 6.62543e-33
475 150 6.72336e-31
500 150 5.12543e-29
525 150 2.93999e-27
550 150 1.27258e-25
575 150 4.17431e-24
600 150 1.04344e-22
625 150 2.00138e-21
650 150 2.96941e-20
675 150 3.43905e-19
700 150 3.13994e-18
725 150 2.28367e-17
750 150 1.33721e-16
775 150 6.37132e-16
800 150 2.4958e-15
825 150 8.11708e-15
850 150 2.21178e-14
875 150 5.09078e-14
900 150 9.96838e-14
925 150 1.67054e-13
950 150 2.40731e-13
975 150 2.99322e-13
1000 150 3.21791e-13
1025 150 2.99322e-13
1050 150 2.40731e-13
1075 150 1.67054e-13
1100 150 9.96838e-14
1125 150 5.09078e-14
1150 150 2.21178e-14
1175 150 8.11708e-15
1200 150 2.4958e-15
1225 150 6.37132e-16
1250 150 1.33721e-16
1275 150 2.28367e-17
1300 150 3.13994e-18
1325 150 3.43905e-19
1350 150 2.96941e-20
1375 150 2.00138e-21
1400 150 1.04344e-22
1425 150 4.17431e-24
1450 150 1.27258e-25
1475 150 2.93999e-27
1500 150 5.12543e-29
1525 150 6.72336e-31
1550 150 6.62543e-33
1575 150 4.90259e-35
1600 150 2.72574e-37
1625 150 1.14036e-39
1650 150 3.59815e-42
1675 150 8.58681e-45
1700 150 1.55507e-47
1725 150 2.14504e-50
1750 150 2.26258e-53
1775 150 1.8325e-56
1800 150 1.14444e-59
1825 150 5.53487e-63
1850 150 2.08179e-66
1875 150 6.11531e-70
1900 150 1.40885e-73
1925 150 2.5559e-77
1950 150 3.66593e-81
1975 150 4.17313e-85
2000 150 3.78444e-89
2025 150 2.74394e-93
2050 150 1.59622e-97
2075 150 7.47508e-102
2100 150 2.82712e-106
2125 150 8.66214e-111
2150 150 2.15651e-115
2175 150 4.37488e-120
2200 150 7.25194e-125
2225 150 9.84822e-130
2250 150 1.09842e-134
2275 150 1.00863e-139
2300 150 7.64268e-145
2325 150 4.78931e-150
2350 150 2.48731e-155
2375 150 1.07274e-160
2400 150 3.84949e-166
2425 150 1.1515e-171
2450 150 2.87638e-177
2475 150 6.01014e-183
2500 150 1.05216e-188
2525 150 1.54566e-194
2550 150 1.90821e-200
2575 150 1.98257e-206
2600 150 1.73587e-212
2625 150 1.28248e-218
2650 150 8.0052e-225
2675 150 4.22662e-231
2700 150 1.88976e-237
2725 150 7.16282e-244
2750 150 2.30395e-250
2775 150 6.29514e-257
2800 150 1.46247e-263
2825 150 2.89141e-270
2850 150 4.86881e-277
2875 150 6.9863e-284
2900 150 8.5374e-291
2925 150 8.84882e-298
2950 150 7.68489e-305
2975 150 5.4517e-312
0 175 0
25 175 1.90856e-81
50 175 1.5089e-77
75 175 9.45419e-74
100 175 4.67602e-70
125 175 1.81821e-66
150 175 5.53487e-63
175 175 1.31344e-59
200 175 2.41917e-56
225 175 3.44329e-53
250 175 3.7708e-50
275 175 3.1635e-47
300 175 2.02467e-44
325 175 9.8457e-42
350 175 3.62436e-39
375 175 1.00662e-36
400 175 2.10343e-34
425 175 3.2999e-32
450 175 3.88162e-30
475 175 3.42237e-28
500 175 2.2636e-26
525 175 1.12551e-24
550 175 4.22178e-23
575 175 1.20058e-21
600 175 2.60507e-20
625 175 4.34677e-19
650 175 5.62814e-18
675 175 5.7121e-17
700 175 4.59395e-16
725 175 2.96131e-15
750 175 1.54784e-14
775 175 6.63604e-14
800 175 2.35983e-13
825 175 7.03435e-13
850 175 1.77489e-12
875 175 3.82403e-12
900 175 7.08908e-12
925 175 1.13801e-11
950 175 1.58995e-11
975 175 1.94038e-11
1000 175 2.07307e-11
1025 175 1.94038e-11
1050 175 1.58995e-11
1075 175 1.13801e-11
1100 175 7.08908e-12
1125 175 3.82403e-12
1150 175 1.77489e-12
1175 175 7.03435e-13
1200 175 2.35983e-13
1225 175 6.63604e-14
1250 175 1.54784e-14
1275 175 2.96131e-15
1300 175 4.59395e-16
1325 175 5.7121e-17
1350 175 5.62814e-18
1375 175 4.34677e-19
1400 175 2.60507e-20
1425 175 1.20058e-21
1450 175 4.22178e-23
1475 175 1.12551e-24
1500 175 2.2636e-26
1525 175 3.42237e-28
1550 175 3.88162e-30
1575 175 3.2999e-32
1600 175 2.10343e-34
1625 175 1.00662e-36
1650 175 3.62436e-39
1675 175 9.8457e-42
1700 175 2.02467e-44
1725 175 3.1635e-47
1750 175 3.7708e-50
1775 175 3.44329e-53
1800 175 2.41917e-56
1825 175 1.31344e-59
1850 175 5.53487e-63
1875 175 1.81821e-66
1900 175 4.67602e-70
1925 175 9.45419e-74
1950 175 1.5089e-77
1975 175 1.90856e-81
2000 175 1.92055e-85
2025 175 1.54324e-89
2050 175 9.93762e-94
2075 175 5.14592e-98
2100 175 2.14988e-102
2125 175 7.26969e-107
2150 175 1.99568e-111
2175 175 4.46075e-116
2200 175 8.14111e-121
2225 175 1.21642e-125
2250 175 1.49185e-130
2275 175 1.50548e-135
2300 175 1.25301e-140
2325 175 8.62079e-146
2350 175 4.91343e-151
2375 175 2.32469e-156
2400 175 9.14838e-162
2425 175 3.00015e-167
2450 175 8.21385e-173
2475 175 1.88064e-178
2500 175 3.60691e-184
2525 175 5.80396e-190
2550 175 7.84746e-196
2575 175 8.92847e-202
2600 175 8.55989e-208
2625 175 6.92432e-214
2650 175 4.73208e-220
2675 175 2.73538e-226
2700 175 1.33898e-232
2725 175 5.55653e-239
2750 175 1.95686e-245
2775 175 5.85442e-252
2800 175 1.48933e-258
2825 175 3.22461e-265
2850 175 5.94735e-272
2875 175 9.35117e-279
2900 175 1.25405e-285
2925 175 1.43346e-292
2950 175 1.3908e-299
2975 175 1.13134e-306
0 200 0
25 200 6.83899e-78
50 200 4.86025e-74
75 200 2.73306e-70
100 200 1.21114e-66
125 200 4.21179e-63
150 200 1.14444e-59
175 200 2.41917e-56
200 200 3.96038e-53
225 200 4.99864e-50
250 200 4.84233e-47
275 200 3.58441e-44
300 200 2.01869e-41
325 200 8.61459e-39
350 200 2.77504e-36
375 200 6.72551e-34
400 200 1.22293e-31
425 200 1.66503e-29
450 200 1.69552e-27
475 200 1.2913e-25
500 200 7.36426e-24
525 200 3.1532e-22
550 200 1.01789e-20
575 200 2.49149e-19
600 200 4.65803e-18
625 200 6.71028e-17
650 200 7.52419e-16
675 200 6.64071e-15
700 200 4.66882e-14
725 200 2.6476e-13
750 200 1.22641e-12
775 200 4.69876e-12
800 200 1.50708e-11
825 200 4.09296e-11
850 200 9.51145e-11
875 200 1.90921e-10
900 200 3.33747e-10
925 200 5.11585e-10
950 200 6.91369e-10
975 200 8.26986e-10
1000 200 8.77632e-10
1025 200 8.26986e-10
1050 200 6.91369e-10
1075 200 5.11585e-10
1100 200 3.33747e-10
1125 200 1.90921e-10
1150 200 9.51145e-11
1175 200 4.09296e-11
1200 200 1.50708e-11
1225 200 4.69876e-12
1250 200 1.22641e-12
1275 200 2.6476e-13
1300 200 4.66882e-14
1325 200 6.64071e-15
1350 200 7.52419e-16
1375 200 6.71028e-17
1400 200 4.65803e-18
1425 200 2.49149e-19
1450 200 1.01789e-20
1475 200 3.1532e-22
1500 200 7.36426e-24
1525 200 1.2913e-25
1550 200 1.69552e-27
1575 200 1.66503e-29
1600 200 1.22293e-31
1625 200 6.72551e-34
1650 200 2.77504e-36
1675 200 8.61459e-39
1700 200 2.01869e-41
1725 200 3.58441e-44
1750 200 4.84233e-47
1775 200 4.99864e-50
1800 200 3.96038e-53
1825 200 2.41917e-56
1850 200 1.14444e-59
1875 200 4.21179e-63
1900 200 1.21114e-66
1925 200 2.73306e-70
1950 200 4.86025e-74
1975 200 6.83899e-78
2000 200 7.64479e-82
2025 200 6.81449e-86
2050 200 4.86173e-90
2075 200 2.78594e-94
2100 200 1.28663e-98
2125 200 4.80447e-103
2150 200 1.45516e-107
2175 200 3.58547e-112
2200 200 7.20773e-117
2225 200 1.18539e-121
2250 200 1.5991e-126
2275 200 1.77393e-131
2300 200 1.62213e-136
2325 200 1.22554e-141
2350 200 7.66682e-147
2375 200 3.97984e-152
2400 200 1.71773e-157
2425 200 6.17617e-163
2450 200 1.85336e-168
2475 200 4.64986e-174
2500 200 9.77e-180
2525 200 1.72196e-185
2550 200 2.54973e-191
2575 200 3.1765e-197
2600 200 3.33424e-203
2625 200 2.95275e-209
2650 200 2.209e-215
2675 200 1.39777e-221
2700 200 7.48968e-228
2725 200 3.40222e-234
2750 200 1.31159e-240
2775 200 4.29557e-247
2800 200 1.19633e-253
2825 200 2.83594e-260
2850 200 5.72724e-267
2875 200 9.86192e-274
2900 200 1.44901e-280
2925 200 1.8175e-287
2950 200 1.94473e-294
2975 200 1.76752e-301
0 225 0
25 225 1.91257e-74
50 225 1.22026e-70
75 225 6.14991e-67
100 225 2.43802e-63
125 225 7.56962e-60
150 225 1.8325e-56
175 225 3.44329e-53
200 225 4.99864e-50
225 225 5.58027e-47
250 225 4.76831e-44
275 225 3.10448e-41
300 225 1.5332e-38
325 225 5.71965e-36
350 225 1.60554e-33
375 225 3.37976e-31
400 225 5.32072e-29
425 225 6.2522e-27
450 225 5.47856e-25
475 225 3.58081e-23
500 225 1.74858e-21
525 225 6.39968e-20
550 225 1.76401e-18
575 225 3.68604e-17
600 225 5.88733e-16
625 225 7.25848e-15
650 225 6.9858e-14
675 225 5.31369e-13
700 225 3.23671e-12
725 225 1.60052e-11
750 225 6.51407e-11
775 225 2.21193e-10
800 225 6.34895e-10
825 225 1.55955e-09
850 225 3.31587e-09
875 225 6.16486e-09
900 225 1.01119e-08
925 225 1.47419e-08
950 225 1.92151e-08
975 225 2.2488e-08
1000 225 2.36916e-08
1025 225 2.2488e-08
1050 225 1.92151e-08
1075 225 1.47419e-08
1100 225 1.01119e-08
1125 225 6.16486e-09
1150 225 3.31587e-09
1175 225 1.55955e-09
1200 225 6.34895e-10
1225 225 2.21193e-10
1250 225 6.51407e-11
1275 225 1.60052e-11
1300 225 3.23671e-12
1325 225 5.31369e-13
1350 225 6.9858e-14
1375 225 7.25848e-15
1400 225 5.88733e-16
1425 225 3.68604e-17
1450 225 1.76401e-18
1475 225 6.39968e-20
1500 225 1.74858e-21
1525 225 3.58081e-23
1550 225 5.47856e-25
1575 225 6.2522e-27
1600 225 5.32072e-29
1625 225 3.37976e-31
1650 225 1.60554e-33
1675 225 5.71965e-36
1700 225 1.5332e-38
1725 225 3.10448e-41
1750 225 4.76831e-44
1775 225 5.58027e-47
1800 225 4.99864e-50
1825 225 3.44329e-53
1850 225 1.8325e-56
1875 225 7.56962e-60
1900 225 2.43802e-63
1925 225 6.14991e-67
1950 225 1.22026e-70
1975 225 1.91257e-74
2000 225 2.37754e-78
2025 225 2.35339e-82
2050 225 1.86188e-86
2075 225 1.18164e-90
2100 225 6.0368e-95
2125 225 2.49099e-99
2150 225 8.32861e-104
2175 225 2.26331e-108
2200 225 5.01376e-113
2225 225 9.07935e-118
2250 225 1.34768e-122
2275 225 1.64391e-127
2300 225 1.65197e-132
2325 225 1.37081e-137
2350 225 9.41421e-143
2375 225 5.36239e-148
2400 225 2.5386e-153
2425 225 1.0008e-158
2450 225 3.29182e-164
2475 225 9.04984e-170
2500 225 2.08309e-175
2525 225 4.02119e-181
2550 225 6.5202e-187
2575 225 8.89368e-193
2600 225 1.02197e-198
2625 225 9.90678e-205
2650 225 8.11203e-211
2675 225 5.61793e-217
2700 225 3.29453e-223
2725 225 1.63786e-229
2750 225 6.91042e-236
2775 225 2.47701e-242
2800 225 7.55059e-249
2825 225 1.95919e-255
2850 225 4.33124e-262
2875 225 8.16509e-269
2900 225 1.31365e-275
2925 225 1.80503e-282
2950 225 2.11912e-289
2975 225 2.12402e-296
0 250 0
25 250 4.15772e-71
50 250 2.3785e-67
75 250 1.07281e-63
100 250 3.79857e-60
125 250 1.05111e-56
150 250 2.26258e-53
175 250 3.7708e-50
200 250 4.84233e-47
225 250 4.76831e-44
250 250 3.58316e-41
275 250 2.04499e-38
300 250 8.82348e-36
325 250 2.86562e-33
350 250 6.97746e-31
375 250 1.26933e-28
400 250 1.72047e-26
425 250 1.73421e-24
450 250 1.29895e-22
475 250 7.23348e-21
500 250 3.00093e-19
525 250 9.30977e-18
550 250 2.17174e-16
575 250 3.83785e-15
600 250 5.18562e-14
625 250 5.41635e-13
650 250 4.42802e-12
675 250 2.87227e-11
700 250 1.49979e-10
725 250 6.39901e-10
750 250 2.26462e-09
775 250 6.74687e-09
800 250 1.71641e-08
825 250 3.77905e-08
850 250 7.29063e-08
875 250 1.24625e-07
900 250 1.90598e-07
925 250 2.62938e-07
950 250 3.2932e-07
975 250 3.76228e-07
1000 250 3.9318e-07
1025 250 3.76228e-07
1050 250 3.2932e-07
1075 250 2.62938e-07
1100 250 1.90598e-07
1125 250 1.24625e-07
1150 250 7.29063e-08
1175 250 3.77905e-08
1200 250 1.71641e-08
1225 250 6.74687e-09
1250 250 2.26462e-09
1275 250 6.39901e-10
1300 250 1.49979e-10
1325 250 2.87227e-11
1350 250 4.42802e-12
1375 250 5.41635e-13
1400 250 5.18562e-14
1425 250 3.83785e-15
1450 250 2.17174e-16
1475 250 9.30977e-18
1500 250 3.00093e-19
1525 250 7.23348e-21
1550 250 1.29895e-22
1575 250 1.73421e-24
1600 250 1.72047e-26
1625 250 1.26933e-28
1650 250 6.97746e-31
1675 250 2.86562e-33
1700 250 8.82348e-36
1725 250 2.04499e-38
1750 250 3.58316e-41
1775 250 4.76831e-44
1800 250 4.84233e-47
1825 250 3.7708e-50
1850 250 2.26258e-53
1875 250 1.05111e-56
1900 250 3.79857e-60
1925 250 1.07281e-63
1950 250 2.3785e-67
1975 250 4.15772e-71
2000 250 5.75448e-75
2025 250 6.33162e-79
2050 250 5.56001e-83
2075 250 3.91126e-87
2100 250 2.21206e-91
2125 250 1.00928e-95
2150 250 3.72733e-100
2175 250 1.1177e-104
2200 250 2.72961e-109
2225 250 5.44483e-114
2250 250 8.8956e-119
2275 250 1.19349e-123
2300 250 1.3183e-128
2325 250 1.20172e-133
2350 250 9.06139e-139
2375 250 5.66424e-144
2400 250 2.94143e-149
2425 250 1.27152e-154
2450 250 4.58421e-160
2475 250 1.38098e-165
2500 250 3.48219e-171
2525 250 7.36189e-177
2550 250 1.30706e-182
2575 250 1.95181e-188
2600 250 2.455e-194
2625 250 2.60463e-200
2650 250 2.33401e-206
2675 250 1.76879e-212
2700 250 1.13501e-218
2725 250 6.1742e-225
2750 250 2.85037e-231
2775 250 1.11796e-237
2800 250 3.72901e-244
2825 250 1.05884e-250
2850 250 2.56173e-257
2875 250 5.28556e-264
2900 250 9.30823e-271
2925 250 1.40025e-277
2950 250 1.80059e-284
2975 250 1.97997e-291
0 275 0
25 275 6.99813e-68
50 275 3.58484e-64
75 275 1.44495e-60
100 275 4.56213e-57
125 275 1.12303e-53
150 275 2.14504e-50
175 275 3.1635e-47
200 275 3.58441e-44
225 275 3.10448e-41
250 275 2.04499e-38
275 275 1.01945e-35
300 275 3.82752e-33
325 275 1.07739e-30
350 275 2.26426e-28
375 275 3.54019e-26
400 275 4.10622e-24
425 275 3.52664e-22
450 275 2.24127e-20
475 275 1.05482e-18
500 275 3.68531e-17
525 275 9.59946e-16
550 275 1.87599e-14
575 275 2.77362e-13
600 275 3.13461e-12
625 275 2.74108e-11
650 275 1.88032e-10
675 275 1.02713e-09
700 275 4.53928e-09
725 275 1.64973e-08
750 275 5.01227e-08
775 275 1.29382e-07
800 275 2.88202e-07
825 275 5.62215e-07
850 275 9.73663e-07
875 275 1.51553e-06
900 275 2.14319e-06
925 275 2.7788e-06
950 275 3.32747e-06
975 275 3.69943e-06
1000 275 3.83105e-06
1025 275 3.69943e-06
1050 275 3.32747e-06
1075 275 2.7788e-06
1100 275 2.14319e-06
1125 275 1.51553e-06
1150 275 9.73663e-07
1175 275 5.62215e-07
1200 275 2.88202e-07
1225 275 1.29382e-07
1250 275 5.01227e-08
1275 275 1.64973e-08
1300 275 4.53928e-09
1325 275 1.02713e-09
1350 275 1.88032e-10
1375 275 2.74108e-11
1400 275 3.13461e-12
1425 275 2.77362e-13
1450 275 1.87599e-14
1475 275 9.59946e-16
1500 275 3.68531e-17
1525 275 1.05482e-18
1550 275 2.24127e-20
1575 275 3.52664e-22
1600 275 4.10622e-24
1625 275 3.54019e-26
1650 275 2.26426e-28
1675 275 1.07739e-30
1700 275 3.82752e-33
1725 275 1.01945e-35
1750 275 2.04499e-38
1775 275 3.10448e-41
1800 275 3.58441e-44
1825 275 3.1635e-47
1850 275 2.14504e-50
1875 275 1.12303e-53
1900 275 4.56213e-57
1925 275 1.44495e-60
1950 275 3.58484e-64
1975 275 6.99813e-68
2000 275 1.07964e-71
2025 275 1.32186e-75
2050 275 1.28959e-79
2075 275 1.00637e-83
2100 275 6.30542e-88
2125 275 3.18318e-92
2150 275 1.2992e-96
2175 275 4.301e-101
2200 275 1.15848e-105
2225 275 2.5464e-110
2250 275 4.58048e-115
2275 275 6.76115e-120
2300 275 8.21068e-125
2325 275 8.22358e-130
2350 275 6.80914e-135
2375 275 4.67145e-140
2400 275 2.6612e-145
2425 275 1.26143e-150
2450 275 4.98494e-156
2475 275 1.64547e-161
2500 275 4.54494e-167
2525 275 1.05226e-172
2550 275 2.04543e-178
2575 275 3.34345e-184
2600 275 4.6026e-190
2625 275 5.34356e-196
2650 275 5.23927e-202
2675 275 4.34401e-208
2700 275 3.04952e-214
2725 275 1.81473e-220
2750 275 9.1648e-227
2775 275 3.93223e-233
2800 275 1.43486e-239
2825 275 4.45725e-246
2850 275 1.17983e-252
2875 275 2.66353e-259
2900 275 5.13281e-266
2925 275 8.45025e-273
2950 275 1.18942e-279
2975 275 1.43233e-286
0 300 0
25 300 9.0841e-65
50 300 4.16136e-61
75 300 1.4967e-57
100 300 4.20665e-54
125 300 9.19461e-51
150 300 1.55507e-47
175 300 2.02467e-44
200 300 2.01869e-41
225 300 1.5332e-38
250 300 8.82348e-36
275 300 3.82752e-33
300 300 1.24517e-30
325 300 3.02335e-28
350 300 5.45509e-26
375 300 7.28672e-24
400 300 7.18448e-22
425 300 5.21872e-20
450 300 2.79113e-18
475 300 1.1002e-16
500 300 3.20521e-15
525 300 6.935e-14
550 300 1.12228e-12
575 300 1.37105e-11
600 300 1.279e-10
625 300 9.23404e-10
650 300 5.23818e-09
675 300 2.37345e-08
700 300 8.74037e-08
725 300 2.66311e-07
750 300 6.83531e-07
775 300 1.5043e-06
800 300 2.88777e-06
825 300 4.91501e-06
850 300 7.5305e-06
875 300 1.05314e-05
900 300 1.36097e-05
925 300 1.64241e-05
950 300 1.86665e-05
975 300 2.0105e-05
1000 300 2.05999e-05
1025 300 2.0105e-05
1050 300 1.86665e-05
1075 300 1.64241e-05
1100 300 1.36097e-05
1125 300 1.05314e-05
1150 300 7.5305e-06
1175 300 4.91501e-06
1200 300 2.88777e-06
1225 300 1.5043e-06
1250 300 6.83531e-07
1275 300 2.66311e-07
1300 300 8.74037e-08
1325 300 2.37345e-08
1350 300 5.23818e-09
1375 300 9.23404e-10
1400 300 1.279e-10
1425 300 1.37105e-11
1450 300 1.12228e-12
1475 300 6.935e-14
1500 300 3.20521e-15
1525 300 1.1002e-16
1550 300 2.79113e-18
1575 300 5.21872e-20
1600 300 7.18448e-22
1625 300 7.28672e-24
1650 300 5.45509e-26
1675 300 3.02335e-28
1700 300 1.24517e-30
1725 300 3.82752e-33
1750 300 8.82348e-36
1775 300 1.5332e-38
1800 300 2.01869e-41
1825 300 2.02467e-44
1850 300 1.55507e-47
1875 300 9.19461e-51
1900 300 4.20665e-54
1925 300 1.4967e-57
1950 300 4.16136e-61
1975 300 9.0841e-65
2000 300 1.56401e-68
2025 300 2.13303e-72
2050 300 2.31403e-76
2075 300 2.00491e-80
2100 300 1.39263e-84
2125 300 7.78374e-89
2150 300 3.51294e-93
2175 300 1.28451e-97
2200 300 3.81748e-102
2225 300 9.24946e-107
2250 300 1.8324e-111
2275 300 2.97646e-116
2300 300 3.97473e-121
2325 300 4.37466e-126
2350 300 3.97798e-131
2375 300 2.99548e-136
2400 300 1.87204e-141
2425 300 9.73027e-147
2450 300 4.21472e-152
2475 300 1.52434e-157
2500 300 4.61171e-163
2525 300 1.16915e-168
2550 300 2.48792e-174
2575 300 4.45096e-180
2600 300 6.7048e-186
2625 300 8.51663e-192
2650 300 9.13494e-198
2675 300 8.28472e-204
2700 300 6.36117e-210
2725 300 4.1401e-216
2750 300 2.28667e-222
2775 300 1.07299e-228
2800 300 4.28204e-235
2825 300 1.4548e-241
2850 300 4.21183e-248
2875 300 1.04005e-254
2900 300 2.19249e-261
2925 300 3.94892e-268
2950 300 6.08171e-275
2975 300 8.01499e-282
0 325 0
25 325 9.05889e-62
50 325 3.70612e-58
75 325 1.18764e-54
100 325 2.96647e-51
125 325 5.74622e-48
150 325 8.58681e-45
175 325 9.8457e-42
200 325 8.61459e-39
225 325 5.71965e-36
250 325 2.86562e-33
275 325 1.07739e-30
300 325 3.02335e-28
325 325 6.30015e-26
350 325 9.70366e-24
375 325 1.10026e-21
400 325 9.15495e-20
425 325 5.57886e-18
450 325 2.48831e-16
475 325 8.13248e-15
500 325 1.95373e-13
525 325 3.46871e-12
550 325 4.58682e-11
575 325 4.56394e-10
600 325 3.46032e-09
625 325 2.02879e-08
650 325 9.35154e-08
675 325 3.45023e-07
700 325 1.03835e-06
725 325 2.59911e-06
750 325 5.51825e-06
775 325 1.01323e-05
800 325 1.63972e-05
825 325 2.38173e-05
850 325 3.15912e-05
875 325 3.88834e-05
900 325 4.50637e-05
925 325 4.981e-05
950 325 5.30702e-05
975 325 5.49435e-05
1000 325 5.55508e-05
1025 325 5.49435e-05
1050 325 5.30702e-05
1075 325 4.981e-05
1100 325 4.50637e-05
1125 325 3.88834e-05
1150 325 3.15912e-05
1175 325 2.38173e-05
1200 325 1.63972e-05
1225 325 1.01323e-05
1250 325 5.51825e-06
1275 325 2.59911e-06
1300 325 1.03835e-06
1325 325 3.45023e-07
1350 325 9.35154e-08
1375 325 2.02879e-08
1400 325 3.46032e-09
1425 325 4.56394e-10
1450 325 4.58682e-11
1475 325 3.46871e-12
1500 325 1.95373e-13
1525 325 8.13248e-15
1550 325 2.48831e-16
1575 325 5.57886e-18
1600 325 9.15495e-20
1625 325 1.10026e-21
1650 325 9.70366e-24
1675 325 6.30015e-26
1700 325 3.02335e-28
1725 325 1.07739e-30
1750 325 2.86562e-33
1775 325 5.71965e-36
1800 325 8.61459e-39
1825 325 9.8457e-42
1850 325 8.58681e-45
1875 325 5.74622e-48
1900 325 2.96647e-51
1925 325 1.18764e-54
1950 325 3.70612e-58
1975 325 9.05889e-62
2000 325 1.7426e-65
2025 325 2.65004e-69
2050 325 3.1998e-73
2075 325 3.08042e-77
2100 325 2.37377e-81
2125 325 1.46979e-85
2150 325 7.33885e-90
2175 325 2.96525e-94
2200 325 9.72709e-99
2225 325 2.59873e-103
2250 325 5.67149e-108
2275 325 1.01399e-112
2300 325 1.48922e-117
2325 325 1.80136e-122
2350 325 1.79903e-127
2375 325 1.48698e-132
2400 325 1.01948e-137
2425 325 5.81034e-143
2450 325 2.75846e-148
2475 325 1.09302e-153
2500 325 3.62162e-159
2525 325 1.00524e-164
2550 325 2.34138e-170
2575 325 4.58376e-176
2600 325 7.55433e-182
2625 325 1.04965e-187
2650 325 1.23135e-193
2675 325 1.22124e-199
2700 325 1.02534e-205
2725 325 7.29662e-212
2750 325 4.4063e-218
2775 325 2.26057e-224
2800 325 9.86329e-231
2825 325 3.66381e-237
2850 325 1.15979e-243
2875 325 3.13159e-250
2900 325 7.21908e-257
2925 325 1.422e-263
2950 325 2.39536e-270
2975 325 3.45327e-277
0 350 0
25 350 6.91408e-59
50 350 2.52295e-55
75 350 7.19285e-52
100 350 1.59398e-48
125 350 2.73111e-45
150 350 3.59815e-42
175 350 3.62436e-39
200 350 2.77504e-36
225 350 1.60554e-33
250 350 6.97746e-31
275 350 2.26426e-28
300 350 5.45509e-26
325 350 9.70366e-24
350 350 1.26806e-21
375 350 1.21203e-19
400 350 8.44425e-18
425 350 4.2787e-16
450 350 1.57567e-14
475 350 4.22219e-13
500 350 8.26035e-12
525 350 1.18682e-10
550 350 1.2629e-09
575 350 1.00644e-08
600 350 6.08948e-08
625 350 2.84236e-07
650 350 1.04195e-06
675 350 3.05831e-06
700 350 7.33522e-06
725 350 1.46794e-05
750 350 2.50326e-05
775 350 3.71438e-05
800 350 4.89536e-05
825 350 5.84697e-05
850 350 6.45418e-05
875 350 6.71137e-05
900 350 6.69735e-05
925 350 6.52898e-05
950 350 6.32048e-05
975 350 6.15988e-05
1000 350 6.10048e-05
1025 350 6.15988e-05
1050 350 6.32048e-05
1075 350 6.52898e-05
1100 350 6.69735e-05
1125 350 6.71137e-05
1150 350 6.45418e-05
1175 350 5.84697e-05
1200 350 4.89536e-05
1225 350 3.71438e-05
1250 350 2.50326e-05
1275 350 1.46794e-05
1300 350 7.33522e-06
1325 350 3.05831e-06
1350 350 1.04195e-06
1375 350 2.84236e-07
1400 350 6.08948e-08
1425 350 1.00644e-08
1450 350 1.2629e-09
1475 350 1.18682e-10
1500 350 8.26035e-12
1525 350 4.22219e-13
1550 350 1.57567e-14
1575 350 4.2787e-16
1600 350 8.44425e-18
1625 350 1.21203e-19
1650 350 1.26806e-21
1675 350 9.70366e-24
1700 350 5.45509e-26
1725 350 2.26426e-28
1750 350 6.97746e-31
1775 350 1.60554e-33
1800 350 2.77504e-36
1825 350 3.62436e-39
1850 350 3.59815e-42
1875 350 2.73111e-45
1900 350 1.59398e-48
1925 350 7.19285e-52
1950 350 2.52295e-55
1975 350 6.91408e-59
2000 350 1.48769e-62
2025 350 2.52519e-66
2050 350 3.39654e-70
2075 350 3.63589e-74
2100 350 3.11032e-78
2125 350 2.13464e-82
2150 350 1.17976e-86
2175 350 5.26943e-91
2200 350 1.90858e-95
2225 350 5.62395e-100
2250 350 1.35238e-104
2275 350 2.66173e-109
2300 350 4.29986e-114
2325 350 5.71651e-119
2350 350 6.27051e-124
2375 350 5.68889e-129
2400 350 4.2787e-134
2425 350 2.67372e-139
2450 350 1.39111e-144
2475 350 6.03834e-150
2500 350 2.1909e-155
2525 350 6.65695e-161
2550 350 1.69681e-166
2575 350 3.63433e-172
2600 350 6.55152e-178
2625 350 9.95516e-184
2650 350 1.27695e-189
2675 350 1.38461e-195
2700 350 1.2708e-201
2725 350 9.88505e-208
2750 350 6.52464e-214
2775 350 3.65856e-220
2800 350 1.7447e-226
2825 350 7.08341e-233
2850 350 2.45083e-239
2875 350 7.23345e-246
2900 350 1.8228e-252
2925 350 3.92527e-259
2950 350 7.22932e-266
2975 350 1.13964e-272
0 375 0
25 375 4.02456e-56
50 375 1.30824e-52
75 375 3.31352e-49
100 375 6.5041e-46
125 375 9.83891e-43
150 375 1.14036e-39
175 375 1.00662e-36
200 375 6.72551e-34
225 375 3.37976e-31
250 375 1.26933e-28
275 375 3.54019e-26
300 375 7.28672e-24
325 375 1.10026e-21
350 375 1.21203e-19
375 375 9.69375e-18
400 375 5.60722e-16
425 375 2.3397e-14
450 375 7.0361e-13
475 375 1.52666e-11
500 375 2.39836e-10
525 375 2.74487e-09
550 375 2.30931e-08
575 375 1.44529e-07
600 375 6.8277e-07
625 375 2.47627e-06
650 375 7.02599e-06
675 375 1.59134e-05
700 375 2.93794e-05
725 375 4.5152e-05
750 375 5.89652e-05
775 375 6.67215e-05
800 375 6.6589e-05
825 375 5.95145e-05
850 375 4.81933e-05
875 375 3.5592e-05
900 375 2.39593e-05
925 375 1.45561e-05
950 375 7.85819e-06
975 375 3.90663e-06
1000 375 2.60645e-06
1025 375 3.90663e-06
1050 375 7.85819e-06
1075 375 1.45561e-05
1100 375 2.39593e-05
1125 375 3.5592e-05
1150 375 4.81933e-05
1175 375 5.95145e-05
1200 375 6.6589e-05
1225 375 6.67215e-05
1250 375 5.89652e-05
1275 375 4.5152e-05
1300 375 2.93794e-05
1325 375 1.59134e-05
1350 375 7.02599e-06
1375 375 2.47627e-06
1400 375 6.8277e-07
1425 375 1.44529e-07
1450 375 2.30931e-08
1475 375 2.74487e-09
1500 375 2.39836e-10
1525 375 1.52666e-11
1550 375 7.0361e-13
1575 375 2.3397e-14
1600 375 5.60722e-16
1625 375 9.69375e-18
1650 375 1.21203e-19
1675 375 1.10026e-21
1700 375 7.28672e-24
1725 375 3.54019e-26
1750 375 1.26933e-28
1775 375 3.37976e-31
1800 375 6.72551e-34
1825 375 1.00662e-36
1850 375 1.14036e-39
1875 375 9.83891e-43
1900 375 6.5041e-46
1925 375 3.31352e-49
1950 375 1.30824e-52
1975 375 4.02456e-56
2000 375 9.69656e-60
2025 375 1.83876e-63
2050 375 2.7573e-67
2075 375 3.28428e-71
2100 375 3.12069e-75
2125 375 2.37511e-79
2150 375 1.45352e-83
2175 375 7.17911e-88
2200 375 2.8718e-92
2225 375 9.33527e-97
2250 375 2.47384e-101
2275 375 5.36049e-106
2300 375 9.52536e-111
2325 375 1.39187e-115
2350 375 1.67684e-120
2375 375 1.66973e-125
2400 375 1.37752e-130
2425 375 9.437e-136
2450 375 5.38012e-141
2475 375 2.55781e-146
2500 375 1.01606e-151
2525 375 3.3788e-157
2550 375 9.42265e-163
2575 375 2.20747e-168
2600 375 4.3515e-174
2625 375 7.22903e-180
2650 375 1.01359e-185
2675 375 1.20118e-191
2700 375 1.20476e-197
2725 375 1.02401e-203
2750 375 7.3851e-210
2775 375 4.52445e-216
2800 375 2.35734e-222
2825 375 1.04566e-228
2850 375 3.95292e-235
2875 375 1.27476e-241
2900 375 3.51012e-248
2925 375 8.26017e-255
2950 375 1.66263e-261
2975 375 2.86477e-268
0 400 0
25 400 1.78074e-53
50 400 5.15075e-50
75 400 1.15746e-46
100 400 2.00932e-43
125 400 2.67876e-40
150 400 2.72574e-37
175 400 2.10343e-34
200 400 1.22293e-31
225 400 5.32072e-29
250 400 1.72047e-26
275 400 4.10622e-24
300 400 7.18448e-22
325 400 9.15495e-20
350 400 8.44425e-18
375 400 5.60722e-16
400 400 2.66859e-14
425 400 9.07453e-13
450 400 2.20187e-11
475 400 3.8155e-10
500 400 4.73783e-09
525 400 4.24229e-08
550 400 2.76473e-07
575 400 1.3276e-06
600 400 4.76813e-06
625 400 1.30296e-05
650 400 2.75961e-05
675 400 4.61559e-05
700 400 6.20313e-05
725 400 6.78824e-05
750 400 6.06884e-05
775 400 4.33089e-05
800 400 2.18421e-05
825 400 1.8703e-06
850 400 -1.35744e-05
875 400 -2.39441e-05
900 400 -3.01206e-05
925 400 -3.3409e-05
950 400 -3.49652e-05
975 400 -3.55974e-05
1000 400 -3.57601e-05
1025 400 -3.55974e-05
1050 400 -3.49652e-05
1075 400 -3.3409e-05
1100 400 -3.01206e-05
1125 400 -2.39441e-05
1150 400 -1.35744e-05
1175 400 1.8703e-06
1200 400 2.18421e-05
1225 400 4.33089e-05
1250 400 6.06884e-05
1275 400 6.78824e-05
1300 400 6.20313e-05
1325 400 4.61559e-05
1350 400 2.75961e-05
1375 400 1.30296e-05
1400 400 4.76813e-06
1425 400 1.3276e-06
1450 400 2.76473e-07
1475 400 4.24229e-08
1500 400 4.73783e-09
1525 400 3.8155e-10
1550 400 2.20187e-11
1575 400 9.07453e-13
1600 400 2.66859e-14
1625 400 5.60722e-16
1650 400 8.44425e-18
1675 400 9.15495e-20
1700 400 7.18448e-22
1725 400 4.10622e-24
1750 400 1.72047e-26
1775 400 5.32072e-29
1800 400 1.22293e-31
1825 400 2.10343e-34
1850 400 2.72574e-37
1875 400 2.67876e-40
1900 400 2.00932e-43
1925 400 1.15746e-46
1950 400 5.15075e-50
1975 400 1.78074e-53
2000 400 4.80886e-57
2025 400 1.01961e-60
2050 400 1.70573e-64
2075 400 2.26205e-68
2100 400 2.38857e-72
2125 400 2.01676e-76
2150 400 1.36709e-80
2175 400 7.4684e-85
2200 400 3.30007e-89
2225 400 1.18355e-93
2250 400 3.45655e-98
2275 400 8.24615e-103
2300 400 1.61177e-107
2325 400 2.58839e-112
2350 400 3.42452e-117
2375 400 3.74221e-122
2400 400 3.38593e-127
2425 400 2.54249e-132
2450 400 1.58795e-137
2475 400 8.26667e-143
2500 400 3.59431e-148
