0 0 0
25 0 0
50 0 0
75 0 0
100 0 0
125 0 0
150 0 0
175 0 0
200 0 0
225 0 0
250 0 0
275 0 0
300 0 0
325 0 0
350 0 0
375 0 0
400 0 0
425 0 0
450 0 0
475 0 0
500 0 0
525 0 0
550 0 0
575 0 0
600 0 0
625 0 0
650 0 0
675 0 0
700 0 0
725 0 0
750 0 0
775 0 0
800 0 0
825 0 0
850 0 0
875 0 0
900 0 0
925 0 0
950 0 0
975 0 0
1000 0 0
1025 0 0
1050 0 0
1075 0 0
1100 0 0
1125 0 0
1150 0 0
1175 0 0
1200 0 0
1225 0 0
1250 0 0
1275 0 0
1300 0 0
1325 0 0
1350 0 0
1375 0 0
1400 0 0
1425 0 0
1450 0 0
1475 0 0
1500 0 0
1525 0 0
1550 0 0
1575 0 0
1600 0 0
1625 0 0
1650 0 0
1675 0 0
1700 0 0
1725 0 0
1750 0 0
1775 0 0
1800 0 0
1825 0 0
1850 0 0
1875 0 0
1900 0 0
1925 0 0
1950 0 0
1975 0 0
2000 0 0
2025 0 0
2050 0 0
2075 0 0
2100 0 0
2125 0 0
2150 0 0
2175 0 0
2200 0 0
2225 0 0
2250 0 0
2275 0 0
2300 0 0
2325 0 0
2350 0 0
2375 0 0
2400 0 0
2425 0 0
2450 0 0
2475 0 0
2500 0 0
2525 0 0
2550 0 0
2575 0 0
2600 0 0
2625 0 0
2650 0 0
2675 0 0
2700 0 0
2725 0 0
2750 0 0
2775 0 0
2800 0 0
2825 0 0
2850 0 0
2875 0 0
2900 0 0
2925 0 0
2950 0 0
2975 0 0
0 25 0
25 25 9.8391e-56
50 25 1.18032e-52
75 25 1.11691e-49
100 25 8.30914e-47
125 25 4.84411e-44
150 25 2.20621e-41
175 25 7.82708e-39
200 25 2.15743e-36
225 25 4.60974e-34
250 25 7.62145e-32
275 25 9.73814e-30
300 25 9.61028e-28
325 25 7.32656e-26
350 25 4.31952e-24
375 25 1.97349e-22
400 25 7.00908e-21
425 25 1.94339e-19
450 25 4.22943e-18
475 25 7.27215e-17
500 25 9.95427e-16
525 25 1.09408e-14
550 25 9.74703e-14
575 25 7.1099e-13
600 25 4.29165e-12
625 25 2.16715e-11
650 25 9.25663e-11
675 25 3.38136e-10
700 25 1.06782e-09
725 25 2.94595e-09
750 25 7.17176e-09
775 25 1.55531e-08
800 25 3.03138e-08
825 25 5.35332e-08
850 25 8.62886e-08
875 25 1.27777e-07
900 25 1.74805e-07
925 25 2.2196e-07
950 25 2.6255e-07
975 25 2.90075e-07
1000 25 2.99824e-07
1025 25 2.90075e-07
1050 25 2.6255e-07
1075 25 2.2196e-07
1100 25 1.74805e-07
1125 25 1.27777e-07
1150 25 8.62886e-08
1175 25 5.35332e-08
1200 25 3.03138e-08
1225 25 1.55531e-08
1250 25 7.17176e-09
1275 25 2.94595e-09
1300 25 1.06782e-09
1325 25 3.38136e-10
1350 25 9.25663e-11
1375 25 2.16715e-11
1400 25 4.29165e-12
1425 25 7.1099e-13
1450 25 9.74703e-14
1475 25 1.09408e-14
1500 25 9.95427e-16
1525 25 7.27215e-17
1550 25 4.22943e-18
1575 25 1.94339e-19
1600 25 7.00908e-21
1625 25 1.97349e-22
1650 25 4.31952e-24
1675 25 7.32656e-26
1700 25 9.61028e-28
1725 25 9.73814e-30
1750 25 7.62145e-32
1775 25 4.60974e-34
1800 25 2.15743e-36
1825 25 7.82708e-39
1850 25 2.20621e-41
1875 25 4.84411e-44
1900 25 8.30914e-47
1925 25 1.11691e-49
1950 25 1.18032e-52
1975 25 9.83911e-56
2000 25 6.49154e-59
2025 25 3.40134e-62
2050 25 1.42014e-65
2075 25 4.74072e-69
2100 25 1.26945e-72
2125 25 2.73558e-76
2150 25 4.75893e-80
2175 25 6.70391e-84
2200 25 7.67004e-88
2225 25 7.14777e-92
2250 25 5.44074e-96
2275 25 3.3918e-100
2300 25 1.73626e-104
2325 25 7.3165e-109
2350 25 2.54414e-113
2375 25 7.31706e-118
2400 25 1.74446e-122
2425 25 3.45498e-127
2450 25 5.69624e-132
2475 25 7.83336e-137
2500 25 9.00228e-142
2525 25 8.66152e-147
2550 25 6.98931e-152
2575 25 4.7381e-157
2600 25 2.70274e-162
2625 25 1.29929e-167
2650 25 5.27176e-173
2675 25 1.80788e-178
2700 25 5.24736e-184
2725 25 1.29073e-189
2750 25 2.69401e-195
2775 25 4.77697e-201
2800 25 7.20434e-207
2825 25 9.25127e-213
2850 25 1.01259e-218
2875 25 9.45634e-225
2900 25 7.54211e-231
2925 25 5.14213e-237
2950 25 2.99954e-243
2975 25 1.49828e-249
0 50 0
25 50 1.18032e-52
50 50 1.25371e-49
75 50 1.0478e-46
100 50 6.86667e-44
125 50 3.5167e-41
150 50 1.40298e-38
175 50 4.347e-36
200 50 1.04323e-33
225 50 1.93469e-31
250 50 2.76751e-29
275 50 3.04985e-27
300 50 2.58795e-25
325 50 1.69146e-23
350 50 8.52616e-22
375 50 3.32242e-20
400 50 1.00436e-18
425 50 2.36651e-17
450 50 4.3722e-16
475 50 6.37933e-15
500 50 7.41205e-14
525 50 6.92212e-13
550 50 5.24933e-12
575 50 3.26783e-11
600 50 1.68909e-10
625 50 7.33438e-10
650 50 2.70721e-09
675 50 8.59479e-09
700 50 2.37423e-08
725 50 5.77105e-08
750 50 1.24766e-07
775 50 2.42366e-07
800 50 4.27087e-07
825 50 6.88729e-07
850 50 1.02455e-06
875 50 1.41594e-06
900 50 1.82918e-06
925 50 2.22019e-06
950 50 2.5422e-06
975 50 2.75414e-06
1000 50 2.82808e-06
1025 50 2.75414e-06
1050 50 2.5422e-06
1075 50 2.22019e-06
1100 50 1.82918e-06
1125 50 1.41594e-06
1150 50 1.02455e-06
1175 50 6.88729e-07
1200 50 4.27087e-07
1225 50 2.42366e-07
1250 50 1.24766e-07
1275 50 5.77105e-08
1300 50 2.37423e-08
1325 50 8.59479e-09
1350 50 2.70721e-09
1375 50 7.33438e-10
1400 50 1.68909e-10
1425 50 3.26783e-11
1450 50 5.24933e-12
1475 50 6.92212e-13
1500 50 7.41205e-14
1525 50 6.37933e-15
1550 50 4.3722e-16
1575 50 2.36651e-17
1600 50 1.00436e-18
1625 50 3.32242e-20
1650 50 8.52616e-22
1675 50 1.69146e-23
1700 50 2.58795e-25
1725 50 3.04985e-27
1750 50 2.76751e-29
1775 50 1.93469e-31
1800 50 1.04323e-33
1825 50 4.347e-36
1850 50 1.40298e-38
1875 50 3.5167e-41
1900 50 6.86667e-44
1925 50 1.0478e-46
1950 50 1.25371e-49
1975 50 1.18032e-52
2000 50 8.77445e-56
2025 50 5.16873e-59
2050 50 2.42112e-62
2075 50 9.04955e-66
2100 50 2.7083e-69
2125 50 6.51142e-73
2150 50 1.26177e-76
2175 50 1.97692e-80
2200 50 2.51208e-84
2225 50 2.59664e-88
2250 50 2.18963e-92
2275 50 1.51049e-96
2300 50 8.54708e-101
2325 50 3.97731e-105
2350 50 1.52586e-109
2375 50 4.83755e-114
2400 50 1.27035e-118
2425 50 2.76926e-123
2450 50 5.02192e-128
2475 50 7.59141e-133
2500 50 9.58452e-138
2525 50 1.01258e-142
2550 50 8.96756e-148
2575 50 6.66898e-153
2600 50 4.17158e-158
2625 50 2.1983e-163
2650 50 9.7741e-169
2675 50 3.67202e-174
2700 50 1.16728e-179
2725 50 3.14391e-185
2750 50 7.18367e-191
2775 50 1.39423e-196
2800 50 2.30117e-202
2825 50 3.2335e-208
2850 50 3.87238e-214
2875 50 3.95649e-220
2900 50 3.45222e-226
2925 50 2.57484e-232
2950 50 1.64308e-238
2975 50 8.97836e-245
0 75 0
25 75 1.11691e-49
50 75 1.0478e-46
75 75 7.71329e-44
100 75 4.43944e-41
125 75 1.99074e-38
150 75 6.93164e-36
175 75 1.86825e-33
200 75 3.88671e-31
225 75 6.22636e-29
250 75 7.66602e-27
275 75 7.24517e-25
300 75 5.25373e-23
325 75 2.92428e-21
350 75 1.25126e-19
375 75 4.12666e-18
400 75 1.05308e-16
425 75 2.09024e-15
450 75 3.24813e-14
475 75 3.9826e-13
500 75 3.88785e-12
525 75 3.05243e-11
550 75 1.94872e-10
575 75 1.02353e-09
600 75 4.47726e-09
625 75 1.65164e-08
650 75 5.20357e-08
675 75 1.41786e-07
700 75 3.38286e-07
725 75 7.15285e-07
750 75 1.35596e-06
775 75 2.33012e-06
800 75 3.66756e-06
825 75 5.33875e-06
850 75 7.25108e-06
875 75 9.26214e-06
900 75 1.12041e-05
925 75 1.29106e-05
950 75 1.42376e-05
975 75 1.50776e-05
1000 75 1.53649e-05
1025 75 1.50776e-05
1050 75 1.42376e-05
1075 75 1.29106e-05
1100 75 1.12041e-05
1125 75 9.26214e-06
1150 75 7.25108e-06
1175 75 5.33875e-06
1200 75 3.66756e-06
1225 75 2.33012e-06
1250 75 1.35596e-06
1275 75 7.15285e-07
1300 75 3.38286e-07
1325 75 1.41786e-07
1350 75 5.20357e-08
1375 75 1.65164e-08
1400 75 4.47726e-09
1425 75 1.02353e-09
1450 75 1.94872e-10
1475 75 3.05243e-11
1500 75 3.88785e-12
1525 75 3.9826e-13
1550 75 3.24813e-14
1575 75 2.09024e-15
1600 75 1.05308e-16
1625 75 4.12666e-18
1650 75 1.25126e-19
1675 75 2.92428e-21
1700 75 5.25373e-23
1725 75 7.24517e-25
1750 75 7.66602e-27
1775 75 6.22636e-29
1800 75 3.88671e-31
1825 75 1.86825e-33
1850 75 6.93164e-36
1875 75 1.99074e-38
1900 75 4.43944e-41
1925 75 7.71329e-44
1950 75 1.0478e-46
1975 75 1.11691e-49
2000 75 9.37663e-53
2025 75 6.22254e-56
2050 75 3.27618e-59
2075 75 1.37346e-62
2100 75 4.60106e-66
2125 75 1.23594e-69
2150 75 2.67119e-73
2175 75 4.66024e-77
2200 75 6.58401e-81
2225 75 7.55596e-85
2250 75 7.06479e-89
2275 75 5.39715e-93
2300 75 3.37821e-97
2325 75 1.73709e-101
2350 75 7.35669e-106
2375 75 2.57238e-110
2400 75 7.44399e-115
2425 75 1.78682e-119
2450 75 3.56539e-124
2475 75 5.92639e-129
2500 75 8.22246e-134
2525 75 9.54064e-139
2550 75 9.27508e-144
2575 75 7.56815e-149
2600 75 5.19196e-154
2625 75 2.99948e-159
2650 75 1.46154e-164
2675 75 6.01554e-170
2700 75 2.09439e-175
2725 75 6.17665e-181
2750 75 1.54501e-186
2775 75 3.282e-192
2800 75 5.92785e-198
2825 75 9.11393e-204
2850 75 1.19411e-209
2875 75 1.33465e-215
2900 75 1.27384e-221
2925 75 1.03922e-227
2950 75 7.25343e-234
2975 75 4.33516e-240
0 100 0
25 100 8.30914e-47
50 100 6.86667e-44
75 100 4.43944e-41
100 100 2.23692e-38
125 100 8.7519e-36
150 100 2.64939e-33
175 100 6.1851e-31
200 100 1.11023e-28
225 100 1.5284e-26
250 100 1.61051e-24
275 100 1.29728e-22
300 100 7.98449e-21
325 100 3.75698e-19
350 100 1.35371e-17
375 100 3.74605e-16
400 100 7.99525e-15
425 100 1.32362e-13
450 100 1.71179e-12
475 100 1.74408e-11
500 100 1.41365e-10
525 100 9.21509e-10
550 100 4.88834e-09
575 100 2.13684e-08
600 100 7.79834e-08
625 100 2.40797e-07
650 100 6.37637e-07
675 100 1.46757e-06
700 100 2.97493e-06
725 100 5.38047e-06
750 100 8.79157e-06
775 100 1.31353e-05
800 100 1.81515e-05
825 100 2.34521e-05
850 100 2.86166e-05
875 100 3.32832e-05
900 100 3.72034e-05
925 100 4.02507e-05
950 100 4.23949e-05
975 100 4.36584e-05
1000 100 4.40747e-05
1025 100 4.36584e-05
1050 100 4.23949e-05
1075 100 4.02507e-05
1100 100 3.72034e-05
1125 100 3.32832e-05
1150 100 2.86166e-05
1175 100 2.34521e-05
1200 100 1.81515e-05
1225 100 1.31353e-05
1250 100 8.79157e-06
1275 100 5.38047e-06
1300 100 2.97493e-06
1325 100 1.46757e-06
1350 100 6.37637e-07
1375 100 2.40797e-07
1400 100 7.79834e-08
1425 100 2.13684e-08
1450 100 4.88834e-09
1475 100 9.21509e-10
1500 100 1.41365e-10
1525 100 1.74408e-11
1550 100 1.71179e-12
1575 100 1.32362e-13
1600 100 7.99525e-15
1625 100 3.74605e-16
1650 100 1.35371e-17
1675 100 3.75698e-19
1700 100 7.98449e-21
1725 100 1.29728e-22
1750 100 1.61051e-24
1775 100 1.5284e-26
1800 100 1.11023e-28
1825 100 6.1851e-31
1850 100 2.64939e-33
1875 100 8.7519e-36
1900 100 2.23692e-38
1925 100 4.43944e-41
1950 100 6.86667e-44
1975 100 8.30915e-47
2000 100 7.89645e-50
2025 100 5.91625e-53
2050 100 3.50804e-56
2075 100 1.65244e-59
2100 100 6.20636e-63
2125 100 1.86539e-66
2150 100 4.50252e-70
2175 100 8.75741e-74
2200 100 1.3771e-77
2225 100 1.75636e-81
2250 100 1.82247e-85
2275 100 1.54309e-89
2300 100 1.06918e-93
2325 100 6.07901e-98
2350 100 2.84369e-102
2375 100 1.09724e-106
2400 100 3.50063e-111
2425 100 9.25624e-116
2450 100 2.033e-120
2475 100 3.71696e-125
2500 100 5.66868e-130
2525 100 7.22566e-135
2550 100 7.71252e-140
2575 100 6.90601e-145
2600 100 5.19666e-150
2625 100 3.29164e-155
2650 100 1.75786e-160
2675 100 7.92687e-166
2700 100 3.02276e-171
2725 100 9.76111e-177
2750 100 2.67282e-182
2775 100 6.21406e-188
2800 100 1.22815e-193
2825 100 2.06588e-199
2850 100 2.96094e-205
2875 100 3.61988e-211
2900 100 3.77872e-217
2925 100 3.37141e-223
2950 100 2.57337e-229
2975 100 1.68193e-235
0 125 0
25 125 4.84411e-44
50 125 3.5167e-41
75 125 1.99074e-38
100 125 8.7519e-36
125 125 2.97644e-33
150 125 7.80124e-31
175 125 1.57027e-28
200 125 2.41964e-26
225 125 2.84653e-24
250 125 2.55123e-22
275 125 1.73961e-20
300 125 9.02015e-19
325 125 3.55868e-17
350 125 1.07018e-15
375 125 2.46084e-14
400 125 4.34683e-13
425 125 5.93448e-12
450 125 6.31004e-11
475 125 5.27322e-10
500 125 3.49986e-09
525 125 1.86638e-08
550 125 8.09814e-08
575 125 2.89728e-07
600 125 8.66601e-07
625 125 2.19787e-06
650 125 4.7942e-06
675 125 9.12259e-06
700 125 1.53562e-05
725 125 2.31834e-05
750 125 3.18136e-05
775 125 4.02021e-05
800 125 4.73782e-05
825 125 5.27139e-05
850 125 5.60328e-05
875 125 5.75566e-05
900 125 5.77572e-05
925 125 5.71942e-05
950 125 5.63868e-05
975 125 5.57366e-05
1000 125 5.5492e-05
1025 125 5.57366e-05
1050 125 5.63868e-05
1075 125 5.71942e-05
1100 125 5.77572e-05
1125 125 5.75566e-05
1150 125 5.60328e-05
1175 125 5.27139e-05
1200 125 4.73782e-05
1225 125 4.02021e-05
1250 125 3.18136e-05
1275 125 2.31834e-05
1300 125 1.53562e-05
1325 125 9.12259e-06
1350 125 4.7942e-06
1375 125 2.19787e-06
1400 125 8.66601e-07
1425 125 2.89728e-07
1450 125 8.09814e-08
1475 125 1.86638e-08
1500 125 3.49986e-09
1525 125 5.27322e-10
1550 125 6.31004e-11
1575 125 5.93448e-12
1600 125 4.34683e-13
1625 125 2.46084e-14
1650 125 1.07018e-15
1675 125 3.55868e-17
1700 125 9.02015e-19
1725 125 1.73961e-20
1750 125 2.55123e-22
1775 125 2.84653e-24
1800 125 2.41964e-26
1825 125 1.57027e-28
1850 125 7.80124e-31
1875 125 2.97644e-33
1900 125 8.7519e-36
1925 125 1.99074e-38
1950 125 3.5167e-41
1975 125 4.84412e-44
2000 125 5.22415e-47
2025 125 4.42896e-50
2050 125 2.96359e-53
2075 125 1.5714e-56
2100 125 6.62813e-60
2125 125 2.2324e-63
2150 125 6.02592e-67
2175 125 1.30825e-70
2200 125 2.2923e-74
2225 125 3.25239e-78
2250 125 3.74866e-82
2275 125 3.52067e-86
2300 125 2.70233e-90
2325 125 1.7e-94
2350 125 8.78901e-99
2375 125 3.74413e-103
2400 125 1.31756e-107
2425 125 3.83926e-112
2450 125 9.285e-117
2475 125 1.86782e-121
2500 125 3.13204e-126
2525 125 4.38672e-131
2550 125 5.14186e-136
2575 125 5.0533e-141
2600 125 4.1714e-146
2625 125 2.89722e-151
2650 125 1.69584e-156
2675 125 8.37866e-162
2700 125 3.49946e-167
2725 125 1.23734e-172
2750 125 3.70883e-178
2775 125 9.43661e-184
2800 125 2.04067e-189
2825 125 3.75521e-195
2850 125 5.88705e-201
2875 125 7.87128e-207
2900 125 8.98536e-213
2925 125 8.76609e-219
2950 125 7.31604e-225
2975 125 5.22813e-231
0 150 0
25 150 2.20621e-41
50 150 1.40298e-38
75 150 6.93164e-36
100 150 2.64939e-33
125 150 7.80124e-31
150 150 1.76254e-28
175 150 3.04389e-26
200 150 4.00451e-24
225 150 4.00148e-22
250 150 3.02996e-20
275 150 1.73594e-18
300 150 7.52086e-17
325 150 2.46537e-15
350 150 6.12625e-14
375 150 1.15786e-12
400 150 1.6726e-11
425 150 1.85885e-10
450 150 1.6023e-09
475 150 1.08167e-08
500 150 5.78236e-08
525 150 2.47798e-07
550 150 8.62594e-07
575 150 2.47324e-06
600 150 5.92508e-06
625 150 1.20336e-05
650 150 2.10211e-05
675 150 3.20376e-05
700 150 4.31936e-05
725 150 5.22038e-05
750 150 5.72755e-05
775 150 5.77194e-05
800 150 5.40078e-05
825 150 4.73872e-05
850 150 3.9345e-05
875 150 3.11934e-05
900 150 2.38703e-05
925 150 1.79274e-05
950 150 1.36218e-05
975 150 1.10352e-05
1000 150 1.01746e-05
1025 150 1.10352e-05
1050 150 1.36218e-05
1075 150 1.79274e-05
1100 150 2.38703e-05
1125 150 3.11934e-05
1150 150 3.9345e-05
1175 150 4.73872e-05
1200 150 5.40078e-05
1225 150 5.77194e-05
1250 150 5.72755e-05
1275 150 5.22038e-05
1300 150 4.31936e-05
1325 150 3.20376e-05
1350 150 2.10211e-05
1375 150 1.20336e-05
1400 150 5.92508e-06
1425 150 2.47324e-06
1450 150 8.62594e-07
1475 150 2.47798e-07
1500 150 5.78236e-08
1525 150 1.08167e-08
1550 150 1.6023e-09
1575 150 1.85885e-10
1600 150 1.6726e-11
1625 150 1.15786e-12
1650 150 6.12625e-14
1675 150 2.46537e-15
1700 150 7.52086e-17
1725 150 1.73594e-18
1750 150 3.02996e-20
1775 150 4.00148e-22
1800 150 4.00451e-24
1825 150 3.04389e-26
1850 150 1.76254e-28
1875 150 7.80124e-31
1900 150 2.64939e-33
1925 150 6.93164e-36
1950 150 1.40298e-38
1975 150 2.20621e-41
2000 150 2.70706e-44
2025 150 2.60294e-47
2050 150 1.96966e-50
2075 150 1.17784e-53
2100 150 5.58884e-57
2125 150 2.11258e-60
2150 150 6.38602e-64
2175 150 1.54948e-67
2200 150 3.02859e-71
2225 150 4.7851e-75
2250 150 6.13173e-79
2275 150 6.39297e-83
2300 150 5.43979e-87
2325 150 3.7888e-91
2350 150 2.16613e-95
2375 150 1.01932e-99
2400 150 3.95822e-104
2425 150 1.27156e-108
2450 150 3.38728e-113
2475 150 7.49953e-118
2500 150 1.38304e-122
2525 150 2.12891e-127
2550 150 2.74078e-132
2575 150 2.95675e-137
2600 150 2.67779e-142
2625 150 2.03949e-147
2650 150 1.30851e-152
2675 150 7.0835e-158
2700 150 3.24039e-163
2725 150 1.25449e-168
2750 150 4.11595e-174
2775 150 1.14602e-179
2800 150 2.7114e-185
2825 150 5.45773e-191
2850 150 9.35752e-197
2875 150 1.36814e-202
2900 150 1.70762e-208
2925 150 1.82134e-214
2950 150 1.66172e-220
2975 150 1.29809e-226
0 175 0
25 175 7.82708e-39
50 175 4.347e-36
75 175 1.86825e-33
100 175 6.1851e-31
125 175 1.57027e-28
150 175 3.04389e-26
175 175 4.48673e-24
200 175 5.01018e-22
225 175 4.22466e-20
250 175 2.68299e-18
275 175 1.28107e-16
300 175 4.59552e-15
325 175 1.23911e-13
350 175 2.51606e-12
375 175 3.86063e-11
400 175 4.49927e-10
425 175 4.00998e-09
450 175 2.7565e-08
475 175 1.47631e-07
500 175 6.23144e-07
525 175 2.09923e-06
550 175 5.72019e-06
575 175 1.27836e-05
600 175 2.37578e-05
625 175 3.72136e-05
650 175 4.97399e-05
675 175 5.73191e-05
700 175 5.73247e-05
725 175 4.97092e-05
750 175 3.66987e-05
775 175 2.1483e-05
800 175 6.8845e-06
825 175 -5.35189e-06
850 175 -1.4602e-05
875 175 -2.10282e-05
900 175 -2.51776e-05
925 175 -2.76791e-05
950 175 -2.90761e-05
975 175 -2.9761e-05
1000 175 -2.99641e-05
1025 175 -2.9761e-05
1050 175 -2.90761e-05
1075 175 -2.76791e-05
1100 175 -2.51776e-05
1125 175 -2.10282e-05
1150 175 -1.4602e-05
1175 175 -5.35189e-06
1200 175 6.8845e-06
1225 175 2.1483e-05
1250 175 3.66987e-05
1275 175 4.97092e-05
1300 175 5.73247e-05
1325 175 5.73191e-05
1350 175 4.97399e-05
1375 175 3.72136e-05
1400 175 2.37578e-05
1425 175 1.27836e-05
1450 175 5.72019e-06
1475 175 2.09923e-06
1500 175 6.23144e-07
1525 175 1.47631e-07
1550 175 2.7565e-08
1575 175 4.00998e-09
1600 175 4.49927e-10
1625 175 3.86063e-11
1650 175 2.51606e-12
1675 175 1.23911e-13
1700 175 4.59552e-15
1725 175 1.28107e-16
1750 175 2.68299e-18
1775 175 4.22466e-20
1800 175 5.01018e-22
1825 175 4.48673e-24
1850 175 3.04389e-26
1875 175 1.57027e-28
1900 175 6.1851e-31
1925 175 1.86825e-33
1950 175 4.347e-36
1975 175 7.82709e-39
2000 175 1.09562e-41
2025 175 1.1977e-44
2050 175 1.0271e-47
2075 175 6.94023e-51
2100 175 3.71096e-54
2125 175 1.57674e-57
2150 175 5.34498e-61
2175 175 1.45121e-64
2200 175 3.16769e-68
2225 175 5.57887e-72
2250 175 7.95507e-76
2275 175 9.21465e-80
2300 175 8.69831e-84
2325 175 6.71177e-88
2350 175 4.24576e-92
2375 175 2.20804e-96
2400 175 9.46572e-101
2425 175 3.3536e-105
2450 175 9.84346e-110
2475 175 2.39928e-114
2500 175 4.86732e-119
2525 175 8.23581e-124
2550 175 1.16473e-128
2575 175 1.37944e-133
2600 175 1.37075e-138
2625 175 1.14491e-143
2650 175 8.05186e-149
2675 175 4.7758e-154
2700 175 2.39281e-159
2725 175 1.01424e-164
2750 175 3.64224e-170
2775 175 1.10967e-175
2800 175 2.87207e-181
2825 175 6.3229e-187
2850 175 1.18546e-192
2875 175 1.895e-198
2900 175 2.58562e-204
2925 175 3.01448e-210
2950 175 3.00601e-216
2975 175 2.56638e-222
0 200 0
25 200 2.15743e-36
50 200 1.04323e-33
75 200 3.88671e-31
100 200 1.11023e-28
125 200 2.41964e-26
150 200 4.00451e-24
175 200 5.01018e-22
200 200 4.71922e-20
225 200 3.33442e-18
250 200 1.76207e-16
275 200 6.94981e-15
300 200 2.04376e-13
325 200 4.48242e-12
350 200 7.34497e-11
375 200 9.02286e-10
400 200 8.35257e-09
425 200 5.8673e-08
450 200 3.1547e-07
475 200 1.3116e-06
500 200 4.26491e-06
525 200 1.0979e-05
550 200 2.26522e-05
575 200 3.78971e-05
600 200 5.19039e-05
625 200 5.84775e-05
650 200 5.38657e-05
675 200 3.91273e-05
700 200 1.91614e-05
725 200 -3.54134e-07
750 200 -1.55604e-05
775 200 -2.51984e-05
800 200 -2.9933e-05
825 200 -3.12453e-05
850 200 -3.0609e-05
875 200 -2.9123e-05
900 200 -2.74694e-05
925 200 -2.6012e-05
950 200 -2.49176e-05
975 200 -2.42495e-05
1000 200 -2.40257e-05
1025 200 -2.42495e-05
1050 200 -2.49176e-05
1075 200 -2.6012e-05
1100 200 -2.74694e-05
1125 200 -2.9123e-05
1150 200 -3.0609e-05
1175 200 -3.12453e-05
1200 200 -2.9933e-05
1225 200 -2.51984e-05
1250 200 -1.55604e-05
1275 200 -3.54134e-07
1300 200 1.91614e-05
1325 200 3.91273e-05
1350 200 5.38657e-05
1375 200 5.84775e-05
1400 200 5.19039e-05
1425 200 3.78971e-05
1450 200 2.26522e-05
1475 200 1.0979e-05
1500 200 4.26491e-06
1525 200 1.3116e-06
1550 200 3.1547e-07
1575 200 5.8673e-08
1600 200 8.35257e-09
1625 200 9.02286e-10
1650 200 7.34497e-11
1675 200 4.48242e-12
1700 200 2.04376e-13
1725 200 6.94981e-15
1750 200 1.76207e-16
1775 200 3.33442e-18
1800 200 4.71922e-20
1825 200 5.01018e-22
1850 200 4.00451e-24
1875 200 2.41964e-26
1900 200 1.11023e-28
1925 200 3.88671e-31
1950 200 1.04323e-33
1975 200 2.15743e-36
2000 200 3.45456e-39
2025 200 4.30388e-42
2050 200 4.19192e-45
2075 200 3.20684e-48
2100 200 1.93563e-51
2125 200 9.25871e-55
2150 200 3.52455e-58
2175 200 1.07214e-61
2200 200 2.61637e-65
2225 200 5.14138e-69
2250 200 8.1651e-73
2275 200 1.05159e-76
2300 200 1.10198e-80
2325 200 9.42588e-85
2350 200 6.60092e-89
2375 200 3.79562e-93
2400 200 1.79706e-97
2425 200 7.02413e-102
2450 200 2.27236e-106
2475 200 6.09913e-111
2500 200 1.36136e-115
2525 200 2.53253e-120
2550 200 3.93488e-125
2575 200 5.11665e-130
2600 200 5.57903e-135
2625 200 5.11041e-140
2650 200 3.93954e-145
2675 200 2.56015e-150
2700 200 1.40482e-155
2725 200 6.51902e-161
2750 200 2.5621e-166
2775 200 8.54042e-172
2800 200 2.41779e-177
2825 200 5.82077e-183
2850 200 1.19317e-188
2875 200 2.08497e-194
2900 200 3.10931e-200
2925 200 3.96157e-206
2950 200 4.31678e-212
2975 200 4.02691e-218
0 225 0
25 225 4.60974e-34
50 225 1.93469e-31
75 225 6.22636e-29
100 225 1.5284e-26
125 225 2.84653e-24
150 225 4.00148e-22
175 225 4.22466e-20
200 225 3.33442e-18
225 225 1.95938e-16
250 225 8.54259e-15
275 225 2.75633e-13
300 225 6.5724e-12
325 225 1.15806e-10
350 225 1.51005e-09
375 225 1.4618e-08
400 225 1.05578e-07
425 225 5.72766e-07
450 225 2.35338e-06
475 225 7.39311e-06
500 225 1.79356e-05
525 225 3.39179e-05
550 225 5.03391e-05
575 225 5.86259e-05
600 225 5.25936e-05
625 225 3.35304e-05
650 225 9.17097e-06
675 225 -1.19516e-05
700 225 -2.51945e-05
725 225 -3.05015e-05
750 225 -3.03566e-05
775 225 -2.75461e-05
800 225 -2.40267e-05
825 225 -2.07959e-05
850 225 -1.8196e-05
875 225 -1.62421e-05
900 225 -1.48338e-05
925 225 -1.38569e-05
950 225 -1.322e-05
975 225 -1.28611e-05
1000 225 -1.27451e-05
1025 225 -1.28611e-05
1050 225 -1.322e-05
1075 225 -1.38569e-05
1100 225 -1.48338e-05
1125 225 -1.62421e-05
1150 225 -1.8196e-05
1175 225 -2.07959e-05
1200 225 -2.40267e-05
1225 225 -2.75461e-05
1250 225 -3.03566e-05
1275 225 -3.05015e-05
1300 225 -2.51945e-05
1325 225 -1.19516e-05
1350 225 9.17097e-06
1375 225 3.35304e-05
1400 225 5.25936e-05
1425 225 5.86259e-05
1450 225 5.03391e-05
1475 225 3.39179e-05
1500 225 1.79356e-05
1525 225 7.39311e-06
1550 225 2.35338e-06
1575 225 5.72766e-07
1600 225 1.05578e-07
1625 225 1.4618e-08
1650 225 1.51005e-09
1675 225 1.15806e-10
1700 225 6.5724e-12
1725 225 2.75633e-13
1750 225 8.54259e-15
1775 225 1.95938e-16
1800 225 3.33442e-18
1825 225 4.22466e-20
1850 225 4.00148e-22
1875 225 2.84653e-24
1900 225 1.5284e-26
1925 225 6.22636e-29
1950 225 1.93469e-31
1975 225 4.60976e-34
2000 225 8.46714e-37
2025 225 1.20518e-39
2050 225 1.33609e-42
2075 225 1.15944e-45
2100 225 7.91348e-49
2125 225 4.26789e-52
2150 225 1.82692e-55
2175 225 6.23381e-59
2200 225 1.70254e-62
2225 225 3.73649e-66
2250 225 6.6144e-70
2275 225 9.4786e-74
2300 225 1.10338e-77
2325 225 1.04679e-81
2350 225 8.11928e-86
2375 225 5.16424e-90
2400 225 2.7013e-94
2425 225 1.16522e-98
2450 225 4.15577e-103
2475 225 1.22854e-107
2500 225 3.01761e-112
2525 225 6.17252e-117
2550 225 1.05375e-121
2575 225 1.5045e-126
2600 225 1.80008e-131
2625 225 1.8083e-136
2650 225 1.52796e-141
2675 225 1.08787e-146
2700 225 6.53716e-152
2725 225 3.32076e-157
2750 225 1.42818e-162
2775 225 5.20788e-168
2800 225 1.6124e-173
2825 225 4.2442e-179
2850 225 9.51009e-185
2875 225 1.81621e-190
2900 225 2.95968e-196
2925 225 4.12006e-202
2950 225 4.90459e-208
2975 225 4.99785e-214
0 250 0
25 250 7.62145e-32
50 250 2.76751e-29
75 250 7.66602e-27
100 250 1.61051e-24
125 250 2.55123e-22
150 250 3.02996e-20
175 250 2.68299e-18
200 250 1.76207e-16
225 250 8.54259e-15
250 250 3.04474e-13
275 250 7.95297e-12
300 250 1.5193e-10
325 250 2.12134e-09
350 250 2.16681e-08
375 250 1.62335e-07
400 250 8.95893e-07
425 250 3.66332e-06
450 250 1.11741e-05
475 250 2.55973e-05
500 250 4.4239e-05
525 250 5.75557e-05
550 250 5.51509e-05
575 250 3.5481e-05
600 250 7.8985e-06
625 250 -1.53887e-05
650 250 -2.79393e-05
675 250 -3.05993e-05
700 250 -2.76576e-05
725 250 -2.30012e-05
750 250 -1.87192e-05
775 250 -1.54501e-05
800 250 -1.31359e-05
825 250 -1.15297e-05
850 250 -1.04067e-05
875 250 -9.61102e-06
900 250 -9.04446e-06
925 250 -8.64747e-06
950 250 -8.38418e-06
975 250 -8.23354e-06
1000 250 -8.18449e-06
1025 250 -8.23354e-06
1050 250 -8.38418e-06
1075 250 -8.64747e-06
1100 250 -9.04446e-06
1125 250 -9.61102e-06
1150 250 -1.04067e-05
1175 250 -1.15297e-05
1200 250 -1.31359e-05
1225 250 -1.54501e-05
1250 250 -1.87192e-05
1275 250 -2.30012e-05
1300 250 -2.76576e-05
1325 250 -3.05993e-05
1350 250 -2.79393e-05
1375 250 -1.53887e-05
1400 250 7.8985e-06
1425 250 3.5481e-05
1450 250 5.51509e-05
1475 250 5.75557e-05
1500 250 4.4239e-05
1525 250 2.55973e-05
1550 250 1.11741e-05
1575 250 3.66332e-06
1600 250 8.95893e-07
1625 250 1.62335e-07
1650 250 2.16681e-08
1675 250 2.12134e-09
1700 250 1.5193e-10
1725 250 7.95297e-12
1750 250 3.04474e-13
1775 250 8.54259e-15
1800 250 1.76207e-16
1825 250 2.68299e-18
1850 250 3.02996e-20
1875 250 2.55123e-22
1900 250 1.61051e-24
1925 250 7.66602e-27
1950 250 2.76751e-29
1975 250 7.62148e-32
2000 250 1.61031e-34
2025 250 2.62503e-37
2050 250 3.31961e-40
2075 250 3.27392e-43
2100 250 2.53101e-46
2125 250 1.54133e-49
2150 250 7.42888e-53
2175 250 2.84667e-56
2200 250 8.70993e-60
2225 250 2.13673e-63
2250 250 4.21946e-67
2275 250 6.73243e-71
2300 250 8.71075e-75
2325 250 9.1706e-79
2350 250 7.8817e-83
2375 250 5.54725e-87
2400 250 3.20674e-91
2425 250 1.52691e-95
2450 250 6.00486e-100
2475 250 1.9555e-104
2500 250 5.28624e-109
2525 250 1.18904e-113
2550 250 2.23041e-118
2575 250 3.49658e-123
2600 250 4.59056e-128
2625 250 5.05709e-133
2650 250 4.68342e-138
2675 250 3.65284e-143
2700 250 2.40351e-148
2725 250 1.33635e-153
2750 250 6.28823e-159
2775 250 2.50797e-164
2800 250 8.49023e-170
2825 250 2.44295e-175
2850 250 5.98234e-181
2875 250 1.24834e-186
2900 250 2.22236e-192
2925 250 3.37919e-198
2950 250 4.39337e-204
2975 250 4.88902e-210
0 275 0
25 275 9.73814e-30
50 275 3.04985e-27
75 275 7.24517e-25
100 275 1.29728e-22
125 275 1.73961e-20
150 275 1.73594e-18
175 275 1.28107e-16
200 275 6.94981e-15
225 275 2.75633e-13
250 275 7.95297e-12
275 275 1.66274e-10
300 275 2.51167e-09
325 275 2.73696e-08
350 275 2.15141e-07
375 275 1.22172e-06
400 275 5.02589e-06
425 275 1.50287e-05
450 275 3.27441e-05
475 275 5.18599e-05
500 275 5.86938e-05
525 275 4.43358e-05
550 275 1.52803e-05
575 275 -1.23905e-05
600 275 -2.75958e-05
625 275 -3.02311e-05
650 275 -2.61468e-05
675 275 -2.06203e-05
700 275 -1.6079e-05
725 275 -1.29291e-05
750 275 -1.08429e-05
775 275 -9.43687e-06
800 275 -8.45081e-06
825 275 -7.73349e-06
850 275 -7.19938e-06
875 275 -6.79834e-06
900 275 -6.49947e-06
925 275 -6.283e-06
950 275 -6.13617e-06
975 275 -6.05098e-06
1000 275 -6.02305e-06
1025 275 -6.05098e-06
1050 275 -6.13617e-06
1075 275 -6.283e-06
1100 275 -6.49947e-06
1125 275 -6.79834e-06
1150 275 -7.19938e-06
1175 275 -7.73349e-06
1200 275 -8.45081e-06
1225 275 -9.43687e-06
1250 275 -1.08429e-05
1275 275 -1.29291e-05
1300 275 -1.6079e-05
1325 275 -2.06203e-05
1350 275 -2.61468e-05
1375 275 -3.02311e-05
1400 275 -2.75958e-05
1425 275 -1.23905e-05
1450 275 1.52803e-05
1475 275 4.43358e-05
1500 275 5.86938e-05
1525 275 5.18599e-05
1550 275 3.27441e-05
1575 275 1.50287e-05
1600 275 5.02589e-06
1625 275 1.22172e-06
1650 275 2.15141e-07
1675 275 2.73696e-08
1700 275 2.51167e-09
1725 275 1.66274e-10
1750 275 7.95297e-12
1775 275 2.75633e-13
1800 275 6.94981e-15
1825 275 1.28107e-16
1850 275 1.73594e-18
1875 275 1.73961e-20
1900 275 1.29728e-22
1925 275 7.24517e-25
1950 275 3.04985e-27
1975 275 9.73818e-30
2000 275 2.37328e-32
2025 275 4.44145e-35
2050 275 6.42032e-38
2075 275 7.20946e-41
2100 275 6.32305e-44
2125 275 4.35405e-47
2150 275 2.36576e-50
2175 275 1.01912e-53
2200 275 3.49654e-57
2225 275 9.59602e-61
2250 275 2.11533e-64
2275 275 3.7602e-68
2300 275 5.41027e-72
2325 275 6.32344e-76
2350 275 6.02411e-80
2375 275 4.69295e-84
2400 275 2.99885e-88
2425 275 1.57651e-92
2450 275 6.8374e-97
2475 275 2.45301e-101
2500 275 7.29841e-106
2525 275 1.80524e-110
2550 275 3.72074e-115
2575 275 6.40429e-120
2600 275 9.22524e-125
2625 275 1.11436e-129
2650 275 1.13098e-134
2675 275 9.66181e-140
2700 275 6.95991e-145
2725 275 4.23466e-150
2750 275 2.17972e-155
2775 275 9.50631e-161
2800 275 3.51797e-166
2825 275 1.10623e-171
2850 275 2.95975e-177
2875 275 6.74644e-183
2900 275 1.3117e-188
2925 275 2.1779e-194
2950 275 3.09153e-200
2975 275 3.75578e-206
0 300 0
25 300 9.61028e-28
50 300 2.58795e-25
75 300 5.25373e-23
100 300 7.98449e-21
125 300 9.02015e-19
150 300 7.52086e-17
175 300 4.59552e-15
200 300 2.04376e-13
225 300 6.5724e-12
250 300 1.5193e-10
275 300 2.51167e-09
300 300 2.95731e-08
325 300 2.47279e-07
350 300 1.46592e-06
375 300 6.157e-06
400 300 1.831e-05
425 300 3.84431e-05
450 300 5.63447e-05
475 300 5.54251e-05
500 300 3.10556e-05
525 300 -1.69362e-06
550 300 -2.40262e-05
575 300 -3.02899e-05
600 300 -2.65691e-05
625 300 -2.03627e-05
650 300 -1.5315e-05
675 300 -1.19784e-05
700 300 -9.86083e-06
725 300 -8.46344e-06
750 300 -7.48587e-06
775 300 -6.7691e-06
800 300 -6.2273e-06
825 300 -5.8106e-06
850 300 -5.48787e-06
875 300 -5.23867e-06
900 300 -5.04917e-06
925 300 -4.90991e-06
950 300 -4.81449e-06
975 300 -4.75878e-06
1000 300 -4.74046e-06
1025 300 -4.75878e-06
1050 300 -4.81449e-06
1075 300 -4.90991e-06
1100 300 -5.04917e-06
1125 300 -5.23867e-06
1150 300 -5.48787e-06
1175 300 -5.8106e-06
1200 300 -6.2273e-06
1225 300 -6.7691e-06
1250 300 -7.48587e-06
1275 300 -8.46344e-06
1300 300 -9.86083e-06
1325 300 -1.19784e-05
1350 300 -1.5315e-05
1375 300 -2.03627e-05
1400 300 -2.65691e-05
1425 300 -3.02899e-05
1450 300 -2.40262e-05
1475 300 -1.69362e-06
1500 300 3.10556e-05
1525 300 5.54251e-05
1550 300 5.63447e-05
1575 300 3.84431e-05
1600 300 1.831e-05
1625 300 6.157e-06
1650 300 1.46592e-06
1675 300 2.47279e-07
1700 300 2.95731e-08
1725 300 2.51167e-09
1750 300 1.5193e-10
1775 300 6.5724e-12
1800 300 2.04376e-13
1825 300 4.59552e-15
1850 300 7.52086e-17
1875 300 9.02015e-19
1900 300 7.98449e-21
1925 300 5.25373e-23
1950 300 2.58795e-25
1975 300 9.61034e-28
2000 300 2.70873e-30
2025 300 5.83297e-33
2050 300 9.65742e-36
2075 300 1.23685e-38
2100 300 1.2325e-41
2125 300 9.60889e-45
2150 300 5.89221e-48
2175 300 2.85621e-51
2200 300 1.09974e-54
2225 300 3.37877e-58
2250 300 8.31917e-62
2275 300 1.64833e-65
2300 300 2.63846e-69
2325 300 3.42468e-73
2350 300 3.61735e-77
2375 300 3.11979e-81
2400 300 2.20404e-85
2425 300 1.27937e-89
2450 300 6.11948e-94
2475 300 2.4187e-98
2500 300 7.92024e-103
2525 300 2.15415e-107
2550 300 4.87793e-112
2575 300 9.21736e-117
2600 300 1.45658e-121
2625 300 1.92896e-126
2650 300 2.14502e-131
2675 300 2.00669e-136
2700 300 1.58218e-141
2725 300 1.05319e-146
2750 300 5.92848e-152
2775 300 2.82653e-157
2800 300 1.14311e-162
2825 300 3.92707e-168
2850 300 1.1476e-173
2875 300 2.85645e-179
2900 300 6.06338e-185
2925 300 1.09894e-190
2950 300 1.70257e-196
2975 300 2.25722e-202
0 325 0
25 325 7.32656e-26
50 325 1.69146e-23
75 325 2.92428e-21
100 325 3.75698e-19
125 325 3.55868e-17
150 325 2.46537e-15
175 325 1.23911e-13
200 325 4.48242e-12
225 325 1.15806e-10
250 325 2.12134e-09
275 325 2.73696e-08
300 325 2.47279e-07
325 325 1.55669e-06
350 325 6.79815e-06
375 325 2.04911e-05
400 325 4.22607e-05
425 325 5.83617e-05
450 325 5.03961e-05
475 325 1.91327e-05
500 325 -1.32775e-05
525 325 -2.88942e-05
550 325 -2.85792e-05
575 325 -2.21054e-05
600 325 -1.60774e-05
625 325 -1.20986e-05
650 325 -9.66865e-06
675 325 -8.12044e-06
700 325 -7.05987e-06
725 325 -6.2902e-06
750 325 -5.71011e-06
775 325 -5.26227e-06
800 325 -4.91134e-06
825 325 -4.63425e-06
850 325 -4.41534e-06
875 325 -4.24373e-06
900 325 -4.11171e-06
925 325 -4.01384e-06
950 325 -3.94637e-06
975 325 -3.90681e-06
1000 325 -3.89378e-06
1025 325 -3.90681e-06
1050 325 -3.94637e-06
1075 325 -4.01384e-06
1100 325 -4.11171e-06
1125 325 -4.24373e-06
1150 325 -4.41534e-06
1175 325 -4.63425e-06
1200 325 -4.91134e-06
1225 325 -5.26227e-06
1250 325 -5.71011e-06
1275 325 -6.2902e-06
1300 325 -7.05987e-06
1325 325 -8.12044e-06
1350 325 -9.66865e-06
1375 325 -1.20986e-05
1400 325 -1.60774e-05
1425 325 -2.21054e-05
1450 325 -2.85792e-05
1475 325 -2.88942e-05
1500 325 -1.32775e-05
1525 325 1.91327e-05
1550 325 5.03961e-05
1575 325 5.83617e-05
1600 325 4.22607e-05
1625 325 2.04911e-05
1650 325 6.79815e-06
1675 325 1.55669e-06
1700 325 2.47279e-07
1725 325 2.73696e-08
1750 325 2.12134e-09
1775 325 1.15806e-10
1800 325 4.48242e-12
1825 325 1.23911e-13
1850 325 2.46537e-15
1875 325 3.55868e-17
1900 325 3.75698e-19
1925 325 2.92428e-21
1950 325 1.69146e-23
1975 325 7.32662e-26
2000 325 2.39428e-28
2025 325 5.94534e-31
2050 325 1.12949e-33
2075 325 1.65244e-36
2100 325 1.87333e-39
2125 325 1.65543e-42
2150 325 1.14672e-45
2175 325 6.25994e-49
2200 325 2.70674e-52
2225 325 9.31477e-56
2250 325 2.56284e-59
2275 325 5.662e-63
2300 325 1.00855e-66
2325 325 1.45409e-70
2350 325 1.70315e-74
2375 325 1.62633e-78
2400 325 1.27028e-82
2425 325 8.14152e-87
2450 325 4.29467e-91
2475 325 1.86989e-95
2500 325 6.73824e-100
2525 325 2.01488e-104
2550 325 5.01181e-109
2575 325 1.03946e-113
2600 325 1.80159e-118
2625 325 2.61502e-123
2650 325 3.18528e-128
2675 325 3.26225e-133
2700 325 2.81442e-138
2725 325 2.04896e-143
2750 325 1.26091e-148
2775 325 6.56966e-154
2800 325 2.90253e-159
2825 325 1.08899e-164
2850 325 3.47455e-170
2875 325 9.44018e-176
2900 325 2.18688e-181
2925 325 4.3248e-187
2950 325 7.30986e-193
2975 325 1.05716e-198
0 350 0
25 350 4.31952e-24
50 350 8.52616e-22
75 350 1.25126e-19
100 350 1.35371e-17
125 350 1.07018e-15
150 350 6.12625e-14
175 350 2.51606e-12
200 350 7.34497e-11
225 350 1.51005e-09
250 350 2.16681e-08
275 350 2.15141e-07
300 350 1.46592e-06
325 350 6.79815e-06
350 350 2.12527e-05
375 350 4.41389e-05
400 350 5.89878e-05
425 350 4.58873e-05
450 350 1.03949e-05
475 350 -2.00993e-05
500 350 -3.00523e-05
525 350 -2.58136e-05
550 350 -1.8602e-05
575 350 -1.33318e-05
600 350 -1.01798e-05
625 350 -8.27576e-06
650 350 -7.02693e-06
675 350 -6.14523e-06
700 350 -5.49158e-06
725 350 -4.99138e-06
750 350 -4.60031e-06
775 350 -4.29015e-06
800 350 -4.04204e-06
825 350 -3.84296e-06
850 350 -3.68366e-06
875 350 -3.55751e-06
900 350 -3.45969e-06
925 350 -3.38675e-06
950 350 -3.33625e-06
975 350 -3.30656e-06
1000 350 -3.29676e-06
1025 350 -3.30656e-06
1050 350 -3.33625e-06
1075 350 -3.38675e-06
1100 350 -3.45969e-06
1125 350 -3.55751e-06
1150 350 -3.68366e-06
1175 350 -3.84296e-06
1200 350 -4.04204e-06
1225 350 -4.29015e-06
1250 350 -4.60031e-06
1275 350 -4.99138e-06
1300 350 -5.49158e-06
1325 350 -6.14523e-06
1350 350 -7.02693e-06
1375 350 -8.27576e-06
1400 350 -1.01798e-05
1425 350 -1.33318e-05
1450 350 -1.8602e-05
1475 350 -2.58136e-05
1500 350 -3.00523e-05
1525 350 -2.00993e-05
1550 350 1.03949e-05
1575 350 4.58873e-05
1600 350 5.89878e-05
1625 350 4.41389e-05
1650 350 2.12527e-05
1675 350 6.79815e-06
1700 350 1.46592e-06
1725 350 2.15141e-07
1750 350 2.16681e-08
1775 350 1.51005e-09
1800 350 7.34497e-11
1825 350 2.51606e-12
1850 350 6.12625e-14
1875 350 1.07018e-15
1900 350 1.35371e-17
1925 350 1.25126e-19
1950 350 8.52616e-22
1975 350 4.31956e-24
2000 350 1.6404e-26
2025 350 4.70612e-29
2050 350 1.02755e-31
2075 350 1.71956e-34
2100 350 2.22028e-37
2125 350 2.22594e-40
2150 350 1.74313e-43
2175 350 1.07229e-46
2200 350 5.20925e-50
2225 350 2.00871e-53
2250 350 6.17755e-57
2275 350 1.52207e-60
2300 350 3.01741e-64
2325 350 4.83256e-68
2350 350 6.27671e-72
2375 350 6.63565e-76
2400 350 5.72972e-80
2425 350 4.05421e-84
2450 350 2.35808e-88
2475 350 1.13077e-92
2500 350 4.48306e-97
2525 350 1.47342e-101
2550 350 4.02471e-106
2575 350 9.1591e-111
2600 350 1.74054e-115
2625 350 2.76811e-120
2650 350 3.692e-125
2675 350 4.13797e-130
2700 350 3.9047e-135
2725 350 3.10781e-140
2750 350 2.08996e-145
2775 350 1.18949e-150
2800 350 5.73861e-156
2825 350 2.35034e-161
2850 350 8.18388e-167
2875 350 2.42599e-172
2900 350 6.13042e-178
2925 350 1.32223e-183
2950 350 2.43702e-189
2975 350 3.84277e-195
0 375 0
25 375 1.97349e-22
50 375 3.32242e-20
75 375 4.12666e-18
100 375 3.74605e-16
125 375 2.46084e-14
150 375 1.15786e-12
175 375 3.86063e-11
200 375 9.02286e-10
225 375 1.4618e-08
250 375 1.62335e-07
275 375 1.22172e-06
300 375 6.157e-06
325 375 2.04911e-05
350 375 4.41389e-05
375 375 5.90896e-05
400 375 4.33189e-05
425 375 5.25267e-06
450 375 -2.36267e-05
475 375 -2.97528e-05
500 375 -2.34202e-05
525 375 -1.62308e-05
550 375 -1.16282e-05
575 375 -8.99073e-06
600 375 -7.3783e-06
625 375 -6.29501e-06
650 375 -5.51668e-06
675 375 -4.93297e-06
700 375 -4.48236e-06
725 375 -4.12728e-06
750 375 -3.84342e-06
775 375 -3.6143e-06
800 375 -3.42845e-06
825 375 -3.27762e-06
850 375 -3.15583e-06
875 375 -3.05869e-06
900 375 -2.98293e-06
925 375 -2.92619e-06
950 375 -2.88677e-06
975 375 -2.86355e-06
1000 375 -2.85588e-06
1025 375 -2.86355e-06
1050 375 -2.88677e-06
1075 375 -2.92619e-06
1100 375 -2.98293e-06
1125 375 -3.05869e-06
1150 375 -3.15583e-06
1175 375 -3.27762e-06
1200 375 -3.42845e-06
1225 375 -3.6143e-06
1250 375 -3.84342e-06
1275 375 -4.12728e-06
1300 375 -4.48236e-06
1325 375 -4.93297e-06
1350 375 -5.51668e-06
1375 375 -6.29501e-06
1400 375 -7.3783e-06
1425 375 -8.99073e-06
1450 375 -1.16282e-05
1475 375 -1.62308e-05
1500 375 -2.34202e-05
1525 375 -2.97528e-05
1550 375 -2.36267e-05
1575 375 5.25267e-06
1600 375 4.33189e-05
1625 375 5.90896e-05
1650 375 4.41389e-05
1675 375 2.04911e-05
1700 375 6.157e-06
1725 375 1.22172e-06
1750 375 1.62335e-07
1775 375 1.4618e-08
1800 375 9.02286e-10
1825 375 3.86063e-11
1850 375 1.15786e-12
1875 375 2.46084e-14
1900 375 3.74605e-16
1925 375 4.12666e-18
1950 375 3.32242e-20
1975 375 1.97352e-22
2000 375 8.72684e-25
2025 375 2.8973e-27
2050 375 7.28014e-30
2075 375 1.39506e-32
2100 375 2.05333e-35
2125 375 2.33703e-38
2150 375 2.07001e-41
2175 375 1.43543e-44
2200 375 7.83697e-48
2225 375 3.38672e-51
2250 375 1.16429e-54
2275 375 3.19926e-58
2300 375 7.05818e-62
2325 375 1.25554e-65
2350 375 1.80802e-69
2375 375 2.11571e-73
2400 375 2.01907e-77
2425 375 1.57677e-81
2450 375 1.0109e-85
2475 375 5.33704e-90
2500 375 2.32709e-94
2525 375 8.40318e-99
2550 375 2.51962e-103
2575 375 6.28888e-108
2600 375 1.30976e-112
2625 375 2.28124e-117
2650 375 3.33007e-122
2675 375 4.0825e-127
2700 375 4.21156e-132
2725 375 3.6628e-137
2750 375 2.69036e-142
2775 375 1.67176e-147
2800 375 8.80248e-153
2825 375 3.93347e-158
2850 375 1.49393e-163
2875 375 4.82919e-169
2900 375 1.33045e-174
2925 375 3.12791e-180
2950 375 6.28315e-186
2975 375 1.07963e-191
0 400 0
25 400 7.00908e-21
50 400 1.00436e-18
75 400 1.05308e-16
100 400 7.99525e-15
125 400 4.34683e-13
150 400 1.6726e-11
175 400 4.49927e-10
200 400 8.35257e-09
225 400 1.05578e-07
250 400 8.95893e-07
275 400 5.02589e-06
300 400 1.831e-05
325 400 4.22607e-05
350 400 5.89878e-05
375 400 4.33189e-05
400 400 3.57355e-06
425 400 -2.50765e-05
450 400 -2.9221e-05
475 400 -2.18062e-05
500 400 -1.47595e-05
525 400 -1.05838e-05
550 400 -8.23534e-06
575 400 -6.78186e-06
600 400 -5.79182e-06
625 400 -5.07434e-06
650 400 -4.53316e-06
675 400 -4.1134e-06
700 400 -3.7811e-06
725 400 -3.51411e-06
750 400 -3.29731e-06
775 400 -3.12012e-06
800 400 -2.9749e-06
825 400 -2.85605e-06
850 400 -2.75944e-06
875 400 -2.68194e-06
900 400 -2.62123e-06
925 400 -2.57561e-06
950 400 -2.54384e-06
975 400 -2.5251e-06
1000 400 -2.5189e-06
1025 400 -2.5251e-06
1050 400 -2.54384e-06
1075 400 -2.57561e-06
1100 400 -2.62123e-06
1125 400 -2.68194e-06
1150 400 -2.75944e-06
1175 400 -2.85605e-06
1200 400 -2.9749e-06
1225 400 -3.12012e-06
1250 400 -3.29731e-06
1275 400 -3.51411e-06
1300 400 -3.7811e-06
1325 400 -4.1134e-06
1350 400 -4.53316e-06
1375 400 -5.07434e-06
1400 400 -5.79182e-06
1425 400 -6.78186e-06
1450 400 -8.23534e-06
1475 400 -1.05838e-05
1500 400 -1.47595e-05
1525 400 -2.18062e-05
1550 400 -2.9221e-05
1575 400 -2.50765e-05
1600 400 3.57355e-06
1625 400 4.33189e-05
1650 400 5.89878e-05
1675 400 4.22607e-05
1700 400 1.831e-05
1725 400 5.02589e-06
1750 400 8.95893e-07
1775 400 1.05578e-07
1800 400 8.35257e-09
1825 400 4.49927e-10
1850 400 1.6726e-11
1875 400 4.34683e-13
1900 400 7.99525e-15
1925 400 1.05308e-16
1950 400 1.00436e-18
1975 400 7.00922e-21
2000 400 3.61491e-23
2025 400 1.39061e-25
2050 400 4.0252e-28
2075 400 8.83886e-31
2100 400 1.48378e-33
2125 400 1.91793e-36
2150 400 1.92189e-39
2175 400 1.5025e-42
2200 400 9.21887e-46
2225 400 4.46435e-49
2250 400 1.71534e-52
