0 0 0
25 0 0
50 0 0
75 0 0
100 0 0
125 0 0
150 0 0
175 0 0
200 0 0
225 0 0
250 0 0
275 0 0
300 0 0
325 0 0
350 0 0
375 0 0
400 0 0
425 0 0
450 0 0
475 0 0
500 0 0
525 0 0
550 0 0
575 0 0
600 0 0
625 0 0
650 0 0
675 0 0
700 0 0
725 0 0
750 0 0
775 0 0
800 0 0
825 0 0
850 0 0
875 0 0
900 0 0
925 0 0
950 0 0
975 0 0
1000 0 0
1025 0 0
1050 0 0
1075 0 0
1100 0 0
1125 0 0
1150 0 0
1175 0 0
1200 0 0
1225 0 0
1250 0 0
1275 0 0
1300 0 0
1325 0 0
1350 0 0
1375 0 0
1400 0 0
1425 0 0
1450 0 0
1475 0 0
1500 0 0
1525 0 0
1550 0 0
1575 0 0
1600 0 0
1625 0 0
1650 0 0
1675 0 0
1700 0 0
1725 0 0
1750 0 0
1775 0 0
1800 0 0
1825 0 0
1850 0 0
1875 0 0
1900 0 0
1925 0 0
1950 0 0
1975 0 0
2000 0 0
2025 0 0
2050 0 0
2075 0 0
2100 0 0
2125 0 0
2150 0 0
2175 0 0
2200 0 0
2225 0 0
2250 0 0
2275 0 0
2300 0 0
2325 0 0
2350 0 0
2375 0 0
2400 0 0
2425 0 0
2450 0 0
2475 0 0
2500 0 0
2525 0 0
2550 0 0
2575 0 0
2600 0 0
2625 0 0
2650 0 0
2675 0 0
2700 0 0
2725 0 0
2750 0 0
2775 0 0
2800 0 0
2825 0 0
2850 0 0
2875 0 0
2900 0 0
2925 0 0
2950 0 0
2975 0 0
0 25 0
25 25 2.57889e-66
50 25 7.88127e-63
75 25 1.86388e-59
100 25 3.40012e-56
125 25 4.76912e-53
150 25 5.1274e-50
175 25 4.21282e-47
200 25 2.63786e-44
225 25 1.25556e-41
250 25 4.53297e-39
275 25 1.2392e-36
300 25 2.56216e-34
325 25 4.00467e-32
350 25 4.73322e-30
375 25 4.23555e-28
400 25 2.87612e-26
425 25 1.48701e-24
450 25 5.88041e-23
475 25 1.78893e-21
500 25 4.21586e-20
525 25 7.75875e-19
550 25 1.12524e-17
575 25 1.29884e-16
600 25 1.20591e-15
625 25 9.10577e-15
650 25 5.65538e-14
675 25 2.92194e-13
700 25 1.27e-12
725 25 4.69448e-12
750 25 1.49123e-11
775 25 4.11099e-11
800 25 9.92586e-11
825 25 2.11664e-10
850 25 4.01658e-10
875 25 6.82773e-10
900 25 1.04563e-09
925 25 1.44945e-09
950 25 1.82538e-09
975 25 2.09402e-09
1000 25 2.19169e-09
1025 25 2.09402e-09
1050 25 1.82538e-09
1075 25 1.44945e-09
1100 25 1.04563e-09
1125 25 6.82773e-10
1150 25 4.01658e-10
1175 25 2.11664e-10
1200 25 9.92586e-11
1225 25 4.11099e-11
1250 25 1.49123e-11
1275 25 4.69448e-12
1300 25 1.27e-12
1325 25 2.92194e-13
1350 25 5.65538e-14
1375 25 9.10577e-15
1400 25 1.20591e-15
1425 25 1.29884e-16
1450 25 1.12524e-17
1475 25 7.75875e-19
1500 25 4.21586e-20
1525 25 1.78893e-21
1550 25 5.88041e-23
1575 25 1.48701e-24
1600 25 2.87612e-26
1625 25 4.23555e-28
1650 25 4.73322e-30
1675 25 4.00467e-32
1700 25 2.56216e-34
1725 25 1.2392e-36
1750 25 4.53297e-39
1775 25 1.25556e-41
1800 25 2.63786e-44
1825 25 4.21282e-47
1850 25 5.1274e-50
1875 25 4.76912e-53
1900 25 3.40012e-56
1925 25 1.86388e-59
1950 25 7.88127e-63
1975 25 2.57889e-66
2000 25 6.55133e-70
2025 25 1.29622e-73
2050 25 2.00376e-77
2075 25 2.42759e-81
2100 25 2.31192e-85
2125 25 1.73582e-89
2150 25 1.03038e-93
2175 25 4.84887e-98
2200 25 1.81371e-102
2225 25 5.406e-107
2250 25 1.28711e-111
2275 25 2.45353e-116
2300 25 3.75289e-121
2325 25 4.61588e-126
2350 25 4.57441e-131
2375 25 3.65968e-136
2400 25 2.36794e-141
2425 25 1.2413e-146
2450 25 5.28051e-152
2475 25 1.8258e-157
2500 25 5.13872e-163
2525 25 1.17895e-168
2550 25 2.20777e-174
2575 25 3.37895e-180
2600 25 4.23152e-186
2625 25 4.34102e-192
2650 25 3.65197e-198
2675 25 2.52198e-204
2700 25 1.43102e-210
2725 25 6.67766e-217
2750 25 2.56472e-223
2775 25 8.11395e-230
2800 25 2.11602e-236
2825 25 4.55198e-243
2850 25 8.08255e-250
2875 25 1.18527e-256
2900 25 1.43607e-263
2925 25 1.43674e-270
2950 25 1.1809e-277
2975 25 7.82231e-285
0 50 0
25 50 7.88127e-63
50 50 2.10184e-59
75 50 4.33001e-56
100 50 6.86768e-53
125 50 8.35852e-50
150 50 7.78122e-47
175 50 5.52368e-44
200 50 2.98144e-41
225 50 1.22045e-38
250 50 3.78053e-36
275 50 8.84681e-34
300 50 1.56223e-31
325 50 2.08098e-29
350 50 2.09207e-27
375 50 1.58973e-25
400 50 9.15466e-24
425 50 4.01046e-22
450 50 1.34335e-20
475 50 3.46255e-19
500 50 6.92039e-18
525 50 1.08198e-16
550 50 1.33639e-15
575 50 1.31803e-14
600 50 1.04987e-13
625 50 6.83434e-13
650 50 3.67991e-12
675 50 1.65879e-11
700 50 6.33461e-11
725 50 2.07313e-10
750 50 5.879e-10
775 50 1.45973e-09
800 50 3.20435e-09
825 50 6.27427e-09
850 50 1.10462e-08
875 50 1.76097e-08
900 50 2.55747e-08
925 50 3.40068e-08
950 50 4.15651e-08
975 50 4.68308e-08
1000 50 4.87211e-08
1025 50 4.68308e-08
1050 50 4.15651e-08
1075 50 3.40068e-08
1100 50 2.55747e-08
1125 50 1.76097e-08
1150 50 1.10462e-08
1175 50 6.27427e-09
1200 50 3.20435e-09
1225 50 1.45973e-09
1250 50 5.879e-10
1275 50 2.07313e-10
1300 50 6.33461e-11
1325 50 1.65879e-11
1350 50 3.67991e-12
1375 50 6.83434e-13
1400 50 1.04987e-13
1425 50 1.31803e-14
1450 50 1.33639e-15
1475 50 1.08198e-16
1500 50 6.92039e-18
1525 50 3.46255e-19
1550 50 1.34335e-20
1575 50 4.01046e-22
1600 50 9.15466e-24
1625 50 1.58973e-25
1650 50 2.09207e-27
1675 50 2.08098e-29
1700 50 1.56223e-31
1725 50 8.84681e-34
1750 50 3.78053e-36
1775 50 1.22045e-38
1800 50 2.98144e-41
1825 50 5.52368e-44
1850 50 7.78122e-47
1875 50 8.35852e-50
1900 50 6.86768e-53
1925 50 4.33001e-56
1950 50 2.10184e-59
1975 50 7.88127e-63
2000 50 2.29049e-66
2025 50 5.17654e-70
2050 50 9.12737e-74
2075 50 1.25961e-77
2100 50 1.36477e-81
2125 50 1.16448e-85
2150 50 7.84726e-90
2175 50 4.18838e-94
2200 50 1.77538e-98
2225 50 5.9922e-103
2250 50 1.61441e-107
2275 50 3.48026e-112
2300 50 6.01689e-117
2325 50 8.36068e-122
2350 50 9.35673e-127
2375 50 8.45044e-132
2400 50 6.17059e-137
2425 50 3.64961e-142
2450 50 1.75136e-147
2475 50 6.83001e-153
2500 50 2.16794e-158
2525 50 5.609e-164
2550 50 1.1845e-169
2575 50 2.04439e-175
2600 50 2.88738e-181
2625 50 3.3409e-187
2650 50 3.17044e-193
2675 50 2.47013e-199
2700 50 1.58158e-205
2725 50 8.32966e-212
2750 50 3.61165e-218
2775 50 1.29025e-224
2800 50 3.8007e-231
2825 50 9.23803e-238
2850 50 1.85399e-244
2875 50 3.07408e-251
2900 50 4.21348e-258
2925 50 4.77582e-265
2950 50 4.47367e-272
2975 50 3.44538e-279
0 75 0
25 75 1.86388e-59
50 75 4.33001e-56
75 75 7.75501e-53
100 75 1.06706e-49
125 75 1.12414e-46
150 75 9.03686e-44
175 75 5.52586e-41
200 75 2.56257e-38
225 75 8.98861e-36
250 75 2.37946e-33
275 75 4.74556e-31
300 75 7.12308e-29
325 75 8.04467e-27
350 75 6.84085e-25
375 75 4.38776e-23
400 75 2.12911e-21
425 75 7.84942e-20
450 75 2.21111e-18
475 75 4.79256e-17
500 75 8.05996e-16
525 75 1.06187e-14
550 75 1.10767e-13
575 75 9.25478e-13
600 75 6.26964e-12
625 75 3.48764e-11
650 75 1.61366e-10
675 75 6.29011e-10
700 75 2.09196e-09
725 75 6.00921e-09
750 75 1.50849e-08
775 75 3.34611e-08
800 75 6.62666e-08
825 75 1.18285e-07
850 75 1.91939e-07
875 75 2.85295e-07
900 75 3.90985e-07
925 75 4.96728e-07
950 75 5.87532e-07
975 75 6.4899e-07
1000 75 6.70734e-07
1025 75 6.4899e-07
1050 75 5.87532e-07
1075 75 4.96728e-07
1100 75 3.90985e-07
1125 75 2.85295e-07
1150 75 1.91939e-07
1175 75 1.18285e-07
1200 75 6.62666e-08
1225 75 3.34611e-08
1250 75 1.50849e-08
1275 75 6.00921e-09
1300 75 2.09196e-09
1325 75 6.29011e-10
1350 75 1.61366e-10
1375 75 3.48764e-11
1400 75 6.26964e-12
1425 75 9.25478e-13
1450 75 1.10767e-13
1475 75 1.06187e-14
1500 75 8.05996e-16
1525 75 4.79256e-17
1550 75 2.21111e-18
1575 75 7.84942e-20
1600 75 2.12911e-21
1625 75 4.38776e-23
1650 75 6.84085e-25
1675 75 8.04467e-27
1700 75 7.12308e-29
1725 75 4.74556e-31
1750 75 2.37946e-33
1775 75 8.98861e-36
1800 75 2.56257e-38
1825 75 5.52586e-41
1850 75 9.03686e-44
1875 75 1.12414e-46
1900 75 1.06706e-49
1925 75 7.75501e-53
1950 75 4.33001e-56
1975 75 1.86388e-59
2000 75 6.20695e-63
2025 75 1.60461e-66
2050 75 3.23118e-70
2075 75 5.08507e-74
2100 75 6.27449e-78
2125 75 6.08929e-82
2150 75 4.66205e-86
2175 75 2.82408e-90
2200 75 1.35733e-94
2225 75 5.19008e-99
2250 75 1.58293e-103
2275 75 3.86031e-108
2300 75 7.54538e-113
2325 75 1.18472e-117
2350 75 1.49747e-122
2375 75 1.52686e-127
2400 75 1.25828e-132
2425 75 8.39663e-138
2450 75 4.54507e-143
2475 75 1.99898e-148
2500 75 7.15482e-154
2525 75 2.08719e-159
2550 75 4.9695e-165
2575 75 9.67025e-171
2600 75 1.53988e-176
2625 75 2.00902e-182
2650 75 2.14991e-188
2675 75 1.88912e-194
2700 75 1.36438e-200
2725 75 8.10704e-207
2750 75 3.96666e-213
2775 75 1.5995e-219
2800 75 5.31964e-226
2825 75 1.46027e-232
2850 75 3.3108e-239
2875 75 6.20381e-246
2900 75 9.61314e-253
2925 75 1.23249e-259
2950 75 1.30786e-266
2975 75 1.14792e-273
0 100 0
25 100 3.40012e-56
50 100 6.86768e-53
75 100 1.06706e-49
100 100 1.27074e-46
125 100 1.15572e-43
150 100 7.99949e-41
175 100 4.19987e-38
200 100 1.66737e-35
225 100 4.99171e-33
250 100 1.12431e-30
275 100 1.9019e-28
300 100 2.41383e-26
325 100 2.29814e-24
350 100 1.64275e-22
375 100 8.83433e-21
400 100 3.58622e-19
425 100 1.10413e-17
450 100 2.59434e-16
475 100 4.68804e-15
500 100 6.57457e-14
525 100 7.23049e-13
550 100 6.30804e-12
575 100 4.4202e-11
600 100 2.52056e-10
625 100 1.18558e-09
650 100 4.66331e-09
675 100 1.55499e-08
700 100 4.45519e-08
725 100 1.11118e-07
750 100 2.44298e-07
775 100 4.79096e-07
800 100 8.47461e-07
825 100 1.36604e-06
850 100 2.02538e-06
875 100 2.78514e-06
900 100 3.5778e-06
925 100 4.31946e-06
950 100 4.92447e-06
975 100 5.31998e-06
1000 100 5.45748e-06
1025 100 5.31998e-06
1050 100 4.92447e-06
1075 100 4.31946e-06
1100 100 3.5778e-06
1125 100 2.78514e-06
1150 100 2.02538e-06
1175 100 1.36604e-06
1200 100 8.47461e-07
1225 100 4.79096e-07
1250 100 2.44298e-07
1275 100 1.11118e-07
1300 100 4.45519e-08
1325 100 1.55499e-08
1350 100 4.66331e-09
1375 100 1.18558e-09
1400 100 2.52056e-10
1425 100 4.4202e-11
1450 100 6.30804e-12
1475 100 7.23049e-13
1500 100 6.57457e-14
1525 100 4.68804e-15
1550 100 2.59434e-16
1575 100 1.10413e-17
1600 100 3.58622e-19
1625 100 8.83433e-21
1650 100 1.64275e-22
1675 100 2.29814e-24
1700 100 2.41383e-26
1725 100 1.9019e-28
1750 100 1.12431e-30
1775 100 4.99171e-33
1800 100 1.66737e-35
1825 100 4.19987e-38
1850 100 7.99949e-41
1875 100 1.15572e-43
1900 100 1.27074e-46
1925 100 1.06706e-49
1950 100 6.86768e-53
1975 100 3.40012e-56
2000 100 1.29962e-59
2025 100 3.84894e-63
2050 100 8.86341e-67
2075 100 1.59256e-70
2100 100 2.24021e-74
2125 100 2.47508e-78
2150 100 2.15461e-82
2175 100 1.48231e-86
2200 100 8.08292e-91
2225 100 3.50322e-95
2250 100 1.21003e-99
2275 100 3.33941e-104
2300 100 7.38149e-109
2325 100 1.30988e-113
2350 100 1.87025e-118
2375 100 2.15308e-123
2400 100 2.00259e-128
2425 100 1.50772e-133
2450 100 9.20528e-139
2475 100 4.56549e-144
2500 100 1.84239e-149
2525 100 6.05889e-155
2550 100 1.62613e-160
2575 100 3.56677e-166
2600 100 6.40204e-172
2625 100 9.41509e-178
2650 100 1.1358e-183
2675 100 1.12519e-189
2700 100 9.16321e-196
2725 100 6.14037e-202
2750 100 3.38893e-208
2775 100 1.5418e-214
2800 100 5.78678e-221
2825 100 1.79316e-227
2850 100 4.59074e-234
2875 100 9.71651e-241
2900 100 1.70125e-247
2925 100 2.46549e-254
2950 100 2.95892e-261
2975 100 2.9417e-268
0 125 0
25 125 4.76912e-53
50 125 8.35852e-50
75 125 1.12414e-46
100 125 1.15572e-43
125 125 9.04892e-41
150 125 5.37592e-38
175 125 2.41491e-35
200 125 8.17574e-33
225 125 2.08005e-30
250 125 3.96727e-28
275 125 5.66236e-26
300 125 6.04146e-24
325 125 4.8182e-22
350 125 2.87519e-20
375 125 1.2867e-18
400 125 4.33432e-17
425 125 1.10476e-15
450 125 2.14518e-14
475 125 3.19997e-13
500 125 3.70338e-12
525 125 3.36278e-11
550 125 2.42565e-10
575 125 1.40856e-09
600 125 6.67758e-09
625 125 2.62196e-08
650 125 8.65238e-08
675 125 2.43485e-07
700 125 5.92734e-07
725 125 1.26578e-06
750 125 2.40325e-06
775 125 4.10908e-06
800 125 6.40385e-06
825 125 9.19979e-06
850 125 1.23096e-05
875 125 1.54844e-05
900 125 1.84622e-05
925 125 2.10102e-05
950 125 2.29484e-05
975 125 2.4156e-05
1000 125 2.45656e-05
1025 125 2.4156e-05
1050 125 2.29484e-05
1075 125 2.10102e-05
1100 125 1.84622e-05
1125 125 1.54844e-05
1150 125 1.23096e-05
1175 125 9.19979e-06
1200 125 6.40385e-06
1225 125 4.10908e-06
1250 125 2.40325e-06
1275 125 1.26578e-06
1300 125 5.92734e-07
1325 125 2.43485e-07
1350 125 8.65238e-08
1375 125 2.62196e-08
1400 125 6.67758e-09
1425 125 1.40856e-09
1450 125 2.42565e-10
1475 125 3.36278e-11
1500 125 3.70338e-12
1525 125 3.19997e-13
1550 125 2.14518e-14
1575 125 1.10476e-15
1600 125 4.33432e-17
1625 125 1.2867e-18
1650 125 2.87519e-20
1675 125 4.8182e-22
1700 125 6.04146e-24
1725 125 5.66236e-26
1750 125 3.96727e-28
1775 125 2.08005e-30
1800 125 8.17574e-33
1825 125 2.41491e-35
1850 125 5.37592e-38
1875 125 9.04892e-41
1900 125 1.15572e-43
1925 125 1.12414e-46
1950 125 8.35852e-50
1975 125 4.76912e-53
2000 125 2.09603e-56
2025 125 7.12268e-60
2050 125 1.87836e-63
2075 125 3.85808e-67
2100 125 6.19364e-71
2125 125 7.79785e-75
2150 125 7.72471e-79
2175 125 6.03998e-83
2200 125 3.73895e-87
2225 125 1.83774e-91
2250 125 7.1919e-96
2275 125 2.24688e-100
2300 125 5.61812e-105
2325 125 1.127e-109
2350 125 1.81794e-114
2375 125 2.36323e-119
2400 125 2.48086e-124
2425 125 2.10732e-129
2450 125 1.45111e-134
2475 125 8.11505e-140
2500 125 3.69173e-145
2525 125 1.3684e-150
2550 125 4.13902e-156
2575 125 1.02307e-161
2600 125 2.06929e-167
2625 125 3.4293e-173
2650 125 4.66208e-179
2675 125 5.20519e-185
2700 125 4.77797e-191
2725 125 3.60942e-197
2750 125 2.24611e-203
2775 125 1.15241e-209
2800 125 4.87902e-216
2825 125 1.70586e-222
2850 125 4.92898e-229
2875 125 1.17779e-235
2900 125 2.32891e-242
2925 125 3.81299e-249
2950 125 5.17181e-256
2975 125 5.81425e-263
0 150 0
25 150 5.1274e-50
50 150 7.78122e-47
75 150 9.03686e-44
100 150 7.99949e-41
125 150 5.37592e-38
150 150 2.73213e-35
175 150 1.04615e-32
200 150 3.0077e-30
225 150 6.47267e-28
250 150 1.03998e-25
275 150 1.24518e-23
300 150 1.10978e-21
325 150 7.36212e-20
350 150 3.63935e-18
375 150 1.34396e-16
400 150 3.72256e-15
425 150 7.77773e-14
450 150 1.23487e-12
475 150 1.5034e-11
500 150 1.41852e-10
525 150 1.04988e-09
550 150 6.17668e-09
575 150 2.92993e-08
600 150 1.13741e-07
625 150 3.66934e-07
650 150 9.99064e-07
675 150 2.33153e-06
700 150 4.7353e-06
725 150 8.4952e-06
750 150 1.36579e-05
775 150 1.9953e-05
800 150 2.68414e-05
825 150 3.36698e-05
850 150 3.98518e-05
875 150 4.49964e-05
900 150 4.89481e-05
925 150 5.17476e-05
950 150 5.35504e-05
975 150 5.45388e-05
1000 150 5.48513e-05
1025 150 5.45388e-05
1050 150 5.35504e-05
1075 150 5.17476e-05
1100 150 4.89481e-05
1125 150 4.49964e-05
1150 150 3.98518e-05
1175 150 3.36698e-05
1200 150 2.68414e-05
1225 150 1.9953e-05
1250 150 1.36579e-05
1275 150 8.4952e-06
1300 150 4.7353e-06
1325 150 2.33153e-06
1350 150 9.99064e-07
1375 150 3.66934e-07
1400 150 1.13741e-07
1425 150 2.92993e-08
1450 150 6.17668e-09
1475 150 1.04988e-09
1500 150 1.41852e-10
1525 150 1.5034e-11
1550 150 1.23487e-12
1575 150 7.77773e-14
1600 150 3.72256e-15
1625 150 1.34396e-16
1650 150 3.63935e-18
1675 150 7.36212e-20
1700 150 1.10978e-21
1725 150 1.24518e-23
1750 150 1.03998e-25
1775 150 6.47267e-28
1800 150 3.0077e-30
1825 150 1.04615e-32
1850 150 2.73213e-35
1875 150 5.37592e-38
1900 150 7.99949e-41
1925 150 9.03686e-44
1950 150 7.78122e-47
1975 150 5.1274e-50
2000 150 2.596e-53
2025 150 1.01389e-56
2050 150 3.06643e-60
2075 150 7.20911e-64
2100 150 1.32229e-67
2125 150 1.89893e-71
2150 150 2.14247e-75
2175 150 1.90532e-79
2200 150 1.3398e-83
2225 150 7.47203e-88
2250 150 3.3145e-92
2275 150 1.17266e-96
2300 150 3.31773e-101
2325 150 7.52511e-106
2350 150 1.37157e-110
2375 150 2.01347e-115
2400 150 2.38574e-120
2425 150 2.28634e-125
2450 150 1.77558e-130
2475 150 1.11949e-135
2500 150 5.74039e-141
2525 150 2.39782e-146
2550 150 8.17196e-152
2575 150 2.27568e-157
2600 150 5.18539e-163
2625 150 9.68073e-169
2650 150 1.48263e-174
2675 150 1.86495e-180
2700 150 1.92881e-186
2725 150 1.64193e-192
2750 150 1.15156e-198
2775 150 6.66013e-205
2800 150 3.17922e-211
2825 150 1.25357e-217
2850 150 4.08599e-224
2875 150 1.10172e-230
2900 150 2.45896e-237
2925 150 4.54578e-244
2950 150 6.9644e-251
2975 150 8.8472e-258
0 175 0
25 175 4.21282e-47
50 175 5.52368e-44
75 175 5.52586e-41
100 175 4.19987e-38
125 175 2.41491e-35
150 175 1.04615e-32
175 175 3.40091e-30
200 175 8.26599e-28
225 175 1.49712e-25
250 175 2.01501e-23
275 175 2.0112e-21
300 175 1.48688e-19
325 175 8.14132e-18
350 175 3.30547e-16
375 175 9.97823e-15
400 175 2.24924e-13
425 175 3.80914e-12
450 175 4.88501e-11
475 175 4.79031e-10
500 175 3.63298e-09
525 175 2.15847e-08
550 175 1.0189e-07
575 175 3.87926e-07
600 175 1.21008e-06
625 175 3.14274e-06
650 175 6.90656e-06
675 175 1.30518e-05
700 175 2.15492e-05
725 175 3.15704e-05
750 175 4.16653e-05
775 175 5.02661e-05
800 175 5.62291e-05
825 175 5.91376e-05
850 175 5.92813e-05
875 175 5.74151e-05
900 175 5.44624e-05
925 175 5.12854e-05
950 175 4.85629e-05
975 175 4.67567e-05
1000 175 4.61269e-05
1025 175 4.67567e-05
1050 175 4.85629e-05
1075 175 5.12854e-05
1100 175 5.44624e-05
1125 175 5.74151e-05
1150 175 5.92813e-05
1175 175 5.91376e-05
1200 175 5.62291e-05
1225 175 5.02661e-05
1250 175 4.16653e-05
1275 175 3.15704e-05
1300 175 2.15492e-05
1325 175 1.30518e-05
1350 175 6.90656e-06
1375 175 3.14274e-06
1400 175 1.21008e-06
1425 175 3.87926e-07
1450 175 1.0189e-07
1475 175 2.15847e-08
1500 175 3.63298e-09
1525 175 4.79031e-10
1550 175 4.88501e-11
1575 175 3.80914e-12
1600 175 2.24924e-13
1625 175 9.97823e-15
1650 175 3.30547e-16
1675 175 8.14132e-18
1700 175 1.48688e-19
1725 175 2.0112e-21
1750 175 2.01501e-23
1775 175 1.49712e-25
1800 175 8.26599e-28
1825 175 3.40091e-30
1850 175 1.04615e-32
1875 175 2.41491e-35
1900 175 4.19987e-38
1925 175 5.52586e-41
1950 175 5.52368e-44
1975 175 4.21282e-47
2000 175 2.46191e-50
2025 175 1.10697e-53
2050 175 3.84543e-57
2075 175 1.03614e-60
2100 175 2.17388e-64
2125 175 3.56456e-68
2150 175 4.58441e-72
2175 175 4.64044e-76
2200 175 3.70903e-80
2225 175 2.34829e-84
2250 175 1.18124e-88
2275 175 4.73436e-93
2300 175 1.51603e-97
2325 175 3.88868e-102
2350 175 8.00974e-107
2375 175 1.32793e-111
2400 175 1.776e-116
2425 175 1.92017e-121
2450 175 1.68164e-126
2475 175 1.19524e-131
2500 175 6.90691e-137
2525 175 3.2506e-142
2550 175 1.24795e-147
2575 175 3.91422e-153
2600 175 1.00447e-158
2625 175 2.11186e-164
2650 175 3.64241e-170
2675 175 5.15982e-176
2700 175 6.01035e-182
2725 175 5.76304e-188
2750 175 4.55333e-194
2775 175 2.9672e-200
2800 175 1.59621e-206
2825 175 7.09451e-213
2850 175 2.60725e-219
2875 175 7.92846e-226
2900 175 1.99634e-232
2925 175 4.1648e-239
2950 175 7.20317e-246
2975 175 1.03337e-252
0 200 0
25 200 2.63786e-44
50 200 2.98144e-41
75 200 2.56257e-38
100 200 1.66737e-35
125 200 8.17574e-33
150 200 3.0077e-30
175 200 8.26599e-28
200 200 1.69032e-25
225 200 2.56267e-23
250 200 2.87172e-21
275 200 2.3731e-19
300 200 1.44419e-17
325 200 6.4711e-16
350 200 2.13745e-14
375 200 5.21898e-13
400 200 9.46303e-12
425 200 1.28243e-10
450 200 1.30991e-09
475 200 1.01885e-08
500 200 6.10748e-08
525 200 2.85995e-07
550 200 1.06167e-06
575 200 3.17338e-06
600 200 7.76142e-06
625 200 1.57875e-05
650 200 2.71415e-05
675 200 4.0058e-05
700 200 5.15121e-05
725 200 5.85042e-05
750 200 5.93784e-05
775 200 5.43441e-05
800 200 4.50556e-05
825 200 3.37211e-05
850 200 2.23108e-05
875 200 1.21554e-05
900 200 3.91483e-06
925 200 -2.24606e-06
950 200 -6.43361e-06
975 200 -8.84005e-06
1000 200 -9.6226e-06
1025 200 -8.84005e-06
1050 200 -6.43361e-06
1075 200 -2.24606e-06
1100 200 3.91483e-06
1125 200 1.21554e-05
1150 200 2.23108e-05
1175 200 3.37211e-05
1200 200 4.50556e-05
1225 200 5.43441e-05
1250 200 5.93784e-05
1275 200 5.85042e-05
1300 200 5.15121e-05
1325 200 4.0058e-05
1350 200 2.71415e-05
1375 200 1.57875e-05
1400 200 7.76142e-06
1425 200 3.17338e-06
1450 200 1.06167e-06
1475 200 2.85995e-07
1500 200 6.10748e-08
1525 200 1.01885e-08
1550 200 1.30991e-09
1575 200 1.28243e-10
1600 200 9.46303e-12
1625 200 5.21898e-13
1650 200 2.13745e-14
1675 200 6.4711e-16
1700 200 1.44419e-17
1725 200 2.3731e-19
1750 200 2.87172e-21
1775 200 2.56267e-23
1800 200 1.69032e-25
1825 200 8.26599e-28
1850 200 3.0077e-30
1875 200 8.17574e-33
1900 200 1.66737e-35
1925 200 2.56257e-38
1950 200 2.98144e-41
1975 200 2.63786e-44
2000 200 1.78283e-47
2025 200 9.24524e-51
2050 200 3.69448e-54
2075 200 1.14245e-57
2100 200 2.7449e-61
2125 200 5.14422e-65
2150 200 7.54819e-69
2175 200 8.70277e-73
2200 200 7.91144e-77
2225 200 5.68934e-81
2250 200 3.24665e-85
2275 200 1.47459e-89
2300 200 5.34567e-94
2325 200 1.55095e-98
2350 200 3.61057e-103
2375 200 6.76066e-108
2400 200 1.02057e-112
2425 200 1.24478e-117
2450 200 1.22924e-122
2475 200 9.8477e-128
2500 200 6.41201e-133
2525 200 3.39925e-138
2550 200 1.4697e-143
2575 200 5.19055e-149
2600 200 1.49965e-154
2625 200 3.54951e-160
2650 200 6.89174e-166
2675 200 1.09904e-171
2700 200 1.44125e-177
2725 200 1.55592e-183
2750 200 1.38424e-189
2775 200 1.01587e-195
2800 200 6.15564e-202
2825 200 3.08238e-208
2850 200 1.27653e-214
2875 200 4.37556e-221
2900 200 1.24223e-227
2925 200 2.92293e-234
2950 200 5.70361e-241
2975 200 9.23505e-248
0 225 0
25 225 1.25556e-41
50 225 1.22045e-38
75 225 8.98861e-36
100 225 4.99171e-33
125 225 2.08005e-30
150 225 6.47267e-28
175 225 1.49712e-25
200 225 2.56267e-23
225 225 3.23344e-21
250 225 2.99705e-19
275 225 2.03537e-17
300 225 1.01111e-15
325 225 3.67277e-14
350 225 9.76554e-13
375 225 1.90599e-11
400 225 2.74349e-10
425 225 2.93194e-09
450 225 2.34675e-08
475 225 1.4219e-07
500 225 6.60307e-07
525 225 2.38281e-06
550 225 6.78146e-06
575 225 1.54556e-05
600 225 2.86398e-05
625 225 4.37705e-05
650 225 5.58529e-05
675 225 5.99939e-05
700 225 5.42207e-05
725 225 4.03476e-05
750 225 2.25413e-05
775 225 5.0506e-06
800 225 -9.33949e-06
825 225 -1.96294e-05
850 225 -2.61145e-05
875 225 -2.96959e-05
900 225 -3.13642e-05
925 225 -3.19398e-05
950 225 -3.20024e-05
975 225 -3.19133e-05
1000 225 -3.18639e-05
1025 225 -3.19133e-05
1050 225 -3.20024e-05
1075 225 -3.19398e-05
1100 225 -3.13642e-05
1125 225 -2.96959e-05
1150 225 -2.61145e-05
1175 225 -1.96294e-05
1200 225 -9.33949e-06
1225 225 5.0506e-06
1250 225 2.25413e-05
1275 225 4.03476e-05
1300 225 5.42207e-05
1325 225 5.99939e-05
1350 225 5.58529e-05
1375 225 4.37705e-05
1400 225 2.86398e-05
1425 225 1.54556e-05
1450 225 6.78146e-06
1475 225 2.38281e-06
1500 225 6.60307e-07
1525 225 1.4219e-07
1550 225 2.34675e-08
1575 225 2.93194e-09
1600 225 2.74349e-10
1625 225 1.90599e-11
1650 225 9.76554e-13
1675 225 3.67277e-14
1700 225 1.01111e-15
1725 225 2.03537e-17
1750 225 2.99705e-19
1775 225 3.23344e-21
1800 225 2.56267e-23
1825 225 1.49712e-25
1850 225 6.47267e-28
1875 225 2.08005e-30
1900 225 4.99171e-33
1925 225 8.98861e-36
1950 225 1.22045e-38
1975 225 1.25556e-41
2000 225 9.83411e-45
2025 225 5.8919e-48
2050 225 2.71261e-51
2075 225 9.63956e-55
2100 225 2.65535e-58
2125 225 5.69331e-62
2150 225 9.53892e-66
2175 225 1.2536e-69
2200 225 1.29691e-73
2225 225 1.05984e-77
2250 225 6.8639e-82
2275 225 3.53385e-86
2300 225 1.45064e-90
2325 225 4.76123e-95
2350 225 1.25282e-99
2375 225 2.64952e-104
2400 225 4.51435e-109
2425 225 6.21097e-114
2450 225 6.91507e-119
2475 225 6.243e-124
2500 225 4.57919e-129
2525 225 2.73386e-134
2550 225 1.33078e-139
2575 225 5.29044e-145
2600 225 1.72029e-150
2625 225 4.58213e-156
2650 225 1.00113e-161
2675 225 1.79652e-167
2700 225 2.65108e-173
2725 225 3.22079e-179
2750 225 3.22495e-185
2775 225 2.66406e-191
2800 225 1.81736e-197
2825 225 1.02471e-203
2850 225 4.77959e-210
2875 225 1.84564e-216
2900 225 5.90454e-223
2925 225 1.56605e-229
2950 225 3.44569e-236
2975 225 6.29298e-243
0 250 0
25 250 4.53297e-39
50 250 3.78053e-36
75 250 2.37946e-33
100 250 1.12431e-30
125 250 3.96727e-28
150 250 1.03998e-25
175 250 2.01501e-23
200 250 2.87172e-21
225 250 2.99705e-19
250 250 2.2817e-17
275 250 1.2633e-15
300 250 5.07641e-14
325 250 1.47945e-12
350 250 3.12968e-11
375 250 4.81851e-10
400 250 5.42443e-09
425 250 4.49522e-08
450 250 2.76647e-07
475 250 1.27796e-06
500 250 4.4856e-06
525 250 1.21215e-05
550 250 2.55568e-05
575 250 4.25572e-05
600 250 5.6471e-05
625 250 5.97662e-05
650 250 4.94498e-05
675 250 2.91669e-05
700 250 6.29749e-06
725 250 -1.26933e-05
750 250 -2.48622e-05
775 250 -3.05258e-05
800 250 -3.16153e-05
825 250 -3.02124e-05
850 250 -2.78491e-05
875 250 -2.54131e-05
900 250 -2.33173e-05
925 250 -2.1702e-05
950 250 -2.05811e-05
975 250 -1.99273e-05
1000 250 -1.9713e-05
1025 250 -1.99273e-05
1050 250 -2.05811e-05
1075 250 -2.1702e-05
1100 250 -2.33173e-05
1125 250 -2.54131e-05
1150 250 -2.78491e-05
1175 250 -3.02124e-05
1200 250 -3.16153e-05
1225 250 -3.05258e-05
1250 250 -2.48622e-05
1275 250 -1.26933e-05
1300 250 6.29749e-06
1325 250 2.91669e-05
1350 250 4.94498e-05
1375 250 5.97662e-05
1400 250 5.6471e-05
1425 250 4.25572e-05
1450 250 2.55568e-05
1475 250 1.21215e-05
1500 250 4.4856e-06
1525 250 1.27796e-06
1550 250 2.76647e-07
1575 250 4.49522e-08
1600 250 5.42443e-09
1625 250 4.81851e-10
1650 250 3.12968e-11
1675 250 1.47945e-12
1700 250 5.07641e-14
1725 250 1.2633e-15
1750 250 2.2817e-17
1775 250 2.99705e-19
1800 250 2.87172e-21
1825 250 2.01501e-23
1850 250 1.03998e-25
1875 250 3.96727e-28
1900 250 1.12431e-30
1925 250 2.37946e-33
1950 250 3.78053e-36
1975 250 4.53298e-39
2000 250 4.12293e-42
2025 250 2.85893e-45
2050 250 1.51877e-48
2075 250 6.21034e-52
2100 250 1.96353e-55
2125 250 4.82108e-59
2150 250 9.2307e-63
2175 250 1.38366e-66
2200 250 1.62993e-70
2225 250 1.5143e-74
2250 250 1.11338e-78
2275 250 6.49933e-83
2300 250 3.02156e-87
2325 250 1.12202e-91
2350 250 3.33716e-96
2375 250 7.97089e-101
2400 250 1.53275e-105
2425 250 2.37844e-110
2450 250 2.985e-115
2475 250 3.0363e-120
2500 250 2.5082e-125
2525 250 1.68586e-130
2550 250 9.23625e-136
2575 250 4.13165e-141
2600 250 1.51146e-146
2625 250 4.5287e-152
2650 250 1.11293e-157
2675 250 2.24629e-163
2700 250 3.72832e-169
2725 250 5.09484e-175
2750 250 5.73853e-181
2775 250 5.33314e-187
2800 250 4.09359e-193
2825 250 2.59757e-199
2850 250 1.36379e-205
2875 250 5.92925e-212
2900 250 2.13623e-218
2925 250 6.38266e-225
2950 250 1.5825e-231
2975 250 3.2579e-238
0 275 0
25 275 1.2392e-36
50 275 8.84681e-34
75 275 4.74556e-31
100 275 1.9019e-28
125 275 5.66236e-26
150 275 1.24518e-23
175 275 2.0112e-21
200 275 2.3731e-19
225 275 2.03537e-17
250 275 1.2633e-15
275 275 5.65363e-14
300 275 1.81967e-12
325 275 4.20705e-11
350 275 6.98968e-10
375 275 8.36429e-09
400 275 7.24059e-08
425 275 4.5633e-07
450 275 2.11138e-06
475 275 7.24289e-06
500 275 1.86168e-05
525 275 3.62095e-05
550 275 5.36346e-05
575 275 6.0299e-05
600 275 4.98285e-05
625 275 2.60399e-05
650 275 -3.4197e-07
675 275 -1.99479e-05
700 275 -2.95868e-05
725 275 -3.12272e-05
750 275 -2.85518e-05
775 275 -2.45177e-05
800 275 -2.0705e-05
825 275 -1.76592e-05
850 275 -1.5406e-05
875 275 -1.37975e-05
900 275 -1.26713e-05
925 275 -1.19013e-05
950 275 -1.14022e-05
975 275 -1.11214e-05
1000 275 -1.10307e-05
1025 275 -1.11214e-05
1050 275 -1.14022e-05
1075 275 -1.19013e-05
1100 275 -1.26713e-05
1125 275 -1.37975e-05
1150 275 -1.5406e-05
1175 275 -1.76592e-05
1200 275 -2.0705e-05
1225 275 -2.45177e-05
1250 275 -2.85518e-05
1275 275 -3.12272e-05
1300 275 -2.95868e-05
1325 275 -1.99479e-05
1350 275 -3.4197e-07
1375 275 2.60399e-05
1400 275 4.98285e-05
1425 275 6.0299e-05
1450 275 5.36346e-05
1475 275 3.62095e-05
1500 275 1.86168e-05
1525 275 7.24289e-06
1550 275 2.11138e-06
1575 275 4.5633e-07
1600 275 7.24059e-08
1625 275 8.36429e-09
1650 275 6.98968e-10
1675 275 4.20705e-11
1700 275 1.81967e-12
1725 275 5.65363e-14
1750 275 1.2633e-15
1775 275 2.03537e-17
1800 275 2.3731e-19
1825 275 2.0112e-21
1850 275 1.24518e-23
1875 275 5.66236e-26
1900 275 1.9019e-28
1925 275 4.74556e-31
1950 275 8.84681e-34
1975 275 1.2392e-36
2000 275 1.31148e-39
2025 275 1.05434e-42
2050 275 6.47236e-46
2075 275 3.04916e-49
2100 275 1.10769e-52
2125 275 3.11722e-56
2150 275 6.82543e-60
2175 275 1.16766e-63
2200 275 1.56692e-67
2225 275 1.65562e-71
2250 275 1.38232e-75
2275 275 9.15086e-80
2300 275 4.8186e-84
2325 275 2.02446e-88
2350 275 6.8058e-93
2375 275 1.83578e-97
2400 275 3.98342e-102
2425 275 6.97032e-107
2450 275 9.85861e-112
2475 275 1.12953e-116
2500 275 1.05052e-121
2525 275 7.94657e-127
2550 275 4.89818e-132
2575 275 2.4645e-137
2600 275 1.01386e-142
2625 275 3.41556e-148
2650 275 9.43669e-154
2675 275 2.14118e-159
2700 275 3.99514e-165
2725 275 6.13747e-171
2750 275 7.77191e-177
2775 275 8.12121e-183
2800 275 7.00988e-189
2825 275 5.00282e-195
2850 275 2.95476e-201
2875 275 1.44543e-207
2900 275 5.86108e-214
2925 275 1.97144e-220
2950 275 5.50441e-227
2975 275 1.27653e-233
0 300 0
25 300 2.56216e-34
50 300 1.56223e-31
75 300 7.12308e-29
100 300 2.41383e-26
125 300 6.04146e-24
150 300 1.10978e-21
175 300 1.48688e-19
200 300 1.44419e-17
225 300 1.01111e-15
250 300 5.07641e-14
275 300 1.81967e-12
300 300 4.64168e-11
325 300 8.40931e-10
350 300 1.08174e-08
375 300 9.8959e-08
400 300 6.46108e-07
425 300 3.02706e-06
450 300 1.02455e-05
475 300 2.52266e-05
500 300 4.53963e-05
525 300 5.95058e-05
550 300 5.52238e-05
575 300 3.18634e-05
600 300 1.92165e-06
625 300 -2.05888e-05
650 300 -3.02991e-05
675 300 -3.01792e-05
700 300 -2.56799e-05
725 300 -2.06285e-05
750 300 -1.65698e-05
775 300 -1.36942e-05
800 300 -1.17319e-05
825 300 -1.03839e-05
850 300 -9.43686e-06
875 300 -8.75861e-06
900 300 -8.27055e-06
925 300 -7.92568e-06
950 300 -7.69561e-06
975 300 -7.5635e-06
1000 300 -7.5204e-06
1025 300 -7.5635e-06
1050 300 -7.69561e-06
1075 300 -7.92568e-06
1100 300 -8.27055e-06
1125 300 -8.75861e-06
1150 300 -9.43686e-06
1175 300 -1.03839e-05
1200 300 -1.17319e-05
1225 300 -1.36942e-05
1250 300 -1.65698e-05
1275 300 -2.06285e-05
1300 300 -2.56799e-05
1325 300 -3.01792e-05
1350 300 -3.02991e-05
1375 300 -2.05888e-05
1400 300 1.92165e-06
1425 300 3.18634e-05
1450 300 5.52238e-05
1475 300 5.95058e-05
1500 300 4.53963e-05
1525 300 2.52266e-05
1550 300 1.02455e-05
1575 300 3.02706e-06
1600 300 6.46108e-07
1625 300 9.8959e-08
1650 300 1.08174e-08
1675 300 8.40931e-10
1700 300 4.64168e-11
1725 300 1.81967e-12
1750 300 5.07641e-14
1775 300 1.01111e-15
1800 300 1.44419e-17
1825 300 1.48688e-19
1850 300 1.10978e-21
1875 300 6.04146e-24
1900 300 2.41383e-26
1925 300 7.12308e-29
1950 300 1.56223e-31
1975 300 2.56216e-34
2000 300 3.16123e-37
2025 300 2.95126e-40
2050 300 2.09642e-43
2075 300 1.13917e-46
2100 300 4.75943e-50
2125 300 1.53634e-53
2150 300 3.8494e-57
2175 300 7.51942e-61
2200 300 1.14993e-64
2225 300 1.38219e-68
2250 300 1.31071e-72
2275 300 9.84068e-77
2300 300 5.86929e-81
2325 300 2.78977e-85
2350 300 1.05993e-89
2375 300 3.22816e-94
2400 300 7.90255e-99
2425 300 1.55891e-103
2450 300 2.48404e-108
2475 300 3.20459e-113
2500 300 3.35425e-118
2525 300 2.85437e-123
2550 300 1.97857e-128
2575 300 1.11919e-133
2600 300 5.17503e-139
2625 300 1.95921e-144
2650 300 6.08227e-150
2675 300 1.55058e-155
2700 300 3.25051e-161
2725 300 5.61037e-167
2750 300 7.9824e-173
2775 300 9.37274e-179
2800 300 9.09179e-185
2825 300 7.2931e-191
2850 300 4.84238e-197
2875 300 2.66358e-203
2900 300 1.21475e-209
2925 300 4.59671e-216
2950 300 1.44429e-222
2975 300 3.77048e-229
0 325 0
25 325 4.00467e-32
50 325 2.08098e-29
75 325 8.04467e-27
100 325 2.29814e-24
125 325 4.8182e-22
150 325 7.36212e-20
175 325 8.14132e-18
200 325 6.4711e-16
225 325 3.67277e-14
250 325 1.47945e-12
275 325 4.20705e-11
300 325 8.40931e-10
325 325 1.17804e-08
350 325 1.15498e-07
375 325 7.92795e-07
400 325 3.81748e-06
425 325 1.29335e-05
450 325 3.09043e-05
475 325 5.19673e-05
500 325 6.04069e-05
525 325 4.50057e-05
550 325 1.33985e-05
575 325 -1.53296e-05
600 325 -2.93296e-05
625 325 -3.00956e-05
650 325 -2.48914e-05
675 325 -1.91459e-05
700 325 -1.48257e-05
725 325 -1.19635e-05
750 325 -1.00955e-05
775 325 -8.83144e-06
800 325 -7.93576e-06
825 325 -7.27819e-06
850 325 -6.78541e-06
875 325 -6.41384e-06
900 325 -6.13616e-06
925 325 -5.93468e-06
950 325 -5.79784e-06
975 325 -5.71839e-06
1000 325 -5.69233e-06
1025 325 -5.71839e-06
1050 325 -5.79784e-06
1075 325 -5.93468e-06
1100 325 -6.13616e-06
1125 325 -6.41384e-06
1150 325 -6.78541e-06
1175 325 -7.27819e-06
1200 325 -7.93576e-06
1225 325 -8.83144e-06
1250 325 -1.00955e-05
1275 325 -1.19635e-05
1300 325 -1.48257e-05
1325 325 -1.91459e-05
1350 325 -2.48914e-05
1375 325 -3.00956e-05
1400 325 -2.93296e-05
1425 325 -1.53296e-05
1450 325 1.33985e-05
1475 325 4.50057e-05
1500 325 6.04069e-05
1525 325 5.19673e-05
1550 325 3.09043e-05
1575 325 1.29335e-05
1600 325 3.81748e-06
1625 325 7.92795e-07
1650 325 1.15498e-07
1675 325 1.17804e-08
1700 325 8.40931e-10
1725 325 4.20705e-11
1750 325 1.47945e-12
1775 325 3.67277e-14
1800 325 6.4711e-16
1825 325 8.14132e-18
1850 325 7.36212e-20
1875 325 4.8182e-22
1900 325 2.29814e-24
1925 325 8.04467e-27
1950 325 2.08098e-29
1975 325 4.00467e-32
2000 325 5.77065e-35
2025 325 6.26547e-38
2050 325 5.15642e-41
2075 325 3.23511e-44
2100 325 1.55573e-47
2125 325 5.76402e-51
2150 325 1.65344e-54
2175 325 3.68926e-58
2200 325 6.43108e-62
2225 325 8.79483e-66
2250 325 9.47278e-70
2275 325 8.0658e-74
2300 325 5.44833e-78
2325 325 2.92932e-82
2350 325 1.25754e-86
2375 325 4.32326e-91
2400 325 1.19359e-95
2425 325 2.65342e-100
2450 325 4.76149e-105
2475 325 6.91347e-110
2500 325 8.14016e-115
2525 325 7.78875e-120
2550 325 6.06826e-125
2575 325 3.8569e-130
2600 325 2.00336e-135
2625 325 8.51827e-141
2650 325 2.96961e-146
2675 325 8.50058e-152
2700 325 2.00081e-157
2725 325 3.87742e-163
2750 325 6.19437e-169
2775 325 8.16722e-175
2800 325 8.8971e-181
2825 325 8.01614e-187
2850 325 5.97918e-193
2875 325 3.69546e-199
2900 325 1.89413e-205
2925 325 8.0576e-212
2950 325 2.84692e-218
2975 325 8.36009e-225
0 350 0
25 350 4.73322e-30
50 350 2.09207e-27
75 350 6.84085e-25
100 350 1.64275e-22
125 350 2.87519e-20
150 350 3.63935e-18
175 350 3.30547e-16
200 350 2.13745e-14
225 350 9.76554e-13
250 350 3.12968e-11
275 350 6.98968e-10
300 350 1.08174e-08
325 350 1.15498e-07
350 350 8.48163e-07
375 350 4.27614e-06
400 350 1.47823e-05
425 350 3.49399e-05
450 350 5.58883e-05
475 350 5.83177e-05
500 350 3.39758e-05
525 350 -1.11374e-06
550 350 -2.48363e-05
575 350 -3.07515e-05
600 350 -2.62575e-05
625 350 -1.97103e-05
650 350 -1.46916e-05
675 350 -1.14838e-05
700 350 -9.47062e-06
725 350 -8.13956e-06
750 350 -7.20382e-06
775 350 -6.51531e-06
800 350 -5.99387e-06
825 350 -5.59242e-06
850 350 -5.28133e-06
875 350 -5.04104e-06
900 350 -4.85828e-06
925 350 -4.72396e-06
950 350 -4.63192e-06
975 350 -4.57818e-06
1000 350 -4.5605e-06
1025 350 -4.57818e-06
1050 350 -4.63192e-06
1075 350 -4.72396e-06
1100 350 -4.85828e-06
1125 350 -5.04104e-06
1150 350 -5.28133e-06
1175 350 -5.59242e-06
1200 350 -5.99387e-06
1225 350 -6.51531e-06
1250 350 -7.20382e-06
1275 350 -8.13956e-06
1300 350 -9.47062e-06
1325 350 -1.14838e-05
1350 350 -1.46916e-05
1375 350 -1.97103e-05
1400 350 -2.62575e-05
1425 350 -3.07515e-05
1450 350 -2.48363e-05
1475 350 -1.11374e-06
1500 350 3.39758e-05
1525 350 5.83177e-05
1550 350 5.58883e-05
1575 350 3.49399e-05
1600 350 1.47823e-05
1625 350 4.27614e-06
1650 350 8.48163e-07
1675 350 1.15498e-07
1700 350 1.08174e-08
1725 350 6.98968e-10
1750 350 3.12968e-11
1775 350 9.76554e-13
1800 350 2.13745e-14
1825 350 3.30547e-16
1850 350 3.63935e-18
1875 350 2.87519e-20
1900 350 1.64275e-22
1925 350 6.84085e-25
1950 350 2.09207e-27
1975 350 4.73323e-30
2000 350 7.97839e-33
2025 350 1.00875e-35
2050 350 9.6283e-39
2075 350 6.98028e-42
2100 350 3.86604e-45
2125 350 1.6448e-48
2150 350 5.40342e-52
2175 350 1.3774e-55
2200 350 2.73712e-59
2225 350 4.25867e-63
2250 350 5.20942e-67
2275 350 5.02957e-71
2300 350 3.84675e-75
2325 350 2.33876e-79
2350 350 1.13403e-83
2375 350 4.39898e-88
2400 350 1.3691e-92
2425 350 3.42822e-97
2450 350 6.92436e-102
2475 350 1.13092e-106
2500 350 1.49703e-111
2525 350 1.60962e-116
2550 350 1.40865e-121
2575 350 1.00535e-126
2600 350 5.86219e-132
2625 350 2.79757e-137
2650 350 1.09443e-142
2675 350 3.51521e-148
2700 350 9.28312e-154
2725 350 2.01841e-159
2750 350 3.61786e-165
2775 350 5.35235e-171
2800 350 6.54303e-177
2825 350 6.6163e-183
2850 350 5.53967e-189
2875 350 3.84405e-195
2900 350 2.21263e-201
2925 350 1.05729e-207
2950 350 4.19737e-214
2975 350 1.38535e-220
0 375 0
25 375 4.23555e-28
50 375 1.58973e-25
75 375 4.38776e-23
100 375 8.83433e-21
125 375 1.2867e-18
150 375 1.34396e-16
175 375 9.97823e-15
200 375 5.21898e-13
225 375 1.90599e-11
250 375 4.81851e-10
275 375 8.36429e-09
300 375 9.8959e-08
325 375 7.92795e-07
350 375 4.27614e-06
375 375 1.54392e-05
400 375 3.70049e-05
425 375 5.77882e-05
450 375 5.55229e-05
475 375 2.50218e-05
500 375 -1.06998e-05
525 375 -2.89762e-05
550 375 -2.9186e-05
575 375 -2.23688e-05
600 375 -1.607e-05
625 375 -1.19994e-05
650 375 -9.54989e-06
675 375 -7.99897e-06
700 375 -6.93925e-06
725 375 -6.17168e-06
750 375 -5.59427e-06
775 375 -5.14925e-06
800 375 -4.80105e-06
825 375 -4.52646e-06
850 375 -4.30976e-06
875 375 -4.14001e-06
900 375 -4.00952e-06
925 375 -3.91283e-06
950 375 -3.8462e-06
975 375 -3.80715e-06
1000 375 -3.79429e-06
1025 375 -3.80715e-06
1050 375 -3.8462e-06
1075 375 -3.91283e-06
1100 375 -4.00952e-06
1125 375 -4.14001e-06
1150 375 -4.30976e-06
1175 375 -4.52646e-06
1200 375 -4.80105e-06
1225 375 -5.14925e-06
1250 375 -5.59427e-06
1275 375 -6.17168e-06
1300 375 -6.93925e-06
1325 375 -7.99897e-06
1350 375 -9.54989e-06
1375 375 -1.19994e-05
1400 375 -1.607e-05
1425 375 -2.23688e-05
1450 375 -2.9186e-05
1475 375 -2.89762e-05
1500 375 -1.06998e-05
1525 375 2.50218e-05
1550 375 5.55229e-05
1575 375 5.77882e-05
1600 375 3.70049e-05
1625 375 1.54392e-05
1650 375 4.27614e-06
1675 375 7.92795e-07
1700 375 9.8959e-08
1725 375 8.36429e-09
1750 375 4.81851e-10
1775 375 1.90599e-11
1800 375 5.21898e-13
1825 375 9.97823e-15
1850 375 1.34396e-16
1875 375 1.2867e-18
1900 375 8.83433e-21
1925 375 4.38776e-23
1950 375 1.58973e-25
1975 375 4.23556e-28
2000 375 8.36264e-31
2025 375 1.23252e-33
2050 375 1.36543e-36
2075 375 1.14451e-39
2100 375 7.30341e-43
2125 375 3.56883e-46
2150 375 1.34279e-49
2175 375 3.91042e-53
2200 375 8.85713e-57
2225 375 1.56752e-60
2250 375 2.17702e-64
2275 375 2.38241e-68
2300 375 2.06226e-72
2325 375 1.41714e-76
2350 375 7.75729e-81
2375 375 3.39336e-85
2400 375 1.18985e-89
2425 375 3.35378e-94
2450 375 7.61958e-99
2475 375 1.39889e-103
2500 375 2.08036e-108
2525 375 2.51172e-113
2550 375 2.46725e-118
2575 375 1.97577e-123
2600 375 1.2923e-128
2625 375 6.91625e-134
2650 375 3.03383e-139
2675 375 1.09248e-144
2700 375 3.23433e-150
2725 375 7.88349e-156
2750 375 1.58412e-161
2775 375 2.62743e-167
2800 375 3.60129e-173
2825 375 4.0836e-179
2850 375 3.8347e-185
2875 375 2.98499e-191
2900 375 1.92782e-197
2925 375 1.03387e-203
2950 375 4.60771e-210
2975 375 1.7078e-216
0 400 0
25 400 2.87612e-26
50 400 9.15466e-24
75 400 2.12911e-21
100 400 3.58622e-19
125 400 4.33432e-17
150 400 3.72256e-15
175 400 2.24924e-13
200 400 9.46303e-12
225 400 2.74349e-10
250 400 5.42443e-09
275 400 7.24059e-08
300 400 6.46108e-07
325 400 3.81748e-06
350 400 1.47823e-05
375 400 3.70049e-05
400 400 5.83317e-05
425 400 5.37088e-05
450 400 1.94274e-05
475 400 -1.61582e-05
500 400 -3.03217e-05
525 400 -2.70888e-05
550 400 -1.94679e-05
575 400 -1.37537e-05
600 400 -1.03701e-05
625 400 -8.35853e-06
650 400 -7.05565e-06
675 400 -6.14382e-06
700 400 -5.47213e-06
725 400 -4.96063e-06
750 400 -4.56227e-06
775 400 -4.2473e-06
800 400 -3.99599e-06
825 400 -3.79475e-06
850 400 -3.63401e-06
875 400 -3.50688e-06
900 400 -3.40843e-06
925 400 -3.33507e-06
950 400 -3.2843e-06
975 400 -3.25447e-06
1000 400 -3.24463e-06
1025 400 -3.25447e-06
1050 400 -3.2843e-06
1075 400 -3.33507e-06
1100 400 -3.40843e-06
1125 400 -3.50688e-06
1150 400 -3.63401e-06
1175 400 -3.79475e-06
1200 400 -3.99599e-06
1225 400 -4.2473e-06
1250 400 -4.56227e-06
1275 400 -4.96063e-06
1300 400 -5.47213e-06
1325 400 -6.14382e-06
1350 400 -7.05565e-06
1375 400 -8.35853e-06
1400 400 -1.03701e-05
1425 400 -1.37537e-05
1450 400 -1.94679e-05
1475 400 -2.70888e-05
1500 400 -3.03217e-05
1525 400 -1.61582e-05
1550 400 1.94274e-05
1575 400 5.37088e-05
1600 400 5.83317e-05
1625 400 3.70049e-05
1650 400 1.47823e-05
1675 400 3.81748e-06
1700 400 6.46108e-07
1725 400 7.24059e-08
1750 400 5.42443e-09
1775 400 2.74349e-10
1800 400 9.46303e-12
1825 400 2.24924e-13
1850 400 3.72256e-15
1875 400 4.33432e-17
1900 400 3.58622e-19
1925 400 2.12911e-21
1950 400 9.15466e-24
1975 400 2.87613e-26
2000 400 6.6579e-29
2025 400 1.14464e-31
2050 400 1.47249e-34
2075 400 1.42736e-37
2100 400 1.04951e-40
2125 400 5.88993e-44
2150 400 2.53769e-47
2175 400 8.44017e-51
2200 400 2.17814e-54
2225 400 4.38273e-58
2250 400 6.90719e-62
